0	5.000097335571604e+25
1	5.0000690287941185e+25
2	5.00004895414409e+25
3	5.000034717542177e+25
4	5.000024621171837e+25
5	5.000017460980809e+25
6	5.0000123830797605e+25
7	5.000008781906122e+25
8	5.000006228005253e+25
9	5.000004416814835e+25
10	5.0000031323439604e+25
11	5.000002221415101e+25
12	5.0000015753969825e+25
13	5.000001117249862e+25
14	5.000000792338242e+25
15	5.000000561915395e+25
16	5.000000398502682e+25
17	5.0000002826126305e+25
18	5.000000200424999e+25
19	5.000000142138659e+25
20	5.0000001008027865e+25
21	5.000000071487953e+25
22	5.000000050698276e+25
23	5.000000035954522e+25
24	5.000000025498454e+25
25	5.0000000180831534e+25
26	5.000000012824324e+25
27	5.000000009094835e+25
28	5.000000006449932e+25
29	5.000000004574204e+25
30	5.000000003243962e+25
31	5.000000002300574e+25
32	5.0000000016315355e+25
33	5.000000001157063e+25
34	5.000000000820573e+25
35	5.000000000581939e+25
36	5.000000000412704e+25
37	5.000000000292683e+25
38	5.000000000207567e+25
39	5.000000000147204e+25
40	5.0000000001043954e+25
41	5.000000000074036e+25
42	5.000000000052505e+25
43	5.000000000037236e+25
44	5.000000000026407e+25
45	5.000000000018728e+25
46	5.000000000013281e+25
47	5.000000000009419e+25
48	5.00000000000668e+25
49	5.000000000004738e+25
50	5.00000000000336e+25
51	5.000000000002383e+25
52	5.00000000000169e+25
53	5.0000000000011985e+25
54	5.00000000000085e+25
55	5.000000000000603e+25
56	5.000000000000428e+25
57	5.0000000000003035e+25
58	5.000000000000215e+25
59	5.000000000000152e+25
60	5.0000000000001085e+25
61	5.000000000000077e+25
62	5.000000000000054e+25
63	5.000000000000039e+25
64	5.000000000000028e+25
65	5.00000000000002e+25
66	5.000000000000014e+25
67	5.00000000000001e+25
68	5.000000000000007e+25
69	5.000000000000005e+25
70	5.000000000000004e+25
71	5.000000000000003e+25
72	5.000000000000002e+25
73	5.000000000000001e+25
74	5.000000000000001e+25
75	5.000000000000001e+25
76	5.000000000000001e+25
77	5e+25
78	5e+25
79	5e+25
80	5e+25
81	5e+25
82	5e+25
83	5e+25
84	5e+25
85	5e+25
86	5e+25
87	5e+25
88	5e+25
89	5e+25
90	5e+25
91	5e+25
92	5e+25
93	4.999999999999999e+25
94	4.999999999999999e+25
95	4.999999999999999e+25
96	4.9999999999999985e+25
97	4.9999999999999985e+25
98	4.999999999999998e+25
99	4.999999999999996e+25
100	4.999999999999994e+25
101	4.9999999999999925e+25
102	4.999999999999989e+25
103	4.999999999999984e+25
104	4.999999999999978e+25
105	4.9999999999999685e+25
106	4.999999999999956e+25
107	4.9999999999999375e+25
108	4.999999999999912e+25
109	4.999999999999875e+25
110	4.999999999999824e+25
111	4.999999999999752e+25
112	4.99999999999965e+25
113	4.999999999999506e+25
114	4.999999999999304e+25
115	4.9999999999990175e+25
116	4.999999999998615e+25
117	4.999999999998046e+25
118	4.999999999997245e+25
119	4.999999999996115e+25
120	4.9999999999945224e+25
121	4.999999999992275e+25
122	4.999999999989108e+25
123	4.9999999999846414e+25
124	4.999999999978343e+25
125	4.999999999969463e+25
126	4.999999999956941e+25
127	4.999999999939282e+25
128	4.999999999914384e+25
129	4.9999999998792764e+25
130	4.999999999829772e+25
131	4.9999999997599665e+25
132	4.999999999661536e+25
133	4.9999999995227435e+25
134	4.999999999327036e+25
135	4.999999999051076e+25
136	4.999999998661954e+25
137	4.999999998113265e+25
138	4.999999997339578e+25
139	4.999999996248627e+25
140	4.999999994710313e+25
141	4.999999992541189e+25
142	4.999999989482578e+25
143	4.999999985169733e+25
144	4.999999979088334e+25
145	4.999999970513154e+25
146	4.999999958421579e+25
147	4.9999999413716505e+25
148	4.999999917330113e+25
149	4.9999998834299415e+25
150	4.999999835628436e+25
151	4.999999768225125e+25
152	4.999999673181958e+25
153	4.9999995391647506e+25
154	4.999999350191551e+25
155	4.99999908372674e+25
156	4.9999987079936e+25
157	4.999998178184853e+25
158	4.999997431119277e+25
159	4.999996377707194e+25
160	4.999994892326332e+25
161	4.999992797841148e+25
162	4.999989844479185e+25
163	4.9999856800455755e+25
164	4.999979807923964e+25
165	4.999971527855962e+25
166	4.999959852438096e+25
167	4.999943389380667e+25
168	4.999920175492304e+25
169	4.99988744260187e+25
170	4.999841287522062e+25
171	4.9997762067344185e+25
172	4.999684440380119e+25
173	4.999555047473875e+25
174	4.999372602352313e+25
175	4.999115357490711e+25
176	4.998752654763903e+25
177	4.998241278752736e+25
178	4.997520321819788e+25
179	4.996503957743583e+25
180	4.995071280306357e+25
181	4.993052031106907e+25
182	4.990206586111965e+25
183	4.986197956014634e+25
184	4.9805527418789e+25
185	4.972606944082409e+25
186	4.9614312539619366e+25
187	4.945729062084823e+25
188	4.923699204448989e+25
189	4.892855185560131e+25
190	4.849794857416573e+25
191	4.7899224030092595e+25
192	4.707143536840704e+25
193	4.5935940022168224e+25
194	4.4395324571018926e+25
195	4.233640694202866e+25
196	3.964114985437322e+25
197	3.6210295599128163e+25
198	3.2003170553325692e+25
199	2.7090280572875218e+25
200	2.170089622041243e+25
201	1.6230912558830876e+25
202	1.262177677679194e+25
203	1.0114530063985779e+25
204	8.3014468740732e+24
205	6.947487548320321e+24
206	5.909375101061568e+24
207	5.095711427279597e+24
208	4.445953148076603e+24
209	3.9186995989924385e+24
210	3.484859451453326e+24
211	3.1235037761664156e+24
212	2.8192626393641683e+24
213	2.560641736190778e+24
214	2.3389052965829614e+24
215	2.1473175189483982e+24
216	1.9806167733915152e+24
217	1.8346443605387582e+24
218	1.706077988772394e+24
219	1.5922375128779768e+24
220	1.4909413735407514e+24
221	1.400399154874387e+24
222	1.3191302326799422e+24
223	1.245901513354694e+24
224	1.1796793080061345e+24
225	1.1195917881898935e+24
226	1.0648994442950898e+24
227	1.0149716539607887e+24
228	9.692679571105264e+23
229	9.273229868001286e+23
230	8.887342619051439e+23
231	8.531522365909384e+23
232	8.202721417584557e+23
233	7.898272586876682e+23
234	7.61583344401075e+23
235	7.353339886092678e+23
236	7.10896728350593e+23
237	6.88109782134225e+23
238	6.668292931303875e+23
239	6.469269926345592e+23
240	6.28288212085848e+23
241	6.108101854081881e+23
242	5.9440059416967074e+23
243	5.789763166298737e+23
244	5.644623486331932e+23
245	5.507908698658107e+23
246	5.379004335016159e+23
247	5.257352609330918e+23
248	5.1424462628473194e+23
249	5.033823178708076e+23
250	4.931061657902057e+23
251	4.83377626531024e+23
252	4.7416141685222384e+23
253	4.65425190371354e+23
254	4.571392512582619e+23
255	4.492763002487356e+23
256	4.418112088766191e+23
257	4.347208184004097e+23
258	4.27983760388842e+23
259	4.2158029634435395e+23
260	4.154921740957932e+23
261	4.097024989923064e+23
262	4.041956181873347e+23
263	3.989570165218834e+23
264	3.939732227054459e+23
265	3.892317246558826e+23
266	3.847208930001614e+23
267	3.804299118594767e+23
268	3.7634871614766356e+23
269	3.724679347033751e+23
270	3.687788386561614e+23
271	3.652732944960712e+23
272	3.619437213771013e+23
273	3.587830522379601e+23
274	3.557846983702238e+23
275	3.529425171049116e+23
276	3.502507823245637e+23
277	3.4770415753969365e+23
278	3.4529767129657935e+23
279	3.430266947082195e+23
280	3.408869209223277e+23
281	3.388743463598245e+23
282	3.369852535747233e+23
283	3.3521619560185244e+23
284	3.335639816727568e+23
285	3.320256641925649e+23
286	3.305985268817821e+23
287	3.292800739970253e+23
288	3.28068020553782e+23
289	3.2696028348248874e+23
290	3.259549736566673e+23
291	3.250503887386456e+23
292	3.242450067945879e+23
293	3.23537480636254e+23
294	3.229266328521556e+23
295	3.224114514956462e+23
296	3.2199108640201784e+23
297	3.216648461109357e+23
298	3.214321953745613e+23
299	3.212927532355462e+23
300	3.2124629166274657e+23
301	3.212927347360666e+23
302	3.214321583753063e+23
303	3.216647906113119e+23
304	3.219910124011319e+23
305	3.224113589923002e+23
306	3.2292652184484186e+23
307	3.235373511231477e+23
308	3.242448587735386e+23
309	3.250502222071675e+23
310	3.2595478861192757e+23
311	3.269600799212947e+23
312	3.280677984725665e+23
313	3.292798333918305e+23
314	3.305982677482422e+23
315	3.320253865258864e+23
316	3.3356368546769774e+23
317	3.3521588085269934e+23
318	3.3698492027526674e+23
319	3.388739945033328e+23
320	3.408865505015182e+23
321	3.430263057152287e+23
322	3.4529726372292996e+23
323	3.4770373137626066e+23
324	3.502503375615372e+23
325	3.529420537317577e+23
326	3.5578421637564345e+23
327	3.58782551609845e+23
328	3.6194320210248695e+23
329	3.652727565610881e+23
330	3.687782820459823e+23
331	3.724673594021601e+23
332	3.7634812213850146e+23
333	3.804292991243232e+23
334	3.8472026151977406e+23
335	3.892310744097517e+23
336	3.939725536717217e+23
337	3.9895632867729895e+23
338	4.041949115071248e+23
339	4.097017734501218e+23
340	4.1549142966360924e+23
341	4.2157953299237527e+23
342	4.279829780854008e+23
343	4.3472001711185864e+23
344	4.418103885672178e+23
345	4.492754608805304e+23
346	4.57138392790959e+23
347	4.654243127621846e+23
348	4.741605200558016e+23
349	4.8337671049919316e+23
350	4.931052304718809e+23
351	5.033813632118026e+23
352	5.142436522275785e+23
353	5.257342674168462e+23
354	5.378994204616533e+23
355	5.507898372336054e+23
356	5.6446129633608466e+23
357	5.789752445908157e+23
358	5.9439950230696344e+23
359	6.108090736351902e+23
360	6.282870803106683e+23
361	6.469258407597243e+23
362	6.668281210524837e+23
363	6.881085897435117e+23
364	7.108955155305844e+23
365	7.353327552362781e+23
366	7.615820903437244e+23
367	7.898259838063438e+23
368	8.202708459047206e+23
369	8.531509196068827e+23
370	8.887329236226692e+23
371	9.27321627040155e+23
372	9.692665756821101e+23
373	1.0149702506601345e+24
374	1.0648980189044397e+24
375	1.1195903404762694e+24
376	1.1796778377199028e+24
377	1.2459000202279176e+24
378	1.3191287164244701e+24
379	1.40039761517962e+24
380	1.4909398100710024e+24
381	1.5922359252693157e+24
382	1.7060763766288335e+24
383	1.8346427234275764e+24
384	1.9806151108374422e+24
385	2.1473158304262702e+24
386	2.338903581508287e+24
387	2.56063999390739e+24
388	2.8192608691277556e+24
389	3.123501977122045e+24
390	3.484857622604097e+24
391	3.91869773915461e+24
392	4.445951255813562e+24
393	5.095709500801682e+24
394	5.909373138068793e+24
395	6.9474855457458e+24
396	8.301444827645648e+24
397	1.0114527967444259e+25
398	1.2621774620387804e+25
399	1.6230910326250143e+25
400	2.1700893881839727e+25
401	2.709027833378478e+25
402	3.2003168559254707e+25
403	3.621029392144181e+25
404	3.964114850314362e+25
405	4.233640588889847e+25
406	4.43953237699706e+25
407	4.5935939423640145e+25
408	4.707143492695997e+25
409	4.7899223707535955e+25
410	4.849794834006153e+25
411	4.892855168651217e+25
412	4.923699192278133e+25
413	4.945729053346012e+25
414	4.961431247698473e+25
415	4.9726069395988265e+25
416	4.980552738672341e+25
417	4.986197953722885e+25
418	4.99020658447482e+25
419	4.993052029937798e+25
420	4.9950712794716965e+25
421	4.99650395714781e+25
422	4.997520321394594e+25
423	4.998241278449317e+25
424	4.998752654547401e+25
425	4.999115357336241e+25
426	4.999372602242108e+25
427	4.999555047395255e+25
428	4.999684440324034e+25
429	4.999776206694412e+25
430	4.999841287493526e+25
431	4.999887442581515e+25
432	4.999920175477786e+25
433	4.999943389370312e+25
434	4.999959852430711e+25
435	4.999971527850696e+25
436	4.999979807920208e+25
437	4.999985680042897e+25
438	4.999989844477276e+25
439	4.999992797839786e+25
440	4.999994892325361e+25
441	4.9999963777065016e+25
442	4.999997431118783e+25
443	4.999998178184501e+25
444	4.999998707993349e+25
445	4.999999083726561e+25
446	4.999999350191423e+25
447	4.99999953916466e+25
448	4.999999673181892e+25
449	4.9999997682250785e+25
450	4.999999835628404e+25
451	4.999999883429918e+25
452	4.999999917330097e+25
453	4.9999999413716385e+25
454	4.99999995842157e+25
455	4.999999970513148e+25
456	4.999999979088329e+25
457	4.99999998516973e+25
458	4.999999989482576e+25
459	4.999999992541187e+25
460	4.9999999947103125e+25
461	4.999999996248626e+25
462	4.999999997339577e+25
463	4.999999998113265e+25
464	4.999999998661953e+25
465	4.999999999051075e+25
466	4.9999999993270356e+25
467	4.9999999995227435e+25
468	4.999999999661536e+25
469	4.9999999997599665e+25
470	4.999999999829771e+25
471	4.9999999998792764e+25
472	4.999999999914384e+25
473	4.999999999939282e+25
474	4.99999999995694e+25
475	4.999999999969463e+25
476	4.999999999978343e+25
477	4.9999999999846414e+25
478	4.999999999989108e+25
479	4.999999999992275e+25
480	4.9999999999945224e+25
481	4.999999999996115e+25
482	4.999999999997245e+25
483	4.999999999998046e+25
484	4.999999999998615e+25
485	4.9999999999990175e+25
486	4.999999999999304e+25
487	4.999999999999506e+25
488	4.99999999999965e+25
489	4.999999999999752e+25
490	4.999999999999824e+25
491	4.999999999999875e+25
492	4.999999999999912e+25
493	4.9999999999999375e+25
494	4.999999999999956e+25
495	4.9999999999999685e+25
496	4.999999999999978e+25
497	4.999999999999984e+25
498	4.999999999999989e+25
499	4.9999999999999925e+25
500	4.999999999999994e+25
501	4.999999999999996e+25
502	4.999999999999998e+25
503	4.9999999999999985e+25
504	4.9999999999999985e+25
505	4.999999999999999e+25
506	4.999999999999999e+25
507	4.999999999999999e+25
508	5e+25
509	5e+25
510	5e+25
511	5e+25
512	5e+25
513	5e+25
514	5e+25
515	5e+25
516	5e+25
517	5e+25
518	5e+25
519	5e+25
520	5e+25
521	5e+25
522	5e+25
523	5e+25
524	5e+25
525	5e+25
526	5e+25
527	5e+25
528	5e+25
529	5e+25
530	5e+25
531	5e+25
532	5e+25
533	5e+25
534	5e+25
535	5e+25
536	5e+25
537	5e+25
538	5e+25
539	5e+25
540	5e+25
541	5e+25
542	5e+25
543	5e+25
544	5e+25
545	5e+25
546	5e+25
547	5e+25
548	5e+25
549	5e+25
550	5e+25
551	5e+25
552	5e+25
553	5e+25
554	4.999999999999999e+25
555	4.999999999999999e+25
556	4.999999999999999e+25
557	4.9999999999999985e+25
558	4.9999999999999985e+25
559	4.999999999999998e+25
560	4.999999999999996e+25
561	4.999999999999994e+25
562	4.9999999999999925e+25
563	4.999999999999989e+25
564	4.999999999999985e+25
565	4.999999999999978e+25
566	4.999999999999969e+25
567	4.9999999999999564e+25
568	4.999999999999938e+25
569	4.999999999999913e+25
570	4.9999999999998765e+25
571	4.999999999999826e+25
572	4.9999999999997546e+25
573	4.999999999999654e+25
574	4.999999999999512e+25
575	4.999999999999312e+25
576	4.99999999999903e+25
577	4.999999999998632e+25
578	4.999999999998071e+25
579	4.99999999999728e+25
580	4.999999999996165e+25
581	4.999999999994591e+25
582	4.999999999992373e+25
583	4.9999999999892465e+25
584	4.999999999984836e+25
585	4.999999999978618e+25
586	4.9999999999698496e+25
587	4.999999999957486e+25
588	4.999999999940052e+25
589	4.99999999991547e+25
590	4.999999999880806e+25
591	4.99999999983193e+25
592	4.999999999763009e+25
593	4.999999999665827e+25
594	4.999999999528793e+25
595	4.999999999335566e+25
596	4.999999999063105e+25
597	4.999999998678915e+25
598	4.999999998137181e+25
599	4.999999997373301e+25
600	4.999999996296179e+25
601	4.9999999947773655e+25
