0, 6e-10, 4.1517e+23
0, 7e-10, 1.65413e+24
0, 8e-10, 3.69735e+24
0, 9e-10, 6.51259e+24
0, 1e-09, 1.00555e+25
0, 1.1e-09, 1.42701e+25
0, 1.2e-09, 1.909e+25
0, 1.3e-09, 2.44392e+25
0, 1.4e-09, 3.02334e+25
0, 1.5e-09, 3.6381e+25
0, 1.6e-09, 4.27853e+25
0, 1.7e-09, 4.93451e+25
0, 1.8e-09, 5.59571e+25
0, 1.9e-09, 6.25169e+25
0, 2e-09, 6.89212e+25
0, 2.1e-09, 7.50689e+25
0, 2.2e-09, 8.0863e+25
0, 2.3e-09, 8.62122e+25
0, 2.4e-09, 9.10321e+25
0, 2.5e-09, 9.52467e+25
0, 2.6e-09, 9.87896e+25
0, 2.7e-09, 1.01605e+26
0, 2.8e-09, 1.03648e+26
0, 2.9e-09, 1.04887e+26
0, 3e-09, 1.05302e+26
0, 3.1e-09, 1.04887e+26
0, 3.2e-09, 1.03648e+26
0, 3.3e-09, 1.01605e+26
0, 3.4e-09, 9.87896e+25
0, 3.5e-09, 9.52467e+25
0, 3.6e-09, 9.10321e+25
0, 3.7e-09, 8.62122e+25
0, 3.8e-09, 8.0863e+25
0, 3.9e-09, 7.50689e+25
0, 4e-09, 6.89212e+25
0, 4.1e-09, 6.25169e+25
0, 4.2e-09, 5.59571e+25
0, 4.3e-09, 4.93451e+25
0, 4.4e-09, 4.27853e+25
0, 4.5e-09, 3.6381e+25
0, 4.6e-09, 3.02334e+25
0, 4.7e-09, 2.44392e+25
0, 4.8e-09, 1.909e+25
0, 4.9e-09, 1.42701e+25
0, 5e-09, 1.00555e+25
0, 5.1e-09, 6.51259e+24
0, 5.2e-09, 3.69735e+24
0, 5.3e-09, 1.65413e+24
0, 5.4e-09, 4.1517e+23
4e-09, 6e-10, 2.11755e+22
4e-09, 7e-10, 8.43681e+22
4e-09, 8e-10, 1.88581e+23
4e-09, 9e-10, 3.32171e+23
4e-09, 1e-09, 5.12872e+23
4e-09, 1.1e-09, 7.27836e+23
4e-09, 1.2e-09, 9.73672e+23
4e-09, 1.3e-09, 1.2465e+24
4e-09, 1.4e-09, 1.54202e+24
4e-09, 1.5e-09, 1.85558e+24
4e-09, 1.6e-09, 2.18222e+24
4e-09, 1.7e-09, 2.51679e+24
4e-09, 1.8e-09, 2.85402e+24
4e-09, 1.9e-09, 3.1886e+24
4e-09, 2e-09, 3.51524e+24
4e-09, 2.1e-09, 3.82879e+24
4e-09, 2.2e-09, 4.12431e+24
4e-09, 2.3e-09, 4.39713e+24
4e-09, 2.4e-09, 4.64296e+24
4e-09, 2.5e-09, 4.85792e+24
4e-09, 2.6e-09, 5.03862e+24
4e-09, 2.7e-09, 5.18221e+24
4e-09, 2.8e-09, 5.28642e+24
4e-09, 2.9e-09, 5.34961e+24
4e-09, 3e-09, 5.37078e+24
4e-09, 3.1e-09, 5.34961e+24
4e-09, 3.2e-09, 5.28641e+24
4e-09, 3.3e-09, 5.1822e+24
4e-09, 3.4e-09, 5.03861e+24
4e-09, 3.5e-09, 4.85792e+24
4e-09, 3.6e-09, 4.64296e+24
4e-09, 3.7e-09, 4.39712e+24
4e-09, 3.8e-09, 4.1243e+24
4e-09, 3.9e-09, 3.82878e+24
4e-09, 4e-09, 3.51522e+24
4e-09, 4.1e-09, 3.18859e+24
4e-09, 4.2e-09, 2.85401e+24
4e-09, 4.3e-09, 2.51678e+24
4e-09, 4.4e-09, 2.1822e+24
4e-09, 4.5e-09, 1.85557e+24
4e-09, 4.6e-09, 1.54201e+24
4e-09, 4.7e-09, 1.24649e+24
4e-09, 4.8e-09, 9.73665e+23
4e-09, 4.9e-09, 7.27831e+23
4e-09, 5e-09, 5.12868e+23
4e-09, 5.1e-09, 3.32168e+23
4e-09, 5.2e-09, 1.88579e+23
4e-09, 5.3e-09, 8.43673e+22
4e-09, 5.4e-09, 2.11753e+22
8e-09, 6e-10, 2.11703e+22
8e-09, 7e-10, 8.43472e+22
8e-09, 8e-10, 1.88534e+23
8e-09, 9e-10, 3.32089e+23
8e-09, 1e-09, 5.12747e+23
8e-09, 1.1e-09, 7.27659e+23
8e-09, 1.2e-09, 9.73436e+23
8e-09, 1.3e-09, 1.2462e+24
8e-09, 1.4e-09, 1.54165e+24
8e-09, 1.5e-09, 1.85514e+24
8e-09, 1.6e-09, 2.1817e+24
8e-09, 1.7e-09, 2.5162e+24
8e-09, 1.8e-09, 2.85336e+24
8e-09, 1.9e-09, 3.18785e+24
8e-09, 2e-09, 3.51442e+24
8e-09, 2.1e-09, 3.8279e+24
8e-09, 2.2e-09, 4.12335e+24
8e-09, 2.3e-09, 4.39612e+24
8e-09, 2.4e-09, 4.64189e+24
8e-09, 2.5e-09, 4.85681e+24
8e-09, 2.6e-09, 5.03746e+24
8e-09, 2.7e-09, 5.18102e+24
8e-09, 2.8e-09, 5.28521e+24
8e-09, 2.9e-09, 5.34838e+24
8e-09, 3e-09, 5.36955e+24
8e-09, 3.1e-09, 5.34838e+24
8e-09, 3.2e-09, 5.28521e+24
8e-09, 3.3e-09, 5.18102e+24
8e-09, 3.4e-09, 5.03746e+24
8e-09, 3.5e-09, 4.85681e+24
8e-09, 3.6e-09, 4.64189e+24
8e-09, 3.7e-09, 4.39612e+24
8e-09, 3.8e-09, 4.12335e+24
8e-09, 3.9e-09, 3.8279e+24
8e-09, 4e-09, 3.51442e+24
8e-09, 4.1e-09, 3.18785e+24
8e-09, 4.2e-09, 2.85336e+24
8e-09, 4.3e-09, 2.5162e+24
8e-09, 4.4e-09, 2.1817e+24
8e-09, 4.5e-09, 1.85514e+24
8e-09, 4.6e-09, 1.54165e+24
8e-09, 4.7e-09, 1.2462e+24
8e-09, 4.8e-09, 9.73436e+23
8e-09, 4.9e-09, 7.27659e+23
8e-09, 5e-09, 5.12747e+23
8e-09, 5.1e-09, 3.32089e+23
8e-09, 5.2e-09, 1.88534e+23
8e-09, 5.3e-09, 8.43472e+22
8e-09, 5.4e-09, 2.11703e+22
1.2e-08, 6e-10, 2.11703e+22
1.2e-08, 7e-10, 8.43472e+22
1.2e-08, 8e-10, 1.88534e+23
1.2e-08, 9e-10, 3.32089e+23
1.2e-08, 1e-09, 5.12747e+23
1.2e-08, 1.1e-09, 7.27659e+23
1.2e-08, 1.2e-09, 9.73436e+23
1.2e-08, 1.3e-09, 1.2462e+24
1.2e-08, 1.4e-09, 1.54165e+24
1.2e-08, 1.5e-09, 1.85514e+24
1.2e-08, 1.6e-09, 2.1817e+24
1.2e-08, 1.7e-09, 2.5162e+24
1.2e-08, 1.8e-09, 2.85336e+24
1.2e-08, 1.9e-09, 3.18785e+24
1.2e-08, 2e-09, 3.51442e+24
1.2e-08, 2.1e-09, 3.8279e+24
1.2e-08, 2.2e-09, 4.12335e+24
1.2e-08, 2.3e-09, 4.39612e+24
1.2e-08, 2.4e-09, 4.64189e+24
1.2e-08, 2.5e-09, 4.85681e+24
1.2e-08, 2.6e-09, 5.03746e+24
1.2e-08, 2.7e-09, 5.18102e+24
1.2e-08, 2.8e-09, 5.28521e+24
1.2e-08, 2.9e-09, 5.34838e+24
1.2e-08, 3e-09, 5.36955e+24
1.2e-08, 3.1e-09, 5.34838e+24
1.2e-08, 3.2e-09, 5.28521e+24
1.2e-08, 3.3e-09, 5.18102e+24
1.2e-08, 3.4e-09, 5.03746e+24
1.2e-08, 3.5e-09, 4.85681e+24
1.2e-08, 3.6e-09, 4.64189e+24
1.2e-08, 3.7e-09, 4.39612e+24
1.2e-08, 3.8e-09, 4.12335e+24
1.2e-08, 3.9e-09, 3.8279e+24
1.2e-08, 4e-09, 3.51442e+24
1.2e-08, 4.1e-09, 3.18785e+24
1.2e-08, 4.2e-09, 2.85336e+24
1.2e-08, 4.3e-09, 2.5162e+24
1.2e-08, 4.4e-09, 2.1817e+24
1.2e-08, 4.5e-09, 1.85514e+24
1.2e-08, 4.6e-09, 1.54165e+24
1.2e-08, 4.7e-09, 1.2462e+24
1.2e-08, 4.8e-09, 9.73436e+23
1.2e-08, 4.9e-09, 7.27659e+23
1.2e-08, 5e-09, 5.12747e+23
1.2e-08, 5.1e-09, 3.32089e+23
1.2e-08, 5.2e-09, 1.88534e+23
1.2e-08, 5.3e-09, 8.43472e+22
1.2e-08, 5.4e-09, 2.11703e+22
1.6e-08, 6e-10, 2.11703e+22
1.6e-08, 7e-10, 8.43472e+22
1.6e-08, 8e-10, 1.88534e+23
1.6e-08, 9e-10, 3.32089e+23
1.6e-08, 1e-09, 5.12747e+23
1.6e-08, 1.1e-09, 7.27659e+23
1.6e-08, 1.2e-09, 9.73436e+23
1.6e-08, 1.3e-09, 1.2462e+24
1.6e-08, 1.4e-09, 1.54165e+24
1.6e-08, 1.5e-09, 1.85514e+24
1.6e-08, 1.6e-09, 2.1817e+24
1.6e-08, 1.7e-09, 2.5162e+24
1.6e-08, 1.8e-09, 2.85336e+24
1.6e-08, 1.9e-09, 3.18785e+24
1.6e-08, 2e-09, 3.51442e+24
1.6e-08, 2.1e-09, 3.8279e+24
1.6e-08, 2.2e-09, 4.12335e+24
1.6e-08, 2.3e-09, 4.39612e+24
1.6e-08, 2.4e-09, 4.64189e+24
1.6e-08, 2.5e-09, 4.85681e+24
1.6e-08, 2.6e-09, 5.03746e+24
1.6e-08, 2.7e-09, 5.18102e+24
1.6e-08, 2.8e-09, 5.28521e+24
1.6e-08, 2.9e-09, 5.34838e+24
1.6e-08, 3e-09, 5.36955e+24
1.6e-08, 3.1e-09, 5.34838e+24
1.6e-08, 3.2e-09, 5.28521e+24
1.6e-08, 3.3e-09, 5.18102e+24
1.6e-08, 3.4e-09, 5.03746e+24
1.6e-08, 3.5e-09, 4.85681e+24
1.6e-08, 3.6e-09, 4.64189e+24
1.6e-08, 3.7e-09, 4.39612e+24
1.6e-08, 3.8e-09, 4.12335e+24
1.6e-08, 3.9e-09, 3.8279e+24
1.6e-08, 4e-09, 3.51442e+24
1.6e-08, 4.1e-09, 3.18785e+24
1.6e-08, 4.2e-09, 2.85336e+24
1.6e-08, 4.3e-09, 2.5162e+24
1.6e-08, 4.4e-09, 2.1817e+24
1.6e-08, 4.5e-09, 1.85514e+24
1.6e-08, 4.6e-09, 1.54165e+24
1.6e-08, 4.7e-09, 1.2462e+24
1.6e-08, 4.8e-09, 9.73436e+23
1.6e-08, 4.9e-09, 7.27659e+23
1.6e-08, 5e-09, 5.12747e+23
1.6e-08, 5.1e-09, 3.32089e+23
1.6e-08, 5.2e-09, 1.88534e+23
1.6e-08, 5.3e-09, 8.43472e+22
1.6e-08, 5.4e-09, 2.11703e+22
2e-08, 6e-10, 2.11703e+22
2e-08, 7e-10, 8.43472e+22
2e-08, 8e-10, 1.88534e+23
2e-08, 9e-10, 3.32089e+23
2e-08, 1e-09, 5.12747e+23
2e-08, 1.1e-09, 7.27659e+23
2e-08, 1.2e-09, 9.73436e+23
2e-08, 1.3e-09, 1.2462e+24
2e-08, 1.4e-09, 1.54165e+24
2e-08, 1.5e-09, 1.85514e+24
2e-08, 1.6e-09, 2.1817e+24
2e-08, 1.7e-09, 2.5162e+24
2e-08, 1.8e-09, 2.85336e+24
2e-08, 1.9e-09, 3.18785e+24
2e-08, 2e-09, 3.51442e+24
2e-08, 2.1e-09, 3.8279e+24
2e-08, 2.2e-09, 4.12335e+24
2e-08, 2.3e-09, 4.39612e+24
2e-08, 2.4e-09, 4.64189e+24
2e-08, 2.5e-09, 4.85681e+24
2e-08, 2.6e-09, 5.03746e+24
2e-08, 2.7e-09, 5.18102e+24
2e-08, 2.8e-09, 5.28521e+24
2e-08, 2.9e-09, 5.34838e+24
2e-08, 3e-09, 5.36955e+24
2e-08, 3.1e-09, 5.34838e+24
2e-08, 3.2e-09, 5.28521e+24
2e-08, 3.3e-09, 5.18102e+24
2e-08, 3.4e-09, 5.03746e+24
2e-08, 3.5e-09, 4.85681e+24
2e-08, 3.6e-09, 4.64189e+24
2e-08, 3.7e-09, 4.39612e+24
2e-08, 3.8e-09, 4.12335e+24
2e-08, 3.9e-09, 3.8279e+24
2e-08, 4e-09, 3.51442e+24
2e-08, 4.1e-09, 3.18785e+24
2e-08, 4.2e-09, 2.85336e+24
2e-08, 4.3e-09, 2.5162e+24
2e-08, 4.4e-09, 2.1817e+24
2e-08, 4.5e-09, 1.85514e+24
2e-08, 4.6e-09, 1.54165e+24
2e-08, 4.7e-09, 1.2462e+24
2e-08, 4.8e-09, 9.73436e+23
2e-08, 4.9e-09, 7.27659e+23
2e-08, 5e-09, 5.12747e+23
2e-08, 5.1e-09, 3.32089e+23
2e-08, 5.2e-09, 1.88534e+23
2e-08, 5.3e-09, 8.43472e+22
2e-08, 5.4e-09, 2.11703e+22
2.4e-08, 6e-10, 2.11703e+22
2.4e-08, 7e-10, 8.43472e+22
2.4e-08, 8e-10, 1.88534e+23
2.4e-08, 9e-10, 3.32089e+23
2.4e-08, 1e-09, 5.12747e+23
2.4e-08, 1.1e-09, 7.27659e+23
2.4e-08, 1.2e-09, 9.73436e+23
2.4e-08, 1.3e-09, 1.2462e+24
2.4e-08, 1.4e-09, 1.54165e+24
2.4e-08, 1.5e-09, 1.85514e+24
2.4e-08, 1.6e-09, 2.1817e+24
2.4e-08, 1.7e-09, 2.5162e+24
2.4e-08, 1.8e-09, 2.85336e+24
2.4e-08, 1.9e-09, 3.18785e+24
2.4e-08, 2e-09, 3.51442e+24
2.4e-08, 2.1e-09, 3.8279e+24
2.4e-08, 2.2e-09, 4.12335e+24
2.4e-08, 2.3e-09, 4.39612e+24
2.4e-08, 2.4e-09, 4.64189e+24
2.4e-08, 2.5e-09, 4.85681e+24
2.4e-08, 2.6e-09, 5.03746e+24
2.4e-08, 2.7e-09, 5.18102e+24
2.4e-08, 2.8e-09, 5.28521e+24
2.4e-08, 2.9e-09, 5.34838e+24
2.4e-08, 3e-09, 5.36955e+24
2.4e-08, 3.1e-09, 5.34838e+24
2.4e-08, 3.2e-09, 5.28521e+24
2.4e-08, 3.3e-09, 5.18102e+24
2.4e-08, 3.4e-09, 5.03746e+24
2.4e-08, 3.5e-09, 4.85681e+24
2.4e-08, 3.6e-09, 4.64189e+24
2.4e-08, 3.7e-09, 4.39612e+24
2.4e-08, 3.8e-09, 4.12335e+24
2.4e-08, 3.9e-09, 3.8279e+24
2.4e-08, 4e-09, 3.51442e+24
2.4e-08, 4.1e-09, 3.18785e+24
2.4e-08, 4.2e-09, 2.85336e+24
2.4e-08, 4.3e-09, 2.5162e+24
2.4e-08, 4.4e-09, 2.1817e+24
2.4e-08, 4.5e-09, 1.85514e+24
2.4e-08, 4.6e-09, 1.54165e+24
2.4e-08, 4.7e-09, 1.2462e+24
2.4e-08, 4.8e-09, 9.73436e+23
2.4e-08, 4.9e-09, 7.27659e+23
2.4e-08, 5e-09, 5.12747e+23
2.4e-08, 5.1e-09, 3.32089e+23
2.4e-08, 5.2e-09, 1.88534e+23
2.4e-08, 5.3e-09, 8.43472e+22
2.4e-08, 5.4e-09, 2.11703e+22
2.8e-08, 6e-10, 2.11703e+22
2.8e-08, 7e-10, 8.43472e+22
2.8e-08, 8e-10, 1.88534e+23
2.8e-08, 9e-10, 3.32089e+23
2.8e-08, 1e-09, 5.12747e+23
2.8e-08, 1.1e-09, 7.27659e+23
2.8e-08, 1.2e-09, 9.73436e+23
2.8e-08, 1.3e-09, 1.2462e+24
2.8e-08, 1.4e-09, 1.54165e+24
2.8e-08, 1.5e-09, 1.85514e+24
2.8e-08, 1.6e-09, 2.1817e+24
2.8e-08, 1.7e-09, 2.5162e+24
2.8e-08, 1.8e-09, 2.85336e+24
2.8e-08, 1.9e-09, 3.18785e+24
2.8e-08, 2e-09, 3.51442e+24
2.8e-08, 2.1e-09, 3.8279e+24
2.8e-08, 2.2e-09, 4.12335e+24
2.8e-08, 2.3e-09, 4.39612e+24
2.8e-08, 2.4e-09, 4.64189e+24
2.8e-08, 2.5e-09, 4.85681e+24
2.8e-08, 2.6e-09, 5.03746e+24
2.8e-08, 2.7e-09, 5.18102e+24
2.8e-08, 2.8e-09, 5.28521e+24
2.8e-08, 2.9e-09, 5.34838e+24
2.8e-08, 3e-09, 5.36955e+24
2.8e-08, 3.1e-09, 5.34838e+24
2.8e-08, 3.2e-09, 5.28521e+24
2.8e-08, 3.3e-09, 5.18102e+24
2.8e-08, 3.4e-09, 5.03746e+24
2.8e-08, 3.5e-09, 4.85681e+24
2.8e-08, 3.6e-09, 4.64189e+24
2.8e-08, 3.7e-09, 4.39612e+24
2.8e-08, 3.8e-09, 4.12335e+24
2.8e-08, 3.9e-09, 3.8279e+24
2.8e-08, 4e-09, 3.51442e+24
2.8e-08, 4.1e-09, 3.18785e+24
2.8e-08, 4.2e-09, 2.85336e+24
2.8e-08, 4.3e-09, 2.5162e+24
2.8e-08, 4.4e-09, 2.1817e+24
2.8e-08, 4.5e-09, 1.85514e+24
2.8e-08, 4.6e-09, 1.54165e+24
2.8e-08, 4.7e-09, 1.2462e+24
2.8e-08, 4.8e-09, 9.73436e+23
2.8e-08, 4.9e-09, 7.27659e+23
2.8e-08, 5e-09, 5.12747e+23
2.8e-08, 5.1e-09, 3.32089e+23
2.8e-08, 5.2e-09, 1.88534e+23
2.8e-08, 5.3e-09, 8.43472e+22
2.8e-08, 5.4e-09, 2.11703e+22
3.2e-08, 6e-10, 2.11703e+22
3.2e-08, 7e-10, 8.43472e+22
3.2e-08, 8e-10, 1.88534e+23
3.2e-08, 9e-10, 3.32089e+23
3.2e-08, 1e-09, 5.12747e+23
3.2e-08, 1.1e-09, 7.27659e+23
3.2e-08, 1.2e-09, 9.73436e+23
3.2e-08, 1.3e-09, 1.2462e+24
3.2e-08, 1.4e-09, 1.54165e+24
3.2e-08, 1.5e-09, 1.85514e+24
3.2e-08, 1.6e-09, 2.1817e+24
3.2e-08, 1.7e-09, 2.5162e+24
3.2e-08, 1.8e-09, 2.85336e+24
3.2e-08, 1.9e-09, 3.18785e+24
3.2e-08, 2e-09, 3.51442e+24
3.2e-08, 2.1e-09, 3.8279e+24
3.2e-08, 2.2e-09, 4.12335e+24
3.2e-08, 2.3e-09, 4.39612e+24
3.2e-08, 2.4e-09, 4.64189e+24
3.2e-08, 2.5e-09, 4.85681e+24
3.2e-08, 2.6e-09, 5.03746e+24
3.2e-08, 2.7e-09, 5.18102e+24
3.2e-08, 2.8e-09, 5.28521e+24
3.2e-08, 2.9e-09, 5.34838e+24
3.2e-08, 3e-09, 5.36955e+24
3.2e-08, 3.1e-09, 5.34838e+24
3.2e-08, 3.2e-09, 5.28521e+24
3.2e-08, 3.3e-09, 5.18102e+24
3.2e-08, 3.4e-09, 5.03746e+24
3.2e-08, 3.5e-09, 4.85681e+24
3.2e-08, 3.6e-09, 4.64189e+24
3.2e-08, 3.7e-09, 4.39612e+24
3.2e-08, 3.8e-09, 4.12335e+24
3.2e-08, 3.9e-09, 3.8279e+24
3.2e-08, 4e-09, 3.51442e+24
3.2e-08, 4.1e-09, 3.18785e+24
3.2e-08, 4.2e-09, 2.85336e+24
3.2e-08, 4.3e-09, 2.5162e+24
3.2e-08, 4.4e-09, 2.1817e+24
3.2e-08, 4.5e-09, 1.85514e+24
3.2e-08, 4.6e-09, 1.54165e+24
3.2e-08, 4.7e-09, 1.2462e+24
3.2e-08, 4.8e-09, 9.73436e+23
3.2e-08, 4.9e-09, 7.27659e+23
3.2e-08, 5e-09, 5.12747e+23
3.2e-08, 5.1e-09, 3.32089e+23
3.2e-08, 5.2e-09, 1.88534e+23
3.2e-08, 5.3e-09, 8.43472e+22
3.2e-08, 5.4e-09, 2.11703e+22
3.6e-08, 6e-10, 2.11684e+22
3.6e-08, 7e-10, 8.43397e+22
3.6e-08, 8e-10, 1.88518e+23
3.6e-08, 9e-10, 3.3206e+23
3.6e-08, 1e-09, 5.12702e+23
3.6e-08, 1.1e-09, 7.27596e+23
3.6e-08, 1.2e-09, 9.73352e+23
3.6e-08, 1.3e-09, 1.24609e+24
3.6e-08, 1.4e-09, 1.54152e+24
3.6e-08, 1.5e-09, 1.85498e+24
3.6e-08, 1.6e-09, 2.18151e+24
3.6e-08, 1.7e-09, 2.51598e+24
3.6e-08, 1.8e-09, 2.85311e+24
3.6e-08, 1.9e-09, 3.18758e+24
3.6e-08, 2e-09, 3.51412e+24
3.6e-08, 2.1e-09, 3.82757e+24
3.6e-08, 2.2e-09, 4.123e+24
3.6e-08, 2.3e-09, 4.39574e+24
3.6e-08, 2.4e-09, 4.6415e+24
3.6e-08, 2.5e-09, 4.8564e+24
3.6e-08, 2.6e-09, 5.03704e+24
3.6e-08, 2.7e-09, 5.18058e+24
3.6e-08, 2.8e-09, 5.28476e+24
3.6e-08, 2.9e-09, 5.34793e+24
3.6e-08, 3e-09, 5.3691e+24
3.6e-08, 3.1e-09, 5.34793e+24
3.6e-08, 3.2e-09, 5.28476e+24
3.6e-08, 3.3e-09, 5.18058e+24
3.6e-08, 3.4e-09, 5.03704e+24
3.6e-08, 3.5e-09, 4.8564e+24
3.6e-08, 3.6e-09, 4.6415e+24
3.6e-08, 3.7e-09, 4.39575e+24
3.6e-08, 3.8e-09, 4.123e+24
3.6e-08, 3.9e-09, 3.82758e+24
3.6e-08, 4e-09, 3.51412e+24
3.6e-08, 4.1e-09, 3.18758e+24
3.6e-08, 4.2e-09, 2.85311e+24
3.6e-08, 4.3e-09, 2.51599e+24
3.6e-08, 4.4e-09, 2.18152e+24
3.6e-08, 4.5e-09, 1.85498e+24
3.6e-08, 4.6e-09, 1.54152e+24
3.6e-08, 4.7e-09, 1.2461e+24
3.6e-08, 4.8e-09, 9.73353e+23
3.6e-08, 4.9e-09, 7.27597e+23
3.6e-08, 5e-09, 5.12703e+23
3.6e-08, 5.1e-09, 3.32061e+23
3.6e-08, 5.2e-09, 1.88518e+23
3.6e-08, 5.3e-09, 8.434e+22
3.6e-08, 5.4e-09, 2.11685e+22
4e-08, 6e-10, 1.24005e+20
4e-08, 7e-10, 4.94064e+20
4e-08, 8e-10, 1.10434e+21
4e-08, 9e-10, 1.9452e+21
4e-08, 1e-09, 3.00339e+21
4e-08, 1.1e-09, 4.26221e+21
4e-08, 1.2e-09, 5.7018e+21
4e-08, 1.3e-09, 7.29946e+21
4e-08, 1.4e-09, 9.03e+21
4e-08, 1.5e-09, 1.08661e+22
4e-08, 1.6e-09, 1.27788e+22
4e-08, 1.7e-09, 1.4738e+22
4e-08, 1.8e-09, 1.67128e+22
4e-08, 1.9e-09, 1.86719e+22
4e-08, 2e-09, 2.05846e+22
4e-08, 2.1e-09, 2.24206e+22
4e-08, 2.2e-09, 2.4151e+22
4e-08, 2.3e-09, 2.57485e+22
4e-08, 2.4e-09, 2.7188e+22
4e-08, 2.5e-09, 2.84467e+22
4e-08, 2.6e-09, 2.95048e+22
4e-08, 2.7e-09, 3.03455e+22
4e-08, 2.8e-09, 3.09557e+22
4e-08, 2.9e-09, 3.13257e+22
4e-08, 3e-09, 3.14497e+22
4e-08, 3.1e-09, 3.13256e+22
4e-08, 3.2e-09, 3.09556e+22
4e-08, 3.3e-09, 3.03454e+22
4e-08, 3.4e-09, 2.95046e+22
4e-08, 3.5e-09, 2.84465e+22
4e-08, 3.6e-09, 2.71877e+22
4e-08, 3.7e-09, 2.57482e+22
4e-08, 3.8e-09, 2.41507e+22
4e-08, 3.9e-09, 2.24202e+22
4e-08, 4e-09, 2.05842e+22
4e-08, 4.1e-09, 1.86715e+22
4e-08, 4.2e-09, 1.67124e+22
4e-08, 4.3e-09, 1.47377e+22
4e-08, 4.4e-09, 1.27785e+22
4e-08, 4.5e-09, 1.08658e+22
4e-08, 4.6e-09, 9.02975e+21
4e-08, 4.7e-09, 7.29926e+21
4e-08, 4.8e-09, 5.70163e+21
4e-08, 4.9e-09, 4.26208e+21
4e-08, 5e-09, 3.00329e+21
4e-08, 5.1e-09, 1.94514e+21
4e-08, 5.2e-09, 1.1043e+21
4e-08, 5.3e-09, 4.94047e+20
4e-08, 5.4e-09, 1.24001e+20
4.4e-08, 6e-10, 1.23757e+20
4.4e-08, 7e-10, 4.93074e+20
4.4e-08, 8e-10, 1.10211e+21
4.4e-08, 9e-10, 1.94126e+21
4.4e-08, 1e-09, 2.99726e+21
4.4e-08, 1.1e-09, 4.25345e+21
4.4e-08, 1.2e-09, 5.68998e+21
4.4e-08, 1.3e-09, 7.2842e+21
4.4e-08, 1.4e-09, 9.01094e+21
4.4e-08, 1.5e-09, 1.08429e+22
4.4e-08, 1.6e-09, 1.27513e+22
4.4e-08, 1.7e-09, 1.4706e+22
4.4e-08, 1.8e-09, 1.66761e+22
4.4e-08, 1.9e-09, 1.86306e+22
4.4e-08, 2e-09, 2.05386e+22
4.4e-08, 2.1e-09, 2.23701e+22
4.4e-08, 2.2e-09, 2.40962e+22
4.4e-08, 2.3e-09, 2.56896e+22
4.4e-08, 2.4e-09, 2.71254e+22
4.4e-08, 2.5e-09, 2.83808e+22
4.4e-08, 2.6e-09, 2.9436e+22
4.4e-08, 2.7e-09, 3.02745e+22
4.4e-08, 2.8e-09, 3.0883e+22
4.4e-08, 2.9e-09, 3.12519e+22
4.4e-08, 3e-09, 3.13754e+22
4.4e-08, 3.1e-09, 3.12515e+22
4.4e-08, 3.2e-09, 3.08823e+22
4.4e-08, 3.3e-09, 3.02736e+22
4.4e-08, 3.4e-09, 2.94348e+22
4.4e-08, 3.5e-09, 2.83793e+22
4.4e-08, 3.6e-09, 2.71238e+22
4.4e-08, 3.7e-09, 2.56879e+22
4.4e-08, 3.8e-09, 2.40943e+22
4.4e-08, 3.9e-09, 2.23681e+22
4.4e-08, 4e-09, 2.05366e+22
4.4e-08, 4.1e-09, 1.86286e+22
4.4e-08, 4.2e-09, 1.66742e+22
4.4e-08, 4.3e-09, 1.47042e+22
4.4e-08, 4.4e-09, 1.27497e+22
4.4e-08, 4.5e-09, 1.08415e+22
4.4e-08, 4.6e-09, 9.00965e+21
4.4e-08, 4.7e-09, 7.28312e+21
4.4e-08, 4.8e-09, 5.68911e+21
4.4e-08, 4.9e-09, 4.25278e+21
4.4e-08, 5e-09, 2.99678e+21
4.4e-08, 5.1e-09, 1.94094e+21
4.4e-08, 5.2e-09, 1.10193e+21
4.4e-08, 5.3e-09, 4.9299e+20
4.4e-08, 5.4e-09, 1.23736e+20
4.8e-08, 6e-10, 1.23757e+20
4.8e-08, 7e-10, 4.93072e+20
4.8e-08, 8e-10, 1.10211e+21
4.8e-08, 9e-10, 1.94126e+21
4.8e-08, 1e-09, 2.99726e+21
4.8e-08, 1.1e-09, 4.25344e+21
4.8e-08, 1.2e-09, 5.68997e+21
4.8e-08, 1.3e-09, 7.28418e+21
4.8e-08, 1.4e-09, 9.01091e+21
4.8e-08, 1.5e-09, 1.08429e+22
4.8e-08, 1.6e-09, 1.27513e+22
4.8e-08, 1.7e-09, 1.4706e+22
4.8e-08, 1.8e-09, 1.6676e+22
4.8e-08, 1.9e-09, 1.86305e+22
4.8e-08, 2e-09, 2.05385e+22
4.8e-08, 2.1e-09, 2.237e+22
4.8e-08, 2.2e-09, 2.40961e+22
4.8e-08, 2.3e-09, 2.56896e+22
4.8e-08, 2.4e-09, 2.71254e+22
4.8e-08, 2.5e-09, 2.83807e+22
4.8e-08, 2.6e-09, 2.9436e+22
4.8e-08, 2.7e-09, 3.02745e+22
4.8e-08, 2.8e-09, 3.08829e+22
4.8e-08, 2.9e-09, 3.12518e+22
4.8e-08, 3e-09, 3.13753e+22
4.8e-08, 3.1e-09, 3.12515e+22
4.8e-08, 3.2e-09, 3.08823e+22
4.8e-08, 3.3e-09, 3.02735e+22
4.8e-08, 3.4e-09, 2.94348e+22
4.8e-08, 3.5e-09, 2.83793e+22
4.8e-08, 3.6e-09, 2.71237e+22
4.8e-08, 3.7e-09, 2.56878e+22
4.8e-08, 3.8e-09, 2.40942e+22
4.8e-08, 3.9e-09, 2.23681e+22
4.8e-08, 4e-09, 2.05366e+22
4.8e-08, 4.1e-09, 1.86286e+22
4.8e-08, 4.2e-09, 1.66742e+22
4.8e-08, 4.3e-09, 1.47042e+22
4.8e-08, 4.4e-09, 1.27497e+22
4.8e-08, 4.5e-09, 1.08414e+22
4.8e-08, 4.6e-09, 9.00963e+21
4.8e-08, 4.7e-09, 7.2831e+21
4.8e-08, 4.8e-09, 5.6891e+21
4.8e-08, 4.9e-09, 4.25277e+21
4.8e-08, 5e-09, 2.99677e+21
4.8e-08, 5.1e-09, 1.94094e+21
4.8e-08, 5.2e-09, 1.10193e+21
4.8e-08, 5.3e-09, 4.92988e+20
4.8e-08, 5.4e-09, 1.23736e+20
5.2e-08, 6e-10, 1.23757e+20
5.2e-08, 7e-10, 4.93072e+20
5.2e-08, 8e-10, 1.10211e+21
5.2e-08, 9e-10, 1.94126e+21
5.2e-08, 1e-09, 2.99726e+21
5.2e-08, 1.1e-09, 4.25344e+21
5.2e-08, 1.2e-09, 5.68997e+21
5.2e-08, 1.3e-09, 7.28418e+21
5.2e-08, 1.4e-09, 9.01091e+21
5.2e-08, 1.5e-09, 1.08429e+22
5.2e-08, 1.6e-09, 1.27513e+22
5.2e-08, 1.7e-09, 1.4706e+22
5.2e-08, 1.8e-09, 1.6676e+22
5.2e-08, 1.9e-09, 1.86305e+22
5.2e-08, 2e-09, 2.05385e+22
5.2e-08, 2.1e-09, 2.237e+22
5.2e-08, 2.2e-09, 2.40961e+22
5.2e-08, 2.3e-09, 2.56896e+22
5.2e-08, 2.4e-09, 2.71254e+22
5.2e-08, 2.5e-09, 2.83807e+22
5.2e-08, 2.6e-09, 2.9436e+22
5.2e-08, 2.7e-09, 3.02745e+22
5.2e-08, 2.8e-09, 3.08829e+22
5.2e-08, 2.9e-09, 3.12518e+22
5.2e-08, 3e-09, 3.13753e+22
5.2e-08, 3.1e-09, 3.12515e+22
5.2e-08, 3.2e-09, 3.08823e+22
5.2e-08, 3.3e-09, 3.02735e+22
5.2e-08, 3.4e-09, 2.94348e+22
5.2e-08, 3.5e-09, 2.83793e+22
5.2e-08, 3.6e-09, 2.71237e+22
5.2e-08, 3.7e-09, 2.56878e+22
5.2e-08, 3.8e-09, 2.40942e+22
5.2e-08, 3.9e-09, 2.23681e+22
5.2e-08, 4e-09, 2.05366e+22
5.2e-08, 4.1e-09, 1.86286e+22
5.2e-08, 4.2e-09, 1.66742e+22
5.2e-08, 4.3e-09, 1.47042e+22
5.2e-08, 4.4e-09, 1.27497e+22
5.2e-08, 4.5e-09, 1.08414e+22
5.2e-08, 4.6e-09, 9.00963e+21
5.2e-08, 4.7e-09, 7.2831e+21
5.2e-08, 4.8e-09, 5.6891e+21
5.2e-08, 4.9e-09, 4.25277e+21
5.2e-08, 5e-09, 2.99677e+21
5.2e-08, 5.1e-09, 1.94094e+21
5.2e-08, 5.2e-09, 1.10193e+21
5.2e-08, 5.3e-09, 4.92988e+20
5.2e-08, 5.4e-09, 1.23736e+20
5.6e-08, 6e-10, 1.23757e+20
5.6e-08, 7e-10, 4.93072e+20
5.6e-08, 8e-10, 1.10211e+21
5.6e-08, 9e-10, 1.94126e+21
5.6e-08, 1e-09, 2.99726e+21
5.6e-08, 1.1e-09, 4.25344e+21
5.6e-08, 1.2e-09, 5.68997e+21
5.6e-08, 1.3e-09, 7.28418e+21
5.6e-08, 1.4e-09, 9.01091e+21
5.6e-08, 1.5e-09, 1.08429e+22
5.6e-08, 1.6e-09, 1.27513e+22
5.6e-08, 1.7e-09, 1.4706e+22
5.6e-08, 1.8e-09, 1.6676e+22
5.6e-08, 1.9e-09, 1.86305e+22
5.6e-08, 2e-09, 2.05385e+22
5.6e-08, 2.1e-09, 2.237e+22
5.6e-08, 2.2e-09, 2.40961e+22
5.6e-08, 2.3e-09, 2.56896e+22
5.6e-08, 2.4e-09, 2.71254e+22
5.6e-08, 2.5e-09, 2.83807e+22
5.6e-08, 2.6e-09, 2.9436e+22
5.6e-08, 2.7e-09, 3.02745e+22
5.6e-08, 2.8e-09, 3.08829e+22
5.6e-08, 2.9e-09, 3.12518e+22
5.6e-08, 3e-09, 3.13753e+22
5.6e-08, 3.1e-09, 3.12515e+22
5.6e-08, 3.2e-09, 3.08823e+22
5.6e-08, 3.3e-09, 3.02735e+22
5.6e-08, 3.4e-09, 2.94348e+22
5.6e-08, 3.5e-09, 2.83793e+22
5.6e-08, 3.6e-09, 2.71237e+22
5.6e-08, 3.7e-09, 2.56878e+22
5.6e-08, 3.8e-09, 2.40942e+22
5.6e-08, 3.9e-09, 2.23681e+22
5.6e-08, 4e-09, 2.05366e+22
5.6e-08, 4.1e-09, 1.86286e+22
5.6e-08, 4.2e-09, 1.66742e+22
5.6e-08, 4.3e-09, 1.47042e+22
5.6e-08, 4.4e-09, 1.27497e+22
5.6e-08, 4.5e-09, 1.08414e+22
5.6e-08, 4.6e-09, 9.00963e+21
5.6e-08, 4.7e-09, 7.2831e+21
5.6e-08, 4.8e-09, 5.6891e+21
5.6e-08, 4.9e-09, 4.25277e+21
5.6e-08, 5e-09, 2.99677e+21
5.6e-08, 5.1e-09, 1.94094e+21
5.6e-08, 5.2e-09, 1.10193e+21
5.6e-08, 5.3e-09, 4.92988e+20
5.6e-08, 5.4e-09, 1.23736e+20
6e-08, 6e-10, 1.23757e+20
6e-08, 7e-10, 4.93072e+20
6e-08, 8e-10, 1.10211e+21
6e-08, 9e-10, 1.94126e+21
6e-08, 1e-09, 2.99726e+21
6e-08, 1.1e-09, 4.25344e+21
6e-08, 1.2e-09, 5.68997e+21
6e-08, 1.3e-09, 7.28418e+21
6e-08, 1.4e-09, 9.01091e+21
6e-08, 1.5e-09, 1.08429e+22
6e-08, 1.6e-09, 1.27513e+22
6e-08, 1.7e-09, 1.4706e+22
6e-08, 1.8e-09, 1.6676e+22
6e-08, 1.9e-09, 1.86305e+22
6e-08, 2e-09, 2.05385e+22
6e-08, 2.1e-09, 2.237e+22
6e-08, 2.2e-09, 2.40961e+22
6e-08, 2.3e-09, 2.56896e+22
6e-08, 2.4e-09, 2.71254e+22
6e-08, 2.5e-09, 2.83807e+22
6e-08, 2.6e-09, 2.9436e+22
6e-08, 2.7e-09, 3.02745e+22
6e-08, 2.8e-09, 3.08829e+22
6e-08, 2.9e-09, 3.12518e+22
6e-08, 3e-09, 3.13753e+22
6e-08, 3.1e-09, 3.12515e+22
6e-08, 3.2e-09, 3.08823e+22
6e-08, 3.3e-09, 3.02735e+22
6e-08, 3.4e-09, 2.94348e+22
6e-08, 3.5e-09, 2.83793e+22
6e-08, 3.6e-09, 2.71237e+22
6e-08, 3.7e-09, 2.56878e+22
6e-08, 3.8e-09, 2.40942e+22
6e-08, 3.9e-09, 2.23681e+22
6e-08, 4e-09, 2.05366e+22
6e-08, 4.1e-09, 1.86286e+22
6e-08, 4.2e-09, 1.66742e+22
6e-08, 4.3e-09, 1.47042e+22
6e-08, 4.4e-09, 1.27497e+22
6e-08, 4.5e-09, 1.08414e+22
6e-08, 4.6e-09, 9.00963e+21
6e-08, 4.7e-09, 7.2831e+21
6e-08, 4.8e-09, 5.6891e+21
6e-08, 4.9e-09, 4.25277e+21
6e-08, 5e-09, 2.99677e+21
6e-08, 5.1e-09, 1.94094e+21
6e-08, 5.2e-09, 1.10193e+21
6e-08, 5.3e-09, 4.92988e+20
6e-08, 5.4e-09, 1.23736e+20
6.4e-08, 6e-10, 1.23757e+20
6.4e-08, 7e-10, 4.93072e+20
6.4e-08, 8e-10, 1.10211e+21
6.4e-08, 9e-10, 1.94126e+21
6.4e-08, 1e-09, 2.99726e+21
6.4e-08, 1.1e-09, 4.25344e+21
6.4e-08, 1.2e-09, 5.68997e+21
6.4e-08, 1.3e-09, 7.28418e+21
6.4e-08, 1.4e-09, 9.01091e+21
6.4e-08, 1.5e-09, 1.08429e+22
6.4e-08, 1.6e-09, 1.27513e+22
6.4e-08, 1.7e-09, 1.4706e+22
6.4e-08, 1.8e-09, 1.6676e+22
6.4e-08, 1.9e-09, 1.86305e+22
6.4e-08, 2e-09, 2.05385e+22
6.4e-08, 2.1e-09, 2.237e+22
6.4e-08, 2.2e-09, 2.40961e+22
6.4e-08, 2.3e-09, 2.56896e+22
6.4e-08, 2.4e-09, 2.71254e+22
6.4e-08, 2.5e-09, 2.83807e+22
6.4e-08, 2.6e-09, 2.9436e+22
6.4e-08, 2.7e-09, 3.02745e+22
6.4e-08, 2.8e-09, 3.08829e+22
6.4e-08, 2.9e-09, 3.12518e+22
6.4e-08, 3e-09, 3.13753e+22
6.4e-08, 3.1e-09, 3.12515e+22
6.4e-08, 3.2e-09, 3.08823e+22
6.4e-08, 3.3e-09, 3.02735e+22
6.4e-08, 3.4e-09, 2.94348e+22
6.4e-08, 3.5e-09, 2.83793e+22
6.4e-08, 3.6e-09, 2.71237e+22
6.4e-08, 3.7e-09, 2.56878e+22
6.4e-08, 3.8e-09, 2.40942e+22
6.4e-08, 3.9e-09, 2.23681e+22
6.4e-08, 4e-09, 2.05366e+22
6.4e-08, 4.1e-09, 1.86286e+22
6.4e-08, 4.2e-09, 1.66742e+22
6.4e-08, 4.3e-09, 1.47042e+22
6.4e-08, 4.4e-09, 1.27497e+22
6.4e-08, 4.5e-09, 1.08414e+22
6.4e-08, 4.6e-09, 9.00963e+21
6.4e-08, 4.7e-09, 7.2831e+21
6.4e-08, 4.8e-09, 5.6891e+21
6.4e-08, 4.9e-09, 4.25277e+21
6.4e-08, 5e-09, 2.99677e+21
6.4e-08, 5.1e-09, 1.94094e+21
6.4e-08, 5.2e-09, 1.10193e+21
6.4e-08, 5.3e-09, 4.92988e+20
6.4e-08, 5.4e-09, 1.23736e+20
6.8e-08, 6e-10, 1.23757e+20
6.8e-08, 7e-10, 4.93072e+20
6.8e-08, 8e-10, 1.10211e+21
6.8e-08, 9e-10, 1.94126e+21
6.8e-08, 1e-09, 2.99726e+21
6.8e-08, 1.1e-09, 4.25344e+21
6.8e-08, 1.2e-09, 5.68997e+21
6.8e-08, 1.3e-09, 7.28418e+21
6.8e-08, 1.4e-09, 9.01091e+21
6.8e-08, 1.5e-09, 1.08429e+22
6.8e-08, 1.6e-09, 1.27513e+22
6.8e-08, 1.7e-09, 1.4706e+22
6.8e-08, 1.8e-09, 1.6676e+22
6.8e-08, 1.9e-09, 1.86305e+22
6.8e-08, 2e-09, 2.05385e+22
6.8e-08, 2.1e-09, 2.237e+22
6.8e-08, 2.2e-09, 2.40961e+22
6.8e-08, 2.3e-09, 2.56896e+22
6.8e-08, 2.4e-09, 2.71254e+22
6.8e-08, 2.5e-09, 2.83807e+22
6.8e-08, 2.6e-09, 2.9436e+22
6.8e-08, 2.7e-09, 3.02745e+22
6.8e-08, 2.8e-09, 3.08829e+22
6.8e-08, 2.9e-09, 3.12518e+22
6.8e-08, 3e-09, 3.13753e+22
6.8e-08, 3.1e-09, 3.12515e+22
6.8e-08, 3.2e-09, 3.08823e+22
6.8e-08, 3.3e-09, 3.02735e+22
6.8e-08, 3.4e-09, 2.94348e+22
6.8e-08, 3.5e-09, 2.83793e+22
6.8e-08, 3.6e-09, 2.71237e+22
6.8e-08, 3.7e-09, 2.56878e+22
6.8e-08, 3.8e-09, 2.40942e+22
6.8e-08, 3.9e-09, 2.23681e+22
6.8e-08, 4e-09, 2.05366e+22
6.8e-08, 4.1e-09, 1.86286e+22
6.8e-08, 4.2e-09, 1.66742e+22
6.8e-08, 4.3e-09, 1.47042e+22
6.8e-08, 4.4e-09, 1.27497e+22
6.8e-08, 4.5e-09, 1.08414e+22
6.8e-08, 4.6e-09, 9.00963e+21
6.8e-08, 4.7e-09, 7.2831e+21
6.8e-08, 4.8e-09, 5.6891e+21
6.8e-08, 4.9e-09, 4.25277e+21
6.8e-08, 5e-09, 2.99677e+21
6.8e-08, 5.1e-09, 1.94094e+21
6.8e-08, 5.2e-09, 1.10193e+21
6.8e-08, 5.3e-09, 4.92988e+20
6.8e-08, 5.4e-09, 1.23736e+20
7.2e-08, 6e-10, 1.23757e+20
7.2e-08, 7e-10, 4.93072e+20
7.2e-08, 8e-10, 1.10211e+21
7.2e-08, 9e-10, 1.94126e+21
7.2e-08, 1e-09, 2.99726e+21
7.2e-08, 1.1e-09, 4.25344e+21
7.2e-08, 1.2e-09, 5.68997e+21
7.2e-08, 1.3e-09, 7.28418e+21
7.2e-08, 1.4e-09, 9.01091e+21
7.2e-08, 1.5e-09, 1.08429e+22
7.2e-08, 1.6e-09, 1.27513e+22
7.2e-08, 1.7e-09, 1.4706e+22
7.2e-08, 1.8e-09, 1.6676e+22
7.2e-08, 1.9e-09, 1.86305e+22
7.2e-08, 2e-09, 2.05385e+22
7.2e-08, 2.1e-09, 2.237e+22
7.2e-08, 2.2e-09, 2.40961e+22
7.2e-08, 2.3e-09, 2.56896e+22
7.2e-08, 2.4e-09, 2.71254e+22
7.2e-08, 2.5e-09, 2.83807e+22
7.2e-08, 2.6e-09, 2.9436e+22
7.2e-08, 2.7e-09, 3.02745e+22
7.2e-08, 2.8e-09, 3.08829e+22
7.2e-08, 2.9e-09, 3.12518e+22
7.2e-08, 3e-09, 3.13753e+22
7.2e-08, 3.1e-09, 3.12515e+22
7.2e-08, 3.2e-09, 3.08823e+22
7.2e-08, 3.3e-09, 3.02735e+22
7.2e-08, 3.4e-09, 2.94348e+22
7.2e-08, 3.5e-09, 2.83793e+22
7.2e-08, 3.6e-09, 2.71237e+22
7.2e-08, 3.7e-09, 2.56878e+22
7.2e-08, 3.8e-09, 2.40942e+22
7.2e-08, 3.9e-09, 2.23681e+22
7.2e-08, 4e-09, 2.05366e+22
7.2e-08, 4.1e-09, 1.86286e+22
7.2e-08, 4.2e-09, 1.66742e+22
7.2e-08, 4.3e-09, 1.47042e+22
7.2e-08, 4.4e-09, 1.27497e+22
7.2e-08, 4.5e-09, 1.08414e+22
7.2e-08, 4.6e-09, 9.00963e+21
7.2e-08, 4.7e-09, 7.2831e+21
7.2e-08, 4.8e-09, 5.6891e+21
7.2e-08, 4.9e-09, 4.25277e+21
7.2e-08, 5e-09, 2.99677e+21
7.2e-08, 5.1e-09, 1.94094e+21
7.2e-08, 5.2e-09, 1.10193e+21
7.2e-08, 5.3e-09, 4.92988e+20
7.2e-08, 5.4e-09, 1.23736e+20
7.6e-08, 6e-10, 1.23757e+20
7.6e-08, 7e-10, 4.93074e+20
7.6e-08, 8e-10, 1.10211e+21
7.6e-08, 9e-10, 1.94126e+21
7.6e-08, 1e-09, 2.99726e+21
7.6e-08, 1.1e-09, 4.25345e+21
7.6e-08, 1.2e-09, 5.68998e+21
7.6e-08, 1.3e-09, 7.2842e+21
7.6e-08, 1.4e-09, 9.01094e+21
7.6e-08, 1.5e-09, 1.08429e+22
7.6e-08, 1.6e-09, 1.27513e+22
7.6e-08, 1.7e-09, 1.4706e+22
7.6e-08, 1.8e-09, 1.66761e+22
7.6e-08, 1.9e-09, 1.86306e+22
7.6e-08, 2e-09, 2.05386e+22
7.6e-08, 2.1e-09, 2.23701e+22
7.6e-08, 2.2e-09, 2.40962e+22
7.6e-08, 2.3e-09, 2.56896e+22
7.6e-08, 2.4e-09, 2.71254e+22
7.6e-08, 2.5e-09, 2.83808e+22
7.6e-08, 2.6e-09, 2.9436e+22
7.6e-08, 2.7e-09, 3.02745e+22
7.6e-08, 2.8e-09, 3.0883e+22
7.6e-08, 2.9e-09, 3.12519e+22
7.6e-08, 3e-09, 3.13754e+22
7.6e-08, 3.1e-09, 3.12515e+22
7.6e-08, 3.2e-09, 3.08823e+22
7.6e-08, 3.3e-09, 3.02736e+22
7.6e-08, 3.4e-09, 2.94348e+22
7.6e-08, 3.5e-09, 2.83793e+22
7.6e-08, 3.6e-09, 2.71238e+22
7.6e-08, 3.7e-09, 2.56879e+22
7.6e-08, 3.8e-09, 2.40943e+22
7.6e-08, 3.9e-09, 2.23681e+22
7.6e-08, 4e-09, 2.05366e+22
7.6e-08, 4.1e-09, 1.86286e+22
7.6e-08, 4.2e-09, 1.66742e+22
7.6e-08, 4.3e-09, 1.47042e+22
7.6e-08, 4.4e-09, 1.27497e+22
7.6e-08, 4.5e-09, 1.08415e+22
7.6e-08, 4.6e-09, 9.00965e+21
7.6e-08, 4.7e-09, 7.28312e+21
7.6e-08, 4.8e-09, 5.68911e+21
7.6e-08, 4.9e-09, 4.25278e+21
7.6e-08, 5e-09, 2.99678e+21
7.6e-08, 5.1e-09, 1.94094e+21
7.6e-08, 5.2e-09, 1.10193e+21
7.6e-08, 5.3e-09, 4.9299e+20
7.6e-08, 5.4e-09, 1.23736e+20
8e-08, 6e-10, 1.24005e+20
8e-08, 7e-10, 4.94064e+20
8e-08, 8e-10, 1.10434e+21
8e-08, 9e-10, 1.9452e+21
8e-08, 1e-09, 3.00339e+21
8e-08, 1.1e-09, 4.26221e+21
8e-08, 1.2e-09, 5.7018e+21
8e-08, 1.3e-09, 7.29946e+21
8e-08, 1.4e-09, 9.03e+21
8e-08, 1.5e-09, 1.08661e+22
8e-08, 1.6e-09, 1.27788e+22
8e-08, 1.7e-09, 1.4738e+22
8e-08, 1.8e-09, 1.67128e+22
8e-08, 1.9e-09, 1.86719e+22
8e-08, 2e-09, 2.05846e+22
8e-08, 2.1e-09, 2.24206e+22
8e-08, 2.2e-09, 2.4151e+22
8e-08, 2.3e-09, 2.57485e+22
8e-08, 2.4e-09, 2.7188e+22
8e-08, 2.5e-09, 2.84467e+22
8e-08, 2.6e-09, 2.95048e+22
8e-08, 2.7e-09, 3.03455e+22
8e-08, 2.8e-09, 3.09557e+22
8e-08, 2.9e-09, 3.13257e+22
8e-08, 3e-09, 3.14497e+22
8e-08, 3.1e-09, 3.13256e+22
8e-08, 3.2e-09, 3.09556e+22
8e-08, 3.3e-09, 3.03454e+22
8e-08, 3.4e-09, 2.95046e+22
8e-08, 3.5e-09, 2.84465e+22
8e-08, 3.6e-09, 2.71877e+22
8e-08, 3.7e-09, 2.57482e+22
8e-08, 3.8e-09, 2.41507e+22
8e-08, 3.9e-09, 2.24202e+22
8e-08, 4e-09, 2.05842e+22
8e-08, 4.1e-09, 1.86715e+22
8e-08, 4.2e-09, 1.67124e+22
8e-08, 4.3e-09, 1.47377e+22
8e-08, 4.4e-09, 1.27785e+22
8e-08, 4.5e-09, 1.08658e+22
8e-08, 4.6e-09, 9.02975e+21
8e-08, 4.7e-09, 7.29926e+21
8e-08, 4.8e-09, 5.70163e+21
8e-08, 4.9e-09, 4.26208e+21
8e-08, 5e-09, 3.00329e+21
8e-08, 5.1e-09, 1.94514e+21
8e-08, 5.2e-09, 1.1043e+21
8e-08, 5.3e-09, 4.94047e+20
8e-08, 5.4e-09, 1.24001e+20
8.4e-08, 6e-10, 2.11684e+22
8.4e-08, 7e-10, 8.43397e+22
8.4e-08, 8e-10, 1.88518e+23
8.4e-08, 9e-10, 3.3206e+23
8.4e-08, 1e-09, 5.12702e+23
8.4e-08, 1.1e-09, 7.27596e+23
8.4e-08, 1.2e-09, 9.73352e+23
8.4e-08, 1.3e-09, 1.24609e+24
8.4e-08, 1.4e-09, 1.54152e+24
8.4e-08, 1.5e-09, 1.85498e+24
8.4e-08, 1.6e-09, 2.18151e+24
8.4e-08, 1.7e-09, 2.51598e+24
8.4e-08, 1.8e-09, 2.85311e+24
8.4e-08, 1.9e-09, 3.18758e+24
8.4e-08, 2e-09, 3.51412e+24
8.4e-08, 2.1e-09, 3.82757e+24
8.4e-08, 2.2e-09, 4.123e+24
8.4e-08, 2.3e-09, 4.39574e+24
8.4e-08, 2.4e-09, 4.6415e+24
8.4e-08, 2.5e-09, 4.8564e+24
8.4e-08, 2.6e-09, 5.03704e+24
8.4e-08, 2.7e-09, 5.18058e+24
8.4e-08, 2.8e-09, 5.28476e+24
8.4e-08, 2.9e-09, 5.34793e+24
8.4e-08, 3e-09, 5.3691e+24
8.4e-08, 3.1e-09, 5.34793e+24
8.4e-08, 3.2e-09, 5.28476e+24
8.4e-08, 3.3e-09, 5.18058e+24
8.4e-08, 3.4e-09, 5.03704e+24
8.4e-08, 3.5e-09, 4.8564e+24
8.4e-08, 3.6e-09, 4.6415e+24
8.4e-08, 3.7e-09, 4.39575e+24
8.4e-08, 3.8e-09, 4.123e+24
8.4e-08, 3.9e-09, 3.82758e+24
8.4e-08, 4e-09, 3.51412e+24
8.4e-08, 4.1e-09, 3.18758e+24
8.4e-08, 4.2e-09, 2.85311e+24
8.4e-08, 4.3e-09, 2.51599e+24
8.4e-08, 4.4e-09, 2.18152e+24
8.4e-08, 4.5e-09, 1.85498e+24
8.4e-08, 4.6e-09, 1.54152e+24
8.4e-08, 4.7e-09, 1.2461e+24
8.4e-08, 4.8e-09, 9.73353e+23
8.4e-08, 4.9e-09, 7.27597e+23
8.4e-08, 5e-09, 5.12703e+23
8.4e-08, 5.1e-09, 3.32061e+23
8.4e-08, 5.2e-09, 1.88518e+23
8.4e-08, 5.3e-09, 8.434e+22
8.4e-08, 5.4e-09, 2.11685e+22
8.8e-08, 6e-10, 2.11703e+22
8.8e-08, 7e-10, 8.43472e+22
8.8e-08, 8e-10, 1.88534e+23
8.8e-08, 9e-10, 3.32089e+23
8.8e-08, 1e-09, 5.12747e+23
8.8e-08, 1.1e-09, 7.27659e+23
8.8e-08, 1.2e-09, 9.73436e+23
8.8e-08, 1.3e-09, 1.2462e+24
8.8e-08, 1.4e-09, 1.54165e+24
8.8e-08, 1.5e-09, 1.85514e+24
8.8e-08, 1.6e-09, 2.1817e+24
8.8e-08, 1.7e-09, 2.5162e+24
8.8e-08, 1.8e-09, 2.85336e+24
8.8e-08, 1.9e-09, 3.18785e+24
8.8e-08, 2e-09, 3.51442e+24
8.8e-08, 2.1e-09, 3.8279e+24
8.8e-08, 2.2e-09, 4.12335e+24
8.8e-08, 2.3e-09, 4.39612e+24
8.8e-08, 2.4e-09, 4.64189e+24
8.8e-08, 2.5e-09, 4.85681e+24
8.8e-08, 2.6e-09, 5.03746e+24
8.8e-08, 2.7e-09, 5.18102e+24
8.8e-08, 2.8e-09, 5.28521e+24
8.8e-08, 2.9e-09, 5.34838e+24
8.8e-08, 3e-09, 5.36955e+24
8.8e-08, 3.1e-09, 5.34838e+24
8.8e-08, 3.2e-09, 5.28521e+24
8.8e-08, 3.3e-09, 5.18102e+24
8.8e-08, 3.4e-09, 5.03746e+24
8.8e-08, 3.5e-09, 4.85681e+24
8.8e-08, 3.6e-09, 4.64189e+24
8.8e-08, 3.7e-09, 4.39612e+24
8.8e-08, 3.8e-09, 4.12335e+24
8.8e-08, 3.9e-09, 3.8279e+24
8.8e-08, 4e-09, 3.51442e+24
8.8e-08, 4.1e-09, 3.18785e+24
8.8e-08, 4.2e-09, 2.85336e+24
8.8e-08, 4.3e-09, 2.5162e+24
8.8e-08, 4.4e-09, 2.1817e+24
8.8e-08, 4.5e-09, 1.85514e+24
8.8e-08, 4.6e-09, 1.54165e+24
8.8e-08, 4.7e-09, 1.2462e+24
8.8e-08, 4.8e-09, 9.73436e+23
8.8e-08, 4.9e-09, 7.27659e+23
8.8e-08, 5e-09, 5.12747e+23
8.8e-08, 5.1e-09, 3.32089e+23
8.8e-08, 5.2e-09, 1.88534e+23
8.8e-08, 5.3e-09, 8.43472e+22
8.8e-08, 5.4e-09, 2.11703e+22
9.2e-08, 6e-10, 2.11703e+22
9.2e-08, 7e-10, 8.43472e+22
9.2e-08, 8e-10, 1.88534e+23
9.2e-08, 9e-10, 3.32089e+23
9.2e-08, 1e-09, 5.12747e+23
9.2e-08, 1.1e-09, 7.27659e+23
9.2e-08, 1.2e-09, 9.73436e+23
9.2e-08, 1.3e-09, 1.2462e+24
9.2e-08, 1.4e-09, 1.54165e+24
9.2e-08, 1.5e-09, 1.85514e+24
9.2e-08, 1.6e-09, 2.1817e+24
9.2e-08, 1.7e-09, 2.5162e+24
9.2e-08, 1.8e-09, 2.85336e+24
9.2e-08, 1.9e-09, 3.18785e+24
9.2e-08, 2e-09, 3.51442e+24
9.2e-08, 2.1e-09, 3.8279e+24
9.2e-08, 2.2e-09, 4.12335e+24
9.2e-08, 2.3e-09, 4.39612e+24
9.2e-08, 2.4e-09, 4.64189e+24
9.2e-08, 2.5e-09, 4.85681e+24
9.2e-08, 2.6e-09, 5.03746e+24
9.2e-08, 2.7e-09, 5.18102e+24
9.2e-08, 2.8e-09, 5.28521e+24
9.2e-08, 2.9e-09, 5.34838e+24
9.2e-08, 3e-09, 5.36955e+24
9.2e-08, 3.1e-09, 5.34838e+24
9.2e-08, 3.2e-09, 5.28521e+24
9.2e-08, 3.3e-09, 5.18102e+24
9.2e-08, 3.4e-09, 5.03746e+24
9.2e-08, 3.5e-09, 4.85681e+24
9.2e-08, 3.6e-09, 4.64189e+24
9.2e-08, 3.7e-09, 4.39612e+24
9.2e-08, 3.8e-09, 4.12335e+24
9.2e-08, 3.9e-09, 3.8279e+24
9.2e-08, 4e-09, 3.51442e+24
9.2e-08, 4.1e-09, 3.18785e+24
9.2e-08, 4.2e-09, 2.85336e+24
9.2e-08, 4.3e-09, 2.5162e+24
9.2e-08, 4.4e-09, 2.1817e+24
9.2e-08, 4.5e-09, 1.85514e+24
9.2e-08, 4.6e-09, 1.54165e+24
9.2e-08, 4.7e-09, 1.2462e+24
9.2e-08, 4.8e-09, 9.73436e+23
9.2e-08, 4.9e-09, 7.27659e+23
9.2e-08, 5e-09, 5.12747e+23
9.2e-08, 5.1e-09, 3.32089e+23
9.2e-08, 5.2e-09, 1.88534e+23
9.2e-08, 5.3e-09, 8.43472e+22
9.2e-08, 5.4e-09, 2.11703e+22
9.6e-08, 6e-10, 2.11703e+22
9.6e-08, 7e-10, 8.43472e+22
9.6e-08, 8e-10, 1.88534e+23
9.6e-08, 9e-10, 3.32089e+23
9.6e-08, 1e-09, 5.12747e+23
9.6e-08, 1.1e-09, 7.27659e+23
9.6e-08, 1.2e-09, 9.73436e+23
9.6e-08, 1.3e-09, 1.2462e+24
9.6e-08, 1.4e-09, 1.54165e+24
9.6e-08, 1.5e-09, 1.85514e+24
9.6e-08, 1.6e-09, 2.1817e+24
9.6e-08, 1.7e-09, 2.5162e+24
9.6e-08, 1.8e-09, 2.85336e+24
9.6e-08, 1.9e-09, 3.18785e+24
9.6e-08, 2e-09, 3.51442e+24
9.6e-08, 2.1e-09, 3.8279e+24
9.6e-08, 2.2e-09, 4.12335e+24
9.6e-08, 2.3e-09, 4.39612e+24
9.6e-08, 2.4e-09, 4.64189e+24
9.6e-08, 2.5e-09, 4.85681e+24
9.6e-08, 2.6e-09, 5.03746e+24
9.6e-08, 2.7e-09, 5.18102e+24
9.6e-08, 2.8e-09, 5.28521e+24
9.6e-08, 2.9e-09, 5.34838e+24
9.6e-08, 3e-09, 5.36955e+24
9.6e-08, 3.1e-09, 5.34838e+24
9.6e-08, 3.2e-09, 5.28521e+24
9.6e-08, 3.3e-09, 5.18102e+24
9.6e-08, 3.4e-09, 5.03746e+24
9.6e-08, 3.5e-09, 4.85681e+24
9.6e-08, 3.6e-09, 4.64189e+24
9.6e-08, 3.7e-09, 4.39612e+24
9.6e-08, 3.8e-09, 4.12335e+24
9.6e-08, 3.9e-09, 3.8279e+24
9.6e-08, 4e-09, 3.51442e+24
9.6e-08, 4.1e-09, 3.18785e+24
9.6e-08, 4.2e-09, 2.85336e+24
9.6e-08, 4.3e-09, 2.5162e+24
9.6e-08, 4.4e-09, 2.1817e+24
9.6e-08, 4.5e-09, 1.85514e+24
9.6e-08, 4.6e-09, 1.54165e+24
9.6e-08, 4.7e-09, 1.2462e+24
9.6e-08, 4.8e-09, 9.73436e+23
9.6e-08, 4.9e-09, 7.27659e+23
9.6e-08, 5e-09, 5.12747e+23
9.6e-08, 5.1e-09, 3.32089e+23
9.6e-08, 5.2e-09, 1.88534e+23
9.6e-08, 5.3e-09, 8.43472e+22
9.6e-08, 5.4e-09, 2.11703e+22
1e-07, 6e-10, 2.11703e+22
1e-07, 7e-10, 8.43472e+22
1e-07, 8e-10, 1.88534e+23
1e-07, 9e-10, 3.32089e+23
1e-07, 1e-09, 5.12747e+23
1e-07, 1.1e-09, 7.27659e+23
1e-07, 1.2e-09, 9.73436e+23
1e-07, 1.3e-09, 1.2462e+24
1e-07, 1.4e-09, 1.54165e+24
1e-07, 1.5e-09, 1.85514e+24
1e-07, 1.6e-09, 2.1817e+24
1e-07, 1.7e-09, 2.5162e+24
1e-07, 1.8e-09, 2.85336e+24
1e-07, 1.9e-09, 3.18785e+24
1e-07, 2e-09, 3.51442e+24
1e-07, 2.1e-09, 3.8279e+24
1e-07, 2.2e-09, 4.12335e+24
1e-07, 2.3e-09, 4.39612e+24
1e-07, 2.4e-09, 4.64189e+24
1e-07, 2.5e-09, 4.85681e+24
1e-07, 2.6e-09, 5.03746e+24
1e-07, 2.7e-09, 5.18102e+24
1e-07, 2.8e-09, 5.28521e+24
1e-07, 2.9e-09, 5.34838e+24
1e-07, 3e-09, 5.36955e+24
1e-07, 3.1e-09, 5.34838e+24
1e-07, 3.2e-09, 5.28521e+24
1e-07, 3.3e-09, 5.18102e+24
1e-07, 3.4e-09, 5.03746e+24
1e-07, 3.5e-09, 4.85681e+24
1e-07, 3.6e-09, 4.64189e+24
1e-07, 3.7e-09, 4.39612e+24
1e-07, 3.8e-09, 4.12335e+24
1e-07, 3.9e-09, 3.8279e+24
1e-07, 4e-09, 3.51442e+24
1e-07, 4.1e-09, 3.18785e+24
1e-07, 4.2e-09, 2.85336e+24
1e-07, 4.3e-09, 2.5162e+24
1e-07, 4.4e-09, 2.1817e+24
1e-07, 4.5e-09, 1.85514e+24
1e-07, 4.6e-09, 1.54165e+24
1e-07, 4.7e-09, 1.2462e+24
1e-07, 4.8e-09, 9.73436e+23
1e-07, 4.9e-09, 7.27659e+23
1e-07, 5e-09, 5.12747e+23
1e-07, 5.1e-09, 3.32089e+23
1e-07, 5.2e-09, 1.88534e+23
1e-07, 5.3e-09, 8.43472e+22
1e-07, 5.4e-09, 2.11703e+22
1.04e-07, 6e-10, 2.11703e+22
1.04e-07, 7e-10, 8.43472e+22
1.04e-07, 8e-10, 1.88534e+23
1.04e-07, 9e-10, 3.32089e+23
1.04e-07, 1e-09, 5.12747e+23
1.04e-07, 1.1e-09, 7.27659e+23
1.04e-07, 1.2e-09, 9.73436e+23
1.04e-07, 1.3e-09, 1.2462e+24
1.04e-07, 1.4e-09, 1.54165e+24
1.04e-07, 1.5e-09, 1.85514e+24
1.04e-07, 1.6e-09, 2.1817e+24
1.04e-07, 1.7e-09, 2.5162e+24
1.04e-07, 1.8e-09, 2.85336e+24
1.04e-07, 1.9e-09, 3.18785e+24
1.04e-07, 2e-09, 3.51442e+24
1.04e-07, 2.1e-09, 3.8279e+24
1.04e-07, 2.2e-09, 4.12335e+24
1.04e-07, 2.3e-09, 4.39612e+24
1.04e-07, 2.4e-09, 4.64189e+24
1.04e-07, 2.5e-09, 4.85681e+24
1.04e-07, 2.6e-09, 5.03746e+24
1.04e-07, 2.7e-09, 5.18102e+24
1.04e-07, 2.8e-09, 5.28521e+24
1.04e-07, 2.9e-09, 5.34838e+24
1.04e-07, 3e-09, 5.36955e+24
1.04e-07, 3.1e-09, 5.34838e+24
1.04e-07, 3.2e-09, 5.28521e+24
1.04e-07, 3.3e-09, 5.18102e+24
1.04e-07, 3.4e-09, 5.03746e+24
1.04e-07, 3.5e-09, 4.85681e+24
1.04e-07, 3.6e-09, 4.64189e+24
1.04e-07, 3.7e-09, 4.39612e+24
1.04e-07, 3.8e-09, 4.12335e+24
1.04e-07, 3.9e-09, 3.8279e+24
1.04e-07, 4e-09, 3.51442e+24
1.04e-07, 4.1e-09, 3.18785e+24
1.04e-07, 4.2e-09, 2.85336e+24
1.04e-07, 4.3e-09, 2.5162e+24
1.04e-07, 4.4e-09, 2.1817e+24
1.04e-07, 4.5e-09, 1.85514e+24
1.04e-07, 4.6e-09, 1.54165e+24
1.04e-07, 4.7e-09, 1.2462e+24
1.04e-07, 4.8e-09, 9.73436e+23
1.04e-07, 4.9e-09, 7.27659e+23
1.04e-07, 5e-09, 5.12747e+23
1.04e-07, 5.1e-09, 3.32089e+23
1.04e-07, 5.2e-09, 1.88534e+23
1.04e-07, 5.3e-09, 8.43472e+22
1.04e-07, 5.4e-09, 2.11703e+22
1.08e-07, 6e-10, 2.11703e+22
1.08e-07, 7e-10, 8.43472e+22
1.08e-07, 8e-10, 1.88534e+23
1.08e-07, 9e-10, 3.32089e+23
1.08e-07, 1e-09, 5.12747e+23
1.08e-07, 1.1e-09, 7.27659e+23
1.08e-07, 1.2e-09, 9.73436e+23
1.08e-07, 1.3e-09, 1.2462e+24
1.08e-07, 1.4e-09, 1.54165e+24
1.08e-07, 1.5e-09, 1.85514e+24
1.08e-07, 1.6e-09, 2.1817e+24
1.08e-07, 1.7e-09, 2.5162e+24
1.08e-07, 1.8e-09, 2.85336e+24
1.08e-07, 1.9e-09, 3.18785e+24
1.08e-07, 2e-09, 3.51442e+24
1.08e-07, 2.1e-09, 3.8279e+24
1.08e-07, 2.2e-09, 4.12335e+24
1.08e-07, 2.3e-09, 4.39612e+24
1.08e-07, 2.4e-09, 4.64189e+24
1.08e-07, 2.5e-09, 4.85681e+24
1.08e-07, 2.6e-09, 5.03746e+24
1.08e-07, 2.7e-09, 5.18102e+24
1.08e-07, 2.8e-09, 5.28521e+24
1.08e-07, 2.9e-09, 5.34838e+24
1.08e-07, 3e-09, 5.36955e+24
1.08e-07, 3.1e-09, 5.34838e+24
1.08e-07, 3.2e-09, 5.28521e+24
1.08e-07, 3.3e-09, 5.18102e+24
1.08e-07, 3.4e-09, 5.03746e+24
1.08e-07, 3.5e-09, 4.85681e+24
1.08e-07, 3.6e-09, 4.64189e+24
1.08e-07, 3.7e-09, 4.39612e+24
1.08e-07, 3.8e-09, 4.12335e+24
1.08e-07, 3.9e-09, 3.8279e+24
1.08e-07, 4e-09, 3.51442e+24
1.08e-07, 4.1e-09, 3.18785e+24
1.08e-07, 4.2e-09, 2.85336e+24
1.08e-07, 4.3e-09, 2.5162e+24
1.08e-07, 4.4e-09, 2.1817e+24
1.08e-07, 4.5e-09, 1.85514e+24
1.08e-07, 4.6e-09, 1.54165e+24
1.08e-07, 4.7e-09, 1.2462e+24
1.08e-07, 4.8e-09, 9.73436e+23
1.08e-07, 4.9e-09, 7.27659e+23
1.08e-07, 5e-09, 5.12747e+23
1.08e-07, 5.1e-09, 3.32089e+23
1.08e-07, 5.2e-09, 1.88534e+23
1.08e-07, 5.3e-09, 8.43472e+22
1.08e-07, 5.4e-09, 2.11703e+22
1.12e-07, 6e-10, 2.11703e+22
1.12e-07, 7e-10, 8.43472e+22
1.12e-07, 8e-10, 1.88534e+23
1.12e-07, 9e-10, 3.32089e+23
1.12e-07, 1e-09, 5.12747e+23
1.12e-07, 1.1e-09, 7.27659e+23
1.12e-07, 1.2e-09, 9.73436e+23
1.12e-07, 1.3e-09, 1.2462e+24
1.12e-07, 1.4e-09, 1.54165e+24
1.12e-07, 1.5e-09, 1.85514e+24
1.12e-07, 1.6e-09, 2.1817e+24
1.12e-07, 1.7e-09, 2.5162e+24
1.12e-07, 1.8e-09, 2.85336e+24
1.12e-07, 1.9e-09, 3.18785e+24
1.12e-07, 2e-09, 3.51442e+24
1.12e-07, 2.1e-09, 3.8279e+24
1.12e-07, 2.2e-09, 4.12335e+24
1.12e-07, 2.3e-09, 4.39612e+24
1.12e-07, 2.4e-09, 4.64189e+24
1.12e-07, 2.5e-09, 4.85681e+24
1.12e-07, 2.6e-09, 5.03746e+24
1.12e-07, 2.7e-09, 5.18102e+24
1.12e-07, 2.8e-09, 5.28521e+24
1.12e-07, 2.9e-09, 5.34838e+24
1.12e-07, 3e-09, 5.36955e+24
1.12e-07, 3.1e-09, 5.34838e+24
1.12e-07, 3.2e-09, 5.28521e+24
1.12e-07, 3.3e-09, 5.18102e+24
1.12e-07, 3.4e-09, 5.03746e+24
1.12e-07, 3.5e-09, 4.85681e+24
1.12e-07, 3.6e-09, 4.64189e+24
1.12e-07, 3.7e-09, 4.39612e+24
1.12e-07, 3.8e-09, 4.12335e+24
1.12e-07, 3.9e-09, 3.8279e+24
1.12e-07, 4e-09, 3.51442e+24
1.12e-07, 4.1e-09, 3.18785e+24
1.12e-07, 4.2e-09, 2.85336e+24
1.12e-07, 4.3e-09, 2.5162e+24
1.12e-07, 4.4e-09, 2.1817e+24
1.12e-07, 4.5e-09, 1.85514e+24
1.12e-07, 4.6e-09, 1.54165e+24
1.12e-07, 4.7e-09, 1.2462e+24
1.12e-07, 4.8e-09, 9.73436e+23
1.12e-07, 4.9e-09, 7.27659e+23
1.12e-07, 5e-09, 5.12747e+23
1.12e-07, 5.1e-09, 3.32089e+23
1.12e-07, 5.2e-09, 1.88534e+23
1.12e-07, 5.3e-09, 8.43472e+22
1.12e-07, 5.4e-09, 2.11703e+22
1.16e-07, 6e-10, 2.11831e+22
1.16e-07, 7e-10, 8.43983e+22
1.16e-07, 8e-10, 1.88648e+23
1.16e-07, 9e-10, 3.32289e+23
1.16e-07, 1e-09, 5.13054e+23
1.16e-07, 1.1e-09, 7.28093e+23
1.16e-07, 1.2e-09, 9.74014e+23
1.16e-07, 1.3e-09, 1.24694e+24
1.16e-07, 1.4e-09, 1.54256e+24
1.16e-07, 1.5e-09, 1.85622e+24
1.16e-07, 1.6e-09, 2.18297e+24
1.16e-07, 1.7e-09, 2.51766e+24
1.16e-07, 1.8e-09, 2.85501e+24
1.16e-07, 1.9e-09, 3.1897e+24
1.16e-07, 2e-09, 3.51644e+24
1.16e-07, 2.1e-09, 3.8301e+24
1.16e-07, 2.2e-09, 4.12572e+24
1.16e-07, 2.3e-09, 4.39864e+24
1.16e-07, 2.4e-09, 4.64455e+24
1.16e-07, 2.5e-09, 4.85958e+24
1.16e-07, 2.6e-09, 5.04034e+24
1.16e-07, 2.7e-09, 5.18397e+24
1.16e-07, 2.8e-09, 5.28822e+24
1.16e-07, 2.9e-09, 5.35143e+24
1.16e-07, 3e-09, 5.37261e+24
1.16e-07, 3.1e-09, 5.35143e+24
1.16e-07, 3.2e-09, 5.28821e+24
1.16e-07, 3.3e-09, 5.18396e+24
1.16e-07, 3.4e-09, 5.04033e+24
1.16e-07, 3.5e-09, 4.85957e+24
1.16e-07, 3.6e-09, 4.64453e+24
1.16e-07, 3.7e-09, 4.39862e+24
1.16e-07, 3.8e-09, 4.1257e+24
1.16e-07, 3.9e-09, 3.83008e+24
1.16e-07, 4e-09, 3.51642e+24
1.16e-07, 4.1e-09, 3.18967e+24
1.16e-07, 4.2e-09, 2.85499e+24
1.16e-07, 4.3e-09, 2.51764e+24
1.16e-07, 4.4e-09, 2.18295e+24
1.16e-07, 4.5e-09, 1.8562e+24
1.16e-07, 4.6e-09, 1.54254e+24
1.16e-07, 4.7e-09, 1.24692e+24
1.16e-07, 4.8e-09, 9.74e+23
1.16e-07, 4.9e-09, 7.28082e+23
1.16e-07, 5e-09, 5.13046e+23
1.16e-07, 5.1e-09, 3.32283e+23
1.16e-07, 5.2e-09, 1.88645e+23
1.16e-07, 5.3e-09, 8.43967e+22
1.16e-07, 5.4e-09, 2.11827e+22
1.2e-07, 6e-10, 1.04102e+24
1.2e-07, 7e-10, 4.14765e+24
1.2e-07, 8e-10, 9.27092e+24
1.2e-07, 9e-10, 1.633e+25
1.2e-07, 1e-09, 2.52136e+25
1.2e-07, 1.1e-09, 3.57816e+25
1.2e-07, 1.2e-09, 4.78674e+25
1.2e-07, 1.3e-09, 6.12803e+25
1.2e-07, 1.4e-09, 7.58088e+25
1.2e-07, 1.5e-09, 9.12238e+25
1.2e-07, 1.6e-09, 1.07282e+26
1.2e-07, 1.7e-09, 1.23731e+26
1.2e-07, 1.8e-09, 1.4031e+26
1.2e-07, 1.9e-09, 1.56759e+26
1.2e-07, 2e-09, 1.72817e+26
1.2e-07, 2.1e-09, 1.88232e+26
1.2e-07, 2.2e-09, 2.0276e+26
1.2e-07, 2.3e-09, 2.16173e+26
1.2e-07, 2.4e-09, 2.28259e+26
1.2e-07, 2.5e-09, 2.38827e+26
1.2e-07, 2.6e-09, 2.47711e+26
1.2e-07, 2.7e-09, 2.5477e+26
1.2e-07, 2.8e-09, 2.59893e+26
1.2e-07, 2.9e-09, 2.63e+26
1.2e-07, 3e-09, 2.64041e+26
1.2e-07, 3.1e-09, 2.63e+26
1.2e-07, 3.2e-09, 2.59893e+26
1.2e-07, 3.3e-09, 2.5477e+26
1.2e-07, 3.4e-09, 2.47711e+26
1.2e-07, 3.5e-09, 2.38827e+26
1.2e-07, 3.6e-09, 2.28259e+26
1.2e-07, 3.7e-09, 2.16173e+26
1.2e-07, 3.8e-09, 2.0276e+26
1.2e-07, 3.9e-09, 1.88232e+26
1.2e-07, 4e-09, 1.72817e+26
1.2e-07, 4.1e-09, 1.56759e+26
1.2e-07, 4.2e-09, 1.4031e+26
1.2e-07, 4.3e-09, 1.23731e+26
1.2e-07, 4.4e-09, 1.07282e+26
1.2e-07, 4.5e-09, 9.12239e+25
1.2e-07, 4.6e-09, 7.58089e+25
1.2e-07, 4.7e-09, 6.12803e+25
1.2e-07, 4.8e-09, 4.78674e+25
1.2e-07, 4.9e-09, 3.57817e+25
1.2e-07, 5e-09, 2.52137e+25
1.2e-07, 5.1e-09, 1.633e+25
1.2e-07, 5.2e-09, 9.27094e+24
1.2e-07, 5.3e-09, 4.14766e+24
1.2e-07, 5.4e-09, 1.04102e+24
