0.909209
0.909209
0.90921
0.909211
0.909213
0.909215
0.909215
0.909215
0.909215
0.909215
0.909215
0.909215
0.909215
0.909215
0.909215
0.909215
0.909215
0.909215
0.909215
0.909215
0.909215
0.909215
0.909215
0.909215
0.909215
0.909215
0.909215
0.909215
0.909215
0.909215
0.909215
0.909215
0.909215
0.909215
0.909215
0.909215
0.909215
0.909215
0.909215
0.909215
0.909215
0.909215
0.909215
0.909215
0.909215
0.909215
0.909215
0.909215
0.909215
0.909215
0.909215
0.909215
0.909215
0.909215
0.909215
0.909215
0.909213
0.909211
0.90921
0.909209
0.909209
0.575488
0.575488
0.575488
0.575487
0.575486
0.575485
0.575485
0.575485
0.575484
0.575484
0.575484
0.575484
0.575484
0.575484
0.575484
0.575483
0.575483
0.575483
0.575483
0.575483
0.575483
0.575483
0.575483
0.575483
0.575483
0.575483
0.575483
0.575483
0.575483
0.575483
0.575483
0.575483
0.575483
0.575483
0.575483
0.575483
0.575483
0.575483
0.575483
0.575483
0.575483
0.575483
0.575483
0.575483
0.575483
0.575483
0.575484
0.575484
0.575484
0.575484
0.575484
0.575484
0.575484
0.575485
0.575485
0.575485
0.575486
0.575487
0.575488
0.575488
0.575488
0.575475
0.575475
0.575475
0.575475
0.575475
0.575475
0.575475
0.575475
0.575475
0.575475
0.575475
0.575475
0.575475
0.575475
0.575475
0.575475
0.575475
0.575475
0.575475
0.575475
0.575475
0.575475
0.575475
0.575475
0.575475
0.575475
0.575475
0.575475
0.575475
0.575475
0.575475
0.575475
0.575475
0.575475
0.575475
0.575475
0.575475
0.575475
0.575475
0.575475
0.575475
0.575475
0.575475
0.575475
0.575475
0.575475
0.575475
0.575475
0.575475
0.575475
0.575475
0.575475
0.575475
0.575475
0.575475
0.575475
0.575475
0.575475
0.575475
0.575475
0.575475
0.575475
0.575475
0.575475
0.575475
0.575475
0.575475
0.575475
0.575475
0.575475
0.575475
0.575475
0.575475
0.575475
0.575475
0.575475
0.575475
0.575475
0.575475
0.575475
0.575475
0.575475
0.575475
0.575475
0.575475
0.575475
0.575475
0.575475
0.575475
0.575475
0.575475
0.575475
0.575475
0.575475
0.575475
0.575475
0.575475
0.575475
0.575475
0.575475
0.575475
0.575475
0.575475
0.575475
0.575475
0.575475
0.575475
0.575475
0.575475
0.575475
0.575475
0.575475
0.575475
0.575475
0.575475
0.575475
0.575475
0.575475
0.575475
0.575475
0.575475
0.575475
0.575475
0.575475
0.575475
0.575475
0.575475
0.575475
0.575475
0.575475
0.575475
0.575475
0.575475
0.575475
0.575475
0.575475
0.575475
0.575475
0.575475
0.575475
0.575475
0.575475
0.575475
0.575475
0.575475
0.575475
0.575475
0.575475
0.575475
0.575475
0.575475
0.575475
0.575475
0.575475
0.575475
0.575475
0.575475
0.575475
0.575475
0.575475
0.575475
0.575475
0.575475
0.575475
0.575475
0.575475
0.575475
0.575475
0.575475
0.575475
0.575475
0.575475
0.575475
0.575475
0.575475
0.575475
0.575475
0.575475
0.575475
0.575475
0.575475
0.575475
0.575475
0.575475
0.575475
0.575475
0.575475
0.575475
0.575475
0.575475
0.575475
0.575475
0.575475
0.575475
0.575475
0.575475
0.575475
0.575475
0.575475
0.575475
0.575475
0.575475
0.575475
0.575475
0.575475
0.575475
0.575475
0.575475
0.575475
0.575475
0.575475
0.575475
0.575475
0.575475
0.575475
0.575475
0.575475
0.575475
0.575475
0.575475
0.575475
0.575475
0.575475
0.575475
0.575475
0.575475
0.575475
0.575475
0.575475
0.575475
0.575475
0.575475
0.575475
0.575475
0.575475
0.575475
0.575475
0.575475
0.575475
0.575475
0.575475
0.575475
0.575475
0.575475
0.575475
0.575475
0.575475
0.575475
0.575475
0.575475
0.575475
0.575475
0.575475
0.575475
0.575475
0.575475
0.575475
0.575475
0.575475
0.575475
0.575475
0.575475
0.575475
0.575475
0.575475
0.575475
0.575475
0.575475
0.575475
0.575475
0.575475
0.575475
0.575475
0.575475
0.575475
0.575475
0.575475
0.575475
0.575475
0.575475
0.575475
0.575475
0.575475
0.575475
0.575475
0.575475
0.575475
0.575475
0.575475
0.575475
0.575475
0.575475
0.575475
0.575475
0.575475
0.575475
0.575475
0.575475
0.575475
0.575475
0.575475
0.575475
0.575475
0.575475
0.575475
0.575475
0.575475
0.575475
0.575475
0.575475
0.575475
0.575475
0.575475
0.575475
0.575475
0.575475
0.575475
0.575475
0.575475
0.575475
0.575475
0.575475
0.575475
0.575475
0.575475
0.575475
0.575475
0.575475
0.575475
0.575475
0.575475
0.575475
0.575475
0.575475
0.575475
0.575475
0.575475
0.575475
0.575475
0.575475
0.575475
0.575475
0.575475
0.575475
0.575475
0.575475
0.575475
0.575475
0.575475
0.575475
0.575475
0.575475
0.575475
0.575475
0.575475
0.575475
0.575475
0.575475
0.575475
0.575475
0.575475
0.575475
0.575475
0.575475
0.575475
0.575475
0.575475
0.575475
0.575475
0.575475
0.575475
0.575475
0.575475
0.575475
0.575475
0.575475
0.575475
0.575475
0.575475
0.575475
0.575475
0.575475
0.575475
0.575475
0.575475
0.575475
0.575475
0.575475
0.575475
0.575475
0.575475
0.575475
0.575475
0.575475
0.575475
0.575475
0.575475
0.575475
0.575475
0.575475
0.575475
0.575475
0.575475
0.575475
0.575475
0.575475
0.575475
0.575475
0.575475
0.575475
0.575475
0.575475
0.575475
0.575475
0.575475
0.575475
0.575475
0.575475
0.575475
0.575475
0.575475
0.575475
0.575475
0.575475
0.575475
0.575475
0.575475
0.57547
0.57547
0.57547
0.57547
0.575471
0.575471
0.575471
0.575471
0.575471
0.575472
0.575472
0.575472
0.575472
0.575472
0.575472
0.575472
0.575472
0.575472
0.575472
0.575472
0.575472
0.575472
0.575472
0.575472
0.575472
0.575472
0.575472
0.575472
0.575472
0.575472
0.575472
0.575472
0.575472
0.575472
0.575472
0.575472
0.575472
0.575472
0.575472
0.575472
0.575472
0.575472
0.575472
0.575472
0.575472
0.575472
0.575472
0.575472
0.575472
0.575472
0.575472
0.575472
0.575471
0.575471
0.575471
0.575471
0.575471
0.57547
0.57547
0.57547
0.57547
0.43374
0.433739
0.433737
0.433736
0.433734
0.433733
0.433732
0.433732
0.433731
0.433731
0.43373
0.43373
0.433729
0.433729
0.433728
0.433728
0.433728
0.433727
0.433727
0.433727
0.433727
0.433726
0.433726
0.433726
0.433726
0.433726
0.433726
0.433726
0.433726
0.433726
0.433726
0.433726
0.433726
0.433726
0.433726
0.433726
0.433726
0.433726
0.433726
0.433726
0.433727
0.433727
0.433727
0.433727
0.433728
0.433728
0.433728
0.433729
0.433729
0.43373
0.43373
0.433731
0.433731
0.433732
0.433732
0.433733
0.433734
0.433736
0.433737
0.433739
0.43374
0.43374
0.433732
0.433723
0.433715
0.433706
0.433698
0.433695
0.433692
0.43369
0.433687
0.433685
0.433683
0.433681
0.433679
0.433677
0.433675
0.433674
0.433672
0.433671
0.433669
0.433668
0.433667
0.433666
0.433665
0.433664
0.433664
0.433663
0.433663
0.433663
0.433662
0.433662
0.433662
0.433663
0.433663
0.433663
0.433664
0.433664
0.433665
0.433666
0.433667
0.433668
0.433669
0.433671
0.433672
0.433674
0.433675
0.433677
0.433679
0.433681
0.433683
0.433685
0.433687
0.43369
0.433692
0.433695
0.433698
0.433706
0.433715
0.433723
0.433732
0.43374
0.43374
0.433732
0.433723
0.433715
0.433706
0.433698
0.433695
0.433692
0.43369
0.433687
0.433685
0.433683
0.433681
0.433679
0.433677
0.433675
0.433673
0.433672
0.433671
0.433669
0.433668
0.433667
0.433666
0.433665
0.433664
0.433664
0.433663
0.433663
0.433663
0.433662
0.433662
0.433662
0.433663
0.433663
0.433663
0.433664
0.433664
0.433665
0.433666
0.433667
0.433668
0.433669
0.433671
0.433672
0.433673
0.433675
0.433677
0.433679
0.433681
0.433683
0.433685
0.433687
0.43369
0.433692
0.433695
0.433698
0.433706
0.433715
0.433723
0.433732
0.43374
0.43374
0.433732
0.433723
0.433715
0.433706
0.433698
0.433695
0.433692
0.43369
0.433687
0.433685
0.433683
0.433681
0.433679
0.433677
0.433675
0.433673
0.433672
0.433671
0.433669
0.433668
0.433667
0.433666
0.433665
0.433664
0.433664
0.433663
0.433663
0.433663
0.433662
0.433662
0.433662
0.433663
0.433663
0.433663
0.433664
0.433664
0.433665
0.433666
0.433667
0.433668
0.433669
0.433671
0.433672
0.433673
0.433675
0.433677
0.433679
0.433681
0.433683
0.433685
0.433687
0.43369
0.433692
0.433695
0.433698
0.433706
0.433715
0.433723
0.433732
0.43374
0.43374
0.433732
0.433723
0.433715
0.433706
0.433698
0.433695
0.433692
0.43369
0.433687
0.433685
0.433683
0.433681
0.433679
0.433677
0.433675
0.433673
0.433672
0.433671
0.433669
0.433668
0.433667
0.433666
0.433665
0.433664
0.433664
0.433663
0.433663
0.433663
0.433662
0.433662
0.433662
0.433663
0.433663
0.433663
0.433664
0.433664
0.433665
0.433666
0.433667
0.433668
0.433669
0.433671
0.433672
0.433673
0.433675
0.433677
0.433679
0.433681
0.433683
0.433685
0.433687
0.43369
0.433692
0.433695
0.433698
0.433706
0.433715
0.433723
0.433732
0.43374
0.43374
0.433732
0.433723
0.433715
0.433706
0.433698
0.433695
0.433692
0.43369
0.433687
0.433685
0.433683
0.433681
0.433679
0.433677
0.433675
0.433673
0.433672
0.433671
0.433669
0.433668
0.433667
0.433666
0.433665
0.433664
0.433664
0.433663
0.433663
0.433663
0.433662
0.433662
0.433662
0.433663
0.433663
0.433663
0.433664
0.433664
0.433665
0.433666
0.433667
0.433668
0.433669
0.433671
0.433672
0.433673
0.433675
0.433677
0.433679
0.433681
0.433683
0.433685
0.433687
0.43369
0.433692
0.433695
0.433698
0.433706
0.433715
0.433723
0.433732
0.43374
0.43374
0.433732
0.433723
0.433715
0.433706
0.433698
0.433695
0.433692
0.43369
0.433687
0.433685
0.433683
0.433681
0.433679
0.433677
0.433675
0.433673
0.433672
0.433671
0.433669
0.433668
0.433667
0.433666
0.433665
0.433664
0.433664
0.433663
0.433663
0.433663
0.433662
0.433662
0.433662
0.433663
0.433663
0.433663
0.433664
0.433664
0.433665
0.433666
0.433667
0.433668
0.433669
0.433671
0.433672
0.433673
0.433675
0.433677
0.433679
0.433681
0.433683
0.433685
0.433687
0.43369
0.433692
0.433695
0.433698
0.433706
0.433715
0.433723
0.433732
0.43374
0.43374
0.433732
0.433723
0.433715
0.433706
0.433698
0.433695
0.433692
0.43369
0.433687
0.433685
0.433683
0.433681
0.433679
0.433677
0.433675
0.433673
0.433672
0.433671
0.433669
0.433668
0.433667
0.433666
0.433665
0.433664
0.433664
0.433663
0.433663
0.433663
0.433662
0.433662
0.433662
0.433663
0.433663
0.433663
0.433664
0.433664
0.433665
0.433666
0.433667
0.433668
0.433669
0.433671
0.433672
0.433673
0.433675
0.433677
0.433679
0.433681
0.433683
0.433685
0.433687
0.43369
0.433692
0.433695
0.433698
0.433706
0.433715
0.433723
0.433732
0.43374
0.43374
0.433732
0.433723
0.433715
0.433706
0.433698
0.433695
0.433692
0.43369
0.433687
0.433685
0.433683
0.433681
0.433679
0.433677
0.433675
0.433673
0.433672
0.433671
0.433669
0.433668
0.433667
0.433666
0.433665
0.433664
0.433664
0.433663
0.433663
0.433663
0.433662
0.433662
0.433662
0.433663
0.433663
0.433663
0.433664
0.433664
0.433665
0.433666
0.433667
0.433668
0.433669
0.433671
0.433672
0.433673
0.433675
0.433677
0.433679
0.433681
0.433683
0.433685
0.433687
0.43369
0.433692
0.433695
0.433698
0.433706
0.433715
0.433723
0.433732
0.43374
0.43374
0.433732
0.433723
0.433715
0.433706
0.433698
0.433695
0.433692
0.43369
0.433687
0.433685
0.433683
0.433681
0.433679
0.433677
0.433675
0.433674
0.433672
0.433671
0.433669
0.433668
0.433667
0.433666
0.433665
0.433664
0.433664
0.433663
0.433663
0.433663
0.433662
0.433662
0.433662
0.433663
0.433663
0.433663
0.433664
0.433664
0.433665
0.433666
0.433667
0.433668
0.433669
0.433671
0.433672
0.433674
0.433675
0.433677
0.433679
0.433681
0.433683
0.433685
0.433687
0.43369
0.433692
0.433695
0.433698
0.433706
0.433715
0.433723
0.433732
0.43374
0.43374
0.433739
0.433737
0.433736
0.433734
0.433733
0.433732
0.433732
0.433731
0.433731
0.43373
0.43373
0.433729
0.433729
0.433728
0.433728
0.433728
0.433727
0.433727
0.433727
0.433727
0.433726
0.433726
0.433726
0.433726
0.433726
0.433726
0.433726
0.433726
0.433726
0.433726
0.433726
0.433726
0.433726
0.433726
0.433726
0.433726
0.433726
0.433726
0.433726
0.433727
0.433727
0.433727
0.433727
0.433728
0.433728
0.433728
0.433729
0.433729
0.43373
0.43373
0.433731
0.433731
0.433732
0.433732
0.433733
0.433734
0.433736
0.433737
0.433739
0.43374
0.57547
0.57547
0.57547
0.57547
0.575471
0.575471
0.575471
0.575471
0.575471
0.575472
0.575472
0.575472
0.575472
0.575472
0.575472
0.575472
0.575472
0.575472
0.575472
0.575472
0.575472
0.575472
0.575472
0.575472
0.575472
0.575472
0.575472
0.575472
0.575472
0.575472
0.575472
0.575472
0.575472
0.575472
0.575472
0.575472
0.575472
0.575472
0.575472
0.575472
0.575472
0.575472
0.575472
0.575472
0.575472
0.575472
0.575472
0.575472
0.575472
0.575472
0.575472
0.575472
0.575471
0.575471
0.575471
0.575471
0.575471
0.57547
0.57547
0.57547
0.57547
0.575475
0.575475
0.575475
0.575475
0.575475
0.575475
0.575475
0.575475
0.575475
0.575475
0.575475
0.575475
0.575475
0.575475
0.575475
0.575475
0.575475
0.575475
0.575475
0.575475
0.575475
0.575475
0.575475
0.575475
0.575475
0.575475
0.575475
0.575475
0.575475
0.575475
0.575475
0.575475
0.575475
0.575475
0.575475
0.575475
0.575475
0.575475
0.575475
0.575475
0.575475
0.575475
0.575475
0.575475
0.575475
0.575475
0.575475
0.575475
0.575475
0.575475
0.575475
0.575475
0.575475
0.575475
0.575475
0.575475
0.575475
0.575475
0.575475
0.575475
0.575475
0.575475
0.575475
0.575475
0.575475
0.575475
0.575475
0.575475
0.575475
0.575475
0.575475
0.575475
0.575475
0.575475
0.575475
0.575475
0.575475
0.575475
0.575475
0.575475
0.575475
0.575475
0.575475
0.575475
0.575475
0.575475
0.575475
0.575475
0.575475
0.575475
0.575475
0.575475
0.575475
0.575475
0.575475
0.575475
0.575475
0.575475
0.575475
0.575475
0.575475
0.575475
0.575475
0.575475
0.575475
0.575475
0.575475
0.575475
0.575475
0.575475
0.575475
0.575475
0.575475
0.575475
0.575475
0.575475
0.575475
0.575475
0.575475
0.575475
0.575475
0.575475
0.575475
0.575475
0.575475
0.575475
0.575475
0.575475
0.575475
0.575475
0.575475
0.575475
0.575475
0.575475
0.575475
0.575475
0.575475
0.575475
0.575475
0.575475
0.575475
0.575475
0.575475
0.575475
0.575475
0.575475
0.575475
0.575475
0.575475
0.575475
0.575475
0.575475
0.575475
0.575475
0.575475
0.575475
0.575475
0.575475
0.575475
0.575475
0.575475
0.575475
0.575475
0.575475
0.575475
0.575475
0.575475
0.575475
0.575475
0.575475
0.575475
0.575475
0.575475
0.575475
0.575475
0.575475
0.575475
0.575475
0.575475
0.575475
0.575475
0.575475
0.575475
0.575475
0.575475
0.575475
0.575475
0.575475
0.575475
0.575475
0.575475
0.575475
0.575475
0.575475
0.575475
0.575475
0.575475
0.575475
0.575475
0.575475
0.575475
0.575475
0.575475
0.575475
0.575475
0.575475
0.575475
0.575475
0.575475
0.575475
0.575475
0.575475
0.575475
0.575475
0.575475
0.575475
0.575475
0.575475
0.575475
0.575475
0.575475
0.575475
0.575475
0.575475
0.575475
0.575475
0.575475
0.575475
0.575475
0.575475
0.575475
0.575475
0.575475
0.575475
0.575475
0.575475
0.575475
0.575475
0.575475
0.575475
0.575475
0.575475
0.575475
0.575475
0.575475
0.575475
0.575475
0.575475
0.575475
0.575475
0.575475
0.575475
0.575475
0.575475
0.575475
0.575475
0.575475
0.575475
0.575475
0.575475
0.575475
0.575475
0.575475
0.575475
0.575475
0.575475
0.575475
0.575475
0.575475
0.575475
0.575475
0.575475
0.575475
0.575475
0.575475
0.575475
0.575475
0.575475
0.575475
0.575475
0.575475
0.575475
0.575475
0.575475
0.575475
0.575475
0.575475
0.575475
0.575475
0.575475
0.575475
0.575475
0.575475
0.575475
0.575475
0.575475
0.575475
0.575475
0.575475
0.575475
0.575475
0.575475
0.575475
0.575475
0.575475
0.575475
0.575475
0.575475
0.575475
0.575475
0.575475
0.575475
0.575475
0.575475
0.575475
0.575475
0.575475
0.575475
0.575475
0.575475
0.575475
0.575475
0.575475
0.575475
0.575475
0.575475
0.575475
0.575475
0.575475
0.575475
0.575475
0.575475
0.575475
0.575475
0.575475
0.575475
0.575475
0.575475
0.575475
0.575475
0.575475
0.575475
0.575475
0.575475
0.575475
0.575475
0.575475
0.575475
0.575475
0.575475
0.575475
0.575475
0.575475
0.575475
0.575475
0.575475
0.575475
0.575475
0.575475
0.575475
0.575475
0.575475
0.575475
0.575475
0.575475
0.575475
0.575475
0.575475
0.575475
0.575475
0.575475
0.575475
0.575475
0.575475
0.575475
0.575475
0.575475
0.575475
0.575475
0.575475
0.575475
0.575475
0.575475
0.575475
0.575475
0.575475
0.575475
0.575475
0.575475
0.575475
0.575475
0.575475
0.575475
0.575475
0.575475
0.575475
0.575475
0.575475
0.575475
0.575475
0.575475
0.575475
0.575475
0.575475
0.575475
0.575475
0.575475
0.575475
0.575475
0.575475
0.575475
0.575475
0.575475
0.575475
0.575475
0.575475
0.575475
0.575475
0.575475
0.575475
0.575475
0.575475
0.575475
0.575475
0.575475
0.575475
0.575475
0.575507
0.575507
0.575506
0.575505
0.575503
0.5755
0.575499
0.575499
0.575498
0.575497
0.575497
0.575497
0.575496
0.575496
0.575496
0.575496
0.575495
0.575495
0.575495
0.575495
0.575495
0.575495
0.575495
0.575495
0.575495
0.575495
0.575495
0.575495
0.575495
0.575495
0.575495
0.575495
0.575495
0.575495
0.575495
0.575495
0.575495
0.575495
0.575495
0.575495
0.575495
0.575495
0.575495
0.575495
0.575495
0.575496
0.575496
0.575496
0.575496
0.575497
0.575497
0.575497
0.575498
0.575499
0.575499
0.5755
0.575503
0.575505
0.575506
0.575507
0.575507
1.4092
1.4092
1.4092
1.4092
1.40921
1.40921
1.40922
1.40922
1.40922
1.40922
1.40922
1.40922
1.40922
1.40922
1.40922
1.40922
1.40922
1.40922
1.40922
1.40922
1.40922
1.40922
1.40922
1.40922
1.40922
1.40922
1.40922
1.40922
1.40922
1.40922
1.40922
1.40922
1.40922
1.40922
1.40922
1.40922
1.40922
1.40922
1.40922
1.40922
1.40922
1.40922
1.40922
1.40922
1.40922
1.40922
1.40922
1.40922
1.40922
1.40922
1.40922
1.40922
1.40922
1.40922
1.40922
1.40921
1.40921
1.4092
1.4092
1.4092
1.4092
