0, 6e-10, 7.37073e+23
0, 7e-10, 2.93667e+24
0, 8e-10, 6.5641e+24
0, 9e-10, 1.15622e+25
0, 1e-09, 1.7852e+25
0, 1.1e-09, 2.53345e+25
0, 1.2e-09, 3.38916e+25
0, 1.3e-09, 4.33883e+25
0, 1.4e-09, 5.36749e+25
0, 1.5e-09, 6.45892e+25
0, 1.6e-09, 7.5959e+25
0, 1.7e-09, 8.7605e+25
0, 1.8e-09, 9.93436e+25
0, 1.9e-09, 1.1099e+26
0, 2e-09, 1.22359e+26
0, 2.1e-09, 1.33274e+26
0, 2.2e-09, 1.4356e+26
0, 2.3e-09, 1.53057e+26
0, 2.4e-09, 1.61614e+26
0, 2.5e-09, 1.69097e+26
0, 2.6e-09, 1.75387e+26
0, 2.7e-09, 1.80385e+26
0, 2.8e-09, 1.84012e+26
0, 2.9e-09, 1.86212e+26
0, 3e-09, 1.86949e+26
0, 3.1e-09, 1.86212e+26
0, 3.2e-09, 1.84012e+26
0, 3.3e-09, 1.80385e+26
0, 3.4e-09, 1.75387e+26
0, 3.5e-09, 1.69097e+26
0, 3.6e-09, 1.61614e+26
0, 3.7e-09, 1.53057e+26
0, 3.8e-09, 1.4356e+26
0, 3.9e-09, 1.33274e+26
0, 4e-09, 1.22359e+26
0, 4.1e-09, 1.1099e+26
0, 4.2e-09, 9.93436e+25
0, 4.3e-09, 8.7605e+25
0, 4.4e-09, 7.5959e+25
0, 4.5e-09, 6.45892e+25
0, 4.6e-09, 5.36749e+25
0, 4.7e-09, 4.33883e+25
0, 4.8e-09, 3.38916e+25
0, 4.9e-09, 2.53345e+25
0, 5e-09, 1.7852e+25
0, 5.1e-09, 1.15622e+25
0, 5.2e-09, 6.5641e+24
0, 5.3e-09, 2.93667e+24
0, 5.4e-09, 7.37073e+23
4e-09, 6e-10, 5.58057e+21
4e-09, 7e-10, 2.22343e+22
4e-09, 8e-10, 4.96985e+22
4e-09, 9e-10, 8.754e+22
4e-09, 1e-09, 1.35162e+23
4e-09, 1.1e-09, 1.91814e+23
4e-09, 1.2e-09, 2.56601e+23
4e-09, 1.3e-09, 3.28504e+23
4e-09, 1.4e-09, 4.06386e+23
4e-09, 1.5e-09, 4.89021e+23
4e-09, 1.6e-09, 5.75104e+23
4e-09, 1.7e-09, 6.63279e+23
4e-09, 1.8e-09, 7.52154e+23
4e-09, 1.9e-09, 8.40329e+23
4e-09, 2e-09, 9.26413e+23
4e-09, 2.1e-09, 1.00905e+24
4e-09, 2.2e-09, 1.08693e+24
4e-09, 2.3e-09, 1.15883e+24
4e-09, 2.4e-09, 1.22362e+24
4e-09, 2.5e-09, 1.28027e+24
4e-09, 2.6e-09, 1.32789e+24
4e-09, 2.7e-09, 1.36573e+24
4e-09, 2.8e-09, 1.3932e+24
4e-09, 2.9e-09, 1.40985e+24
4e-09, 3e-09, 1.41543e+24
4e-09, 3.1e-09, 1.40985e+24
4e-09, 3.2e-09, 1.3932e+24
4e-09, 3.3e-09, 1.36573e+24
4e-09, 3.4e-09, 1.32789e+24
4e-09, 3.5e-09, 1.28027e+24
4e-09, 3.6e-09, 1.22362e+24
4e-09, 3.7e-09, 1.15883e+24
4e-09, 3.8e-09, 1.08693e+24
4e-09, 3.9e-09, 1.00905e+24
4e-09, 4e-09, 9.26412e+23
4e-09, 4.1e-09, 8.40329e+23
4e-09, 4.2e-09, 7.52154e+23
4e-09, 4.3e-09, 6.63278e+23
4e-09, 4.4e-09, 5.75103e+23
4e-09, 4.5e-09, 4.8902e+23
4e-09, 4.6e-09, 4.06385e+23
4e-09, 4.7e-09, 3.28503e+23
4e-09, 4.8e-09, 2.56601e+23
4e-09, 4.9e-09, 1.91813e+23
4e-09, 5e-09, 1.35162e+23
4e-09, 5.1e-09, 8.75399e+22
4e-09, 5.2e-09, 4.96984e+22
4e-09, 5.3e-09, 2.22342e+22
4e-09, 5.4e-09, 5.58056e+21
8e-09, 6e-10, 5.57886e+21
8e-09, 7e-10, 2.22275e+22
8e-09, 8e-10, 4.96833e+22
8e-09, 9e-10, 8.75133e+22
8e-09, 1e-09, 1.35121e+23
8e-09, 1.1e-09, 1.91755e+23
8e-09, 1.2e-09, 2.56523e+23
8e-09, 1.3e-09, 3.28403e+23
8e-09, 1.4e-09, 4.06262e+23
8e-09, 1.5e-09, 4.88872e+23
8e-09, 1.6e-09, 5.74929e+23
8e-09, 1.7e-09, 6.63078e+23
8e-09, 1.8e-09, 7.51926e+23
8e-09, 1.9e-09, 8.40075e+23
8e-09, 2e-09, 9.26132e+23
8e-09, 2.1e-09, 1.00874e+24
8e-09, 2.2e-09, 1.0866e+24
8e-09, 2.3e-09, 1.15848e+24
8e-09, 2.4e-09, 1.22325e+24
8e-09, 2.5e-09, 1.27988e+24
8e-09, 2.6e-09, 1.32749e+24
8e-09, 2.7e-09, 1.36532e+24
8e-09, 2.8e-09, 1.39278e+24
8e-09, 2.9e-09, 1.40943e+24
8e-09, 3e-09, 1.415e+24
8e-09, 3.1e-09, 1.40943e+24
8e-09, 3.2e-09, 1.39278e+24
8e-09, 3.3e-09, 1.36532e+24
8e-09, 3.4e-09, 1.32749e+24
8e-09, 3.5e-09, 1.27988e+24
8e-09, 3.6e-09, 1.22325e+24
8e-09, 3.7e-09, 1.15848e+24
8e-09, 3.8e-09, 1.0866e+24
8e-09, 3.9e-09, 1.00874e+24
8e-09, 4e-09, 9.26132e+23
8e-09, 4.1e-09, 8.40075e+23
8e-09, 4.2e-09, 7.51926e+23
8e-09, 4.3e-09, 6.63078e+23
8e-09, 4.4e-09, 5.74929e+23
8e-09, 4.5e-09, 4.88872e+23
8e-09, 4.6e-09, 4.06262e+23
8e-09, 4.7e-09, 3.28403e+23
8e-09, 4.8e-09, 2.56523e+23
8e-09, 4.9e-09, 1.91755e+23
8e-09, 5e-09, 1.35121e+23
8e-09, 5.1e-09, 8.75133e+22
8e-09, 5.2e-09, 4.96833e+22
8e-09, 5.3e-09, 2.22275e+22
8e-09, 5.4e-09, 5.57886e+21
1.2e-08, 6e-10, 5.57886e+21
1.2e-08, 7e-10, 2.22275e+22
1.2e-08, 8e-10, 4.96833e+22
1.2e-08, 9e-10, 8.75133e+22
1.2e-08, 1e-09, 1.35121e+23
1.2e-08, 1.1e-09, 1.91755e+23
1.2e-08, 1.2e-09, 2.56523e+23
1.2e-08, 1.3e-09, 3.28403e+23
1.2e-08, 1.4e-09, 4.06262e+23
1.2e-08, 1.5e-09, 4.88872e+23
1.2e-08, 1.6e-09, 5.74929e+23
1.2e-08, 1.7e-09, 6.63078e+23
1.2e-08, 1.8e-09, 7.51926e+23
1.2e-08, 1.9e-09, 8.40075e+23
1.2e-08, 2e-09, 9.26132e+23
1.2e-08, 2.1e-09, 1.00874e+24
1.2e-08, 2.2e-09, 1.0866e+24
1.2e-08, 2.3e-09, 1.15848e+24
1.2e-08, 2.4e-09, 1.22325e+24
1.2e-08, 2.5e-09, 1.27988e+24
1.2e-08, 2.6e-09, 1.32749e+24
1.2e-08, 2.7e-09, 1.36532e+24
1.2e-08, 2.8e-09, 1.39278e+24
1.2e-08, 2.9e-09, 1.40943e+24
1.2e-08, 3e-09, 1.415e+24
1.2e-08, 3.1e-09, 1.40943e+24
1.2e-08, 3.2e-09, 1.39278e+24
1.2e-08, 3.3e-09, 1.36532e+24
1.2e-08, 3.4e-09, 1.32749e+24
1.2e-08, 3.5e-09, 1.27988e+24
1.2e-08, 3.6e-09, 1.22325e+24
1.2e-08, 3.7e-09, 1.15848e+24
1.2e-08, 3.8e-09, 1.0866e+24
1.2e-08, 3.9e-09, 1.00874e+24
1.2e-08, 4e-09, 9.26132e+23
1.2e-08, 4.1e-09, 8.40075e+23
1.2e-08, 4.2e-09, 7.51926e+23
1.2e-08, 4.3e-09, 6.63078e+23
1.2e-08, 4.4e-09, 5.74929e+23
1.2e-08, 4.5e-09, 4.88872e+23
1.2e-08, 4.6e-09, 4.06262e+23
1.2e-08, 4.7e-09, 3.28403e+23
1.2e-08, 4.8e-09, 2.56523e+23
1.2e-08, 4.9e-09, 1.91755e+23
1.2e-08, 5e-09, 1.35121e+23
1.2e-08, 5.1e-09, 8.75133e+22
1.2e-08, 5.2e-09, 4.96833e+22
1.2e-08, 5.3e-09, 2.22275e+22
1.2e-08, 5.4e-09, 5.57886e+21
1.6e-08, 6e-10, 5.57886e+21
1.6e-08, 7e-10, 2.22275e+22
1.6e-08, 8e-10, 4.96833e+22
1.6e-08, 9e-10, 8.75133e+22
1.6e-08, 1e-09, 1.35121e+23
1.6e-08, 1.1e-09, 1.91755e+23
1.6e-08, 1.2e-09, 2.56523e+23
1.6e-08, 1.3e-09, 3.28403e+23
1.6e-08, 1.4e-09, 4.06262e+23
1.6e-08, 1.5e-09, 4.88872e+23
1.6e-08, 1.6e-09, 5.74929e+23
1.6e-08, 1.7e-09, 6.63078e+23
1.6e-08, 1.8e-09, 7.51926e+23
1.6e-08, 1.9e-09, 8.40075e+23
1.6e-08, 2e-09, 9.26132e+23
1.6e-08, 2.1e-09, 1.00874e+24
1.6e-08, 2.2e-09, 1.0866e+24
1.6e-08, 2.3e-09, 1.15848e+24
1.6e-08, 2.4e-09, 1.22325e+24
1.6e-08, 2.5e-09, 1.27988e+24
1.6e-08, 2.6e-09, 1.32749e+24
1.6e-08, 2.7e-09, 1.36532e+24
1.6e-08, 2.8e-09, 1.39278e+24
1.6e-08, 2.9e-09, 1.40943e+24
1.6e-08, 3e-09, 1.415e+24
1.6e-08, 3.1e-09, 1.40943e+24
1.6e-08, 3.2e-09, 1.39278e+24
1.6e-08, 3.3e-09, 1.36532e+24
1.6e-08, 3.4e-09, 1.32749e+24
1.6e-08, 3.5e-09, 1.27988e+24
1.6e-08, 3.6e-09, 1.22325e+24
1.6e-08, 3.7e-09, 1.15848e+24
1.6e-08, 3.8e-09, 1.0866e+24
1.6e-08, 3.9e-09, 1.00874e+24
1.6e-08, 4e-09, 9.26132e+23
1.6e-08, 4.1e-09, 8.40075e+23
1.6e-08, 4.2e-09, 7.51926e+23
1.6e-08, 4.3e-09, 6.63078e+23
1.6e-08, 4.4e-09, 5.74929e+23
1.6e-08, 4.5e-09, 4.88872e+23
1.6e-08, 4.6e-09, 4.06262e+23
1.6e-08, 4.7e-09, 3.28403e+23
1.6e-08, 4.8e-09, 2.56523e+23
1.6e-08, 4.9e-09, 1.91755e+23
1.6e-08, 5e-09, 1.35121e+23
1.6e-08, 5.1e-09, 8.75133e+22
1.6e-08, 5.2e-09, 4.96833e+22
1.6e-08, 5.3e-09, 2.22275e+22
1.6e-08, 5.4e-09, 5.57886e+21
2e-08, 6e-10, 5.57886e+21
2e-08, 7e-10, 2.22275e+22
2e-08, 8e-10, 4.96833e+22
2e-08, 9e-10, 8.75133e+22
2e-08, 1e-09, 1.35121e+23
2e-08, 1.1e-09, 1.91755e+23
2e-08, 1.2e-09, 2.56523e+23
2e-08, 1.3e-09, 3.28403e+23
2e-08, 1.4e-09, 4.06262e+23
2e-08, 1.5e-09, 4.88872e+23
2e-08, 1.6e-09, 5.74929e+23
2e-08, 1.7e-09, 6.63078e+23
2e-08, 1.8e-09, 7.51926e+23
2e-08, 1.9e-09, 8.40075e+23
2e-08, 2e-09, 9.26132e+23
2e-08, 2.1e-09, 1.00874e+24
2e-08, 2.2e-09, 1.0866e+24
2e-08, 2.3e-09, 1.15848e+24
2e-08, 2.4e-09, 1.22325e+24
2e-08, 2.5e-09, 1.27988e+24
2e-08, 2.6e-09, 1.32749e+24
2e-08, 2.7e-09, 1.36532e+24
2e-08, 2.8e-09, 1.39278e+24
2e-08, 2.9e-09, 1.40943e+24
2e-08, 3e-09, 1.415e+24
2e-08, 3.1e-09, 1.40943e+24
2e-08, 3.2e-09, 1.39278e+24
2e-08, 3.3e-09, 1.36532e+24
2e-08, 3.4e-09, 1.32749e+24
2e-08, 3.5e-09, 1.27988e+24
2e-08, 3.6e-09, 1.22325e+24
2e-08, 3.7e-09, 1.15848e+24
2e-08, 3.8e-09, 1.0866e+24
2e-08, 3.9e-09, 1.00874e+24
2e-08, 4e-09, 9.26132e+23
2e-08, 4.1e-09, 8.40075e+23
2e-08, 4.2e-09, 7.51926e+23
2e-08, 4.3e-09, 6.63078e+23
2e-08, 4.4e-09, 5.74929e+23
2e-08, 4.5e-09, 4.88872e+23
2e-08, 4.6e-09, 4.06262e+23
2e-08, 4.7e-09, 3.28403e+23
2e-08, 4.8e-09, 2.56523e+23
2e-08, 4.9e-09, 1.91755e+23
2e-08, 5e-09, 1.35121e+23
2e-08, 5.1e-09, 8.75133e+22
2e-08, 5.2e-09, 4.96833e+22
2e-08, 5.3e-09, 2.22275e+22
2e-08, 5.4e-09, 5.57886e+21
2.4e-08, 6e-10, 5.57886e+21
2.4e-08, 7e-10, 2.22275e+22
2.4e-08, 8e-10, 4.96833e+22
2.4e-08, 9e-10, 8.75133e+22
2.4e-08, 1e-09, 1.35121e+23
2.4e-08, 1.1e-09, 1.91755e+23
2.4e-08, 1.2e-09, 2.56523e+23
2.4e-08, 1.3e-09, 3.28403e+23
2.4e-08, 1.4e-09, 4.06262e+23
2.4e-08, 1.5e-09, 4.88872e+23
2.4e-08, 1.6e-09, 5.74929e+23
2.4e-08, 1.7e-09, 6.63078e+23
2.4e-08, 1.8e-09, 7.51926e+23
2.4e-08, 1.9e-09, 8.40075e+23
2.4e-08, 2e-09, 9.26132e+23
2.4e-08, 2.1e-09, 1.00874e+24
2.4e-08, 2.2e-09, 1.0866e+24
2.4e-08, 2.3e-09, 1.15848e+24
2.4e-08, 2.4e-09, 1.22325e+24
2.4e-08, 2.5e-09, 1.27988e+24
2.4e-08, 2.6e-09, 1.32749e+24
2.4e-08, 2.7e-09, 1.36532e+24
2.4e-08, 2.8e-09, 1.39278e+24
2.4e-08, 2.9e-09, 1.40943e+24
2.4e-08, 3e-09, 1.415e+24
2.4e-08, 3.1e-09, 1.40943e+24
2.4e-08, 3.2e-09, 1.39278e+24
2.4e-08, 3.3e-09, 1.36532e+24
2.4e-08, 3.4e-09, 1.32749e+24
2.4e-08, 3.5e-09, 1.27988e+24
2.4e-08, 3.6e-09, 1.22325e+24
2.4e-08, 3.7e-09, 1.15848e+24
2.4e-08, 3.8e-09, 1.0866e+24
2.4e-08, 3.9e-09, 1.00874e+24
2.4e-08, 4e-09, 9.26132e+23
2.4e-08, 4.1e-09, 8.40075e+23
2.4e-08, 4.2e-09, 7.51926e+23
2.4e-08, 4.3e-09, 6.63078e+23
2.4e-08, 4.4e-09, 5.74929e+23
2.4e-08, 4.5e-09, 4.88872e+23
2.4e-08, 4.6e-09, 4.06262e+23
2.4e-08, 4.7e-09, 3.28403e+23
2.4e-08, 4.8e-09, 2.56523e+23
2.4e-08, 4.9e-09, 1.91755e+23
2.4e-08, 5e-09, 1.35121e+23
2.4e-08, 5.1e-09, 8.75133e+22
2.4e-08, 5.2e-09, 4.96833e+22
2.4e-08, 5.3e-09, 2.22275e+22
2.4e-08, 5.4e-09, 5.57886e+21
2.8e-08, 6e-10, 5.57886e+21
2.8e-08, 7e-10, 2.22275e+22
2.8e-08, 8e-10, 4.96833e+22
2.8e-08, 9e-10, 8.75133e+22
2.8e-08, 1e-09, 1.35121e+23
2.8e-08, 1.1e-09, 1.91755e+23
2.8e-08, 1.2e-09, 2.56523e+23
2.8e-08, 1.3e-09, 3.28403e+23
2.8e-08, 1.4e-09, 4.06262e+23
2.8e-08, 1.5e-09, 4.88872e+23
2.8e-08, 1.6e-09, 5.74929e+23
2.8e-08, 1.7e-09, 6.63078e+23
2.8e-08, 1.8e-09, 7.51926e+23
2.8e-08, 1.9e-09, 8.40075e+23
2.8e-08, 2e-09, 9.26132e+23
2.8e-08, 2.1e-09, 1.00874e+24
2.8e-08, 2.2e-09, 1.0866e+24
2.8e-08, 2.3e-09, 1.15848e+24
2.8e-08, 2.4e-09, 1.22325e+24
2.8e-08, 2.5e-09, 1.27988e+24
2.8e-08, 2.6e-09, 1.32749e+24
2.8e-08, 2.7e-09, 1.36532e+24
2.8e-08, 2.8e-09, 1.39278e+24
2.8e-08, 2.9e-09, 1.40943e+24
2.8e-08, 3e-09, 1.415e+24
2.8e-08, 3.1e-09, 1.40943e+24
2.8e-08, 3.2e-09, 1.39278e+24
2.8e-08, 3.3e-09, 1.36532e+24
2.8e-08, 3.4e-09, 1.32749e+24
2.8e-08, 3.5e-09, 1.27988e+24
2.8e-08, 3.6e-09, 1.22325e+24
2.8e-08, 3.7e-09, 1.15848e+24
2.8e-08, 3.8e-09, 1.0866e+24
2.8e-08, 3.9e-09, 1.00874e+24
2.8e-08, 4e-09, 9.26132e+23
2.8e-08, 4.1e-09, 8.40075e+23
2.8e-08, 4.2e-09, 7.51926e+23
2.8e-08, 4.3e-09, 6.63078e+23
2.8e-08, 4.4e-09, 5.74929e+23
2.8e-08, 4.5e-09, 4.88872e+23
2.8e-08, 4.6e-09, 4.06262e+23
2.8e-08, 4.7e-09, 3.28403e+23
2.8e-08, 4.8e-09, 2.56523e+23
2.8e-08, 4.9e-09, 1.91755e+23
2.8e-08, 5e-09, 1.35121e+23
2.8e-08, 5.1e-09, 8.75133e+22
2.8e-08, 5.2e-09, 4.96833e+22
2.8e-08, 5.3e-09, 2.22275e+22
2.8e-08, 5.4e-09, 5.57886e+21
3.2e-08, 6e-10, 5.57886e+21
3.2e-08, 7e-10, 2.22275e+22
3.2e-08, 8e-10, 4.96833e+22
3.2e-08, 9e-10, 8.75133e+22
3.2e-08, 1e-09, 1.35121e+23
3.2e-08, 1.1e-09, 1.91755e+23
3.2e-08, 1.2e-09, 2.56523e+23
3.2e-08, 1.3e-09, 3.28403e+23
3.2e-08, 1.4e-09, 4.06262e+23
3.2e-08, 1.5e-09, 4.88872e+23
3.2e-08, 1.6e-09, 5.74929e+23
3.2e-08, 1.7e-09, 6.63078e+23
3.2e-08, 1.8e-09, 7.51926e+23
3.2e-08, 1.9e-09, 8.40075e+23
3.2e-08, 2e-09, 9.26132e+23
3.2e-08, 2.1e-09, 1.00874e+24
3.2e-08, 2.2e-09, 1.0866e+24
3.2e-08, 2.3e-09, 1.15848e+24
3.2e-08, 2.4e-09, 1.22325e+24
3.2e-08, 2.5e-09, 1.27988e+24
3.2e-08, 2.6e-09, 1.32749e+24
3.2e-08, 2.7e-09, 1.36532e+24
3.2e-08, 2.8e-09, 1.39278e+24
3.2e-08, 2.9e-09, 1.40943e+24
3.2e-08, 3e-09, 1.415e+24
3.2e-08, 3.1e-09, 1.40943e+24
3.2e-08, 3.2e-09, 1.39278e+24
3.2e-08, 3.3e-09, 1.36532e+24
3.2e-08, 3.4e-09, 1.32749e+24
3.2e-08, 3.5e-09, 1.27988e+24
3.2e-08, 3.6e-09, 1.22325e+24
3.2e-08, 3.7e-09, 1.15848e+24
3.2e-08, 3.8e-09, 1.0866e+24
3.2e-08, 3.9e-09, 1.00874e+24
3.2e-08, 4e-09, 9.26132e+23
3.2e-08, 4.1e-09, 8.40075e+23
3.2e-08, 4.2e-09, 7.51926e+23
3.2e-08, 4.3e-09, 6.63078e+23
3.2e-08, 4.4e-09, 5.74929e+23
3.2e-08, 4.5e-09, 4.88872e+23
3.2e-08, 4.6e-09, 4.06262e+23
3.2e-08, 4.7e-09, 3.28403e+23
3.2e-08, 4.8e-09, 2.56523e+23
3.2e-08, 4.9e-09, 1.91755e+23
3.2e-08, 5e-09, 1.35121e+23
3.2e-08, 5.1e-09, 8.75133e+22
3.2e-08, 5.2e-09, 4.96833e+22
3.2e-08, 5.3e-09, 2.22275e+22
3.2e-08, 5.4e-09, 5.57886e+21
3.6e-08, 6e-10, 5.57894e+21
3.6e-08, 7e-10, 2.22278e+22
3.6e-08, 8e-10, 4.96839e+22
3.6e-08, 9e-10, 8.75144e+22
3.6e-08, 1e-09, 1.35123e+23
3.6e-08, 1.1e-09, 1.91758e+23
3.6e-08, 1.2e-09, 2.56526e+23
3.6e-08, 1.3e-09, 3.28407e+23
3.6e-08, 1.4e-09, 4.06267e+23
3.6e-08, 1.5e-09, 4.88877e+23
3.6e-08, 1.6e-09, 5.74936e+23
3.6e-08, 1.7e-09, 6.63085e+23
3.6e-08, 1.8e-09, 7.51934e+23
3.6e-08, 1.9e-09, 8.40083e+23
3.6e-08, 2e-09, 9.26141e+23
3.6e-08, 2.1e-09, 1.00875e+24
3.6e-08, 2.2e-09, 1.08661e+24
3.6e-08, 2.3e-09, 1.15849e+24
3.6e-08, 2.4e-09, 1.22326e+24
3.6e-08, 2.5e-09, 1.27989e+24
3.6e-08, 2.6e-09, 1.3275e+24
3.6e-08, 2.7e-09, 1.36533e+24
3.6e-08, 2.8e-09, 1.39279e+24
3.6e-08, 2.9e-09, 1.40944e+24
3.6e-08, 3e-09, 1.41501e+24
3.6e-08, 3.1e-09, 1.40944e+24
3.6e-08, 3.2e-09, 1.39279e+24
3.6e-08, 3.3e-09, 1.36533e+24
3.6e-08, 3.4e-09, 1.3275e+24
3.6e-08, 3.5e-09, 1.27989e+24
3.6e-08, 3.6e-09, 1.22326e+24
3.6e-08, 3.7e-09, 1.15849e+24
3.6e-08, 3.8e-09, 1.08661e+24
3.6e-08, 3.9e-09, 1.00875e+24
3.6e-08, 4e-09, 9.2614e+23
3.6e-08, 4.1e-09, 8.40082e+23
3.6e-08, 4.2e-09, 7.51933e+23
3.6e-08, 4.3e-09, 6.63084e+23
3.6e-08, 4.4e-09, 5.74935e+23
3.6e-08, 4.5e-09, 4.88877e+23
3.6e-08, 4.6e-09, 4.06266e+23
3.6e-08, 4.7e-09, 3.28407e+23
3.6e-08, 4.8e-09, 2.56526e+23
3.6e-08, 4.9e-09, 1.91757e+23
3.6e-08, 5e-09, 1.35122e+23
3.6e-08, 5.1e-09, 8.75142e+22
3.6e-08, 5.2e-09, 4.96838e+22
3.6e-08, 5.3e-09, 2.22277e+22
3.6e-08, 5.4e-09, 5.57893e+21
4e-08, 6e-10, 5.81242e+21
4e-08, 7e-10, 2.30915e+22
4e-08, 8e-10, 5.14131e+22
4e-08, 9e-10, 9.01486e+22
4e-08, 1e-09, 1.38505e+23
4e-08, 1.1e-09, 1.95553e+23
4e-08, 1.2e-09, 2.60254e+23
4e-08, 1.3e-09, 3.31473e+23
4e-08, 1.4e-09, 4.08004e+23
4e-08, 1.5e-09, 4.88584e+23
4e-08, 1.6e-09, 5.71909e+23
4e-08, 1.7e-09, 6.56658e+23
4e-08, 1.8e-09, 7.41504e+23
4e-08, 1.9e-09, 8.25138e+23
4e-08, 2e-09, 9.06282e+23
4e-08, 2.1e-09, 9.83709e+23
4e-08, 2.2e-09, 1.05626e+24
4e-08, 2.3e-09, 1.12284e+24
4e-08, 2.4e-09, 1.18249e+24
4e-08, 2.5e-09, 1.23432e+24
4e-08, 2.6e-09, 1.27757e+24
4e-08, 2.7e-09, 1.31161e+24
4e-08, 2.8e-09, 1.33597e+24
4e-08, 2.9e-09, 1.35028e+24
4e-08, 3e-09, 1.35435e+24
4e-08, 3.1e-09, 1.34812e+24
4e-08, 3.2e-09, 1.3317e+24
4e-08, 3.3e-09, 1.30532e+24
4e-08, 3.4e-09, 1.26939e+24
4e-08, 3.5e-09, 1.22442e+24
4e-08, 3.6e-09, 1.1711e+24
4e-08, 3.7e-09, 1.11019e+24
4e-08, 3.8e-09, 1.04262e+24
4e-08, 3.9e-09, 9.69371e+23
4e-08, 4e-09, 8.91547e+23
4e-08, 4.1e-09, 8.10312e+23
4e-08, 4.2e-09, 7.26894e+23
4e-08, 4.3e-09, 6.42561e+23
4e-08, 4.4e-09, 5.58603e+23
4e-08, 4.5e-09, 4.76322e+23
4e-08, 4.6e-09, 3.97006e+23
4e-08, 4.7e-09, 3.21911e+23
4e-08, 4.8e-09, 2.5225e+23
4e-08, 4.9e-09, 1.89166e+23
4e-08, 5e-09, 1.3372e+23
4e-08, 5.1e-09, 8.68699e+22
4e-08, 5.2e-09, 4.9456e+22
4e-08, 5.3e-09, 2.21784e+22
4e-08, 5.4e-09, 5.57609e+21
4.4e-08, 6e-10, 5.82981e+21
4.4e-08, 7e-10, 2.31606e+22
4.4e-08, 8e-10, 5.15674e+22
4.4e-08, 9e-10, 9.04197e+22
4.4e-08, 1e-09, 1.38923e+23
4.4e-08, 1.1e-09, 1.96145e+23
4.4e-08, 1.2e-09, 2.61044e+23
4.4e-08, 1.3e-09, 3.32484e+23
4.4e-08, 1.4e-09, 4.09254e+23
4.4e-08, 1.5e-09, 4.90086e+23
4.4e-08, 1.6e-09, 5.73675e+23
4.4e-08, 1.7e-09, 6.58693e+23
4.4e-08, 1.8e-09, 7.43812e+23
4.4e-08, 1.9e-09, 8.27716e+23
4.4e-08, 2e-09, 9.09124e+23
4.4e-08, 2.1e-09, 9.86804e+23
4.4e-08, 2.2e-09, 1.05959e+24
4.4e-08, 2.3e-09, 1.1264e+24
4.4e-08, 2.4e-09, 1.18624e+24
4.4e-08, 2.5e-09, 1.23824e+24
4.4e-08, 2.6e-09, 1.28164e+24
4.4e-08, 2.7e-09, 1.3158e+24
4.4e-08, 2.8e-09, 1.34024e+24
4.4e-08, 2.9e-09, 1.3546e+24
4.4e-08, 3e-09, 1.35869e+24
4.4e-08, 3.1e-09, 1.35244e+24
4.4e-08, 3.2e-09, 1.33597e+24
4.4e-08, 3.3e-09, 1.30951e+24
4.4e-08, 3.4e-09, 1.27346e+24
4.4e-08, 3.5e-09, 1.22835e+24
4.4e-08, 3.6e-09, 1.17485e+24
4.4e-08, 3.7e-09, 1.11375e+24
4.4e-08, 3.8e-09, 1.04595e+24
4.4e-08, 3.9e-09, 9.72462e+23
4.4e-08, 4e-09, 8.94384e+23
4.4e-08, 4.1e-09, 8.12886e+23
4.4e-08, 4.2e-09, 7.29198e+23
4.4e-08, 4.3e-09, 6.44591e+23
4.4e-08, 4.4e-09, 5.60364e+23
4.4e-08, 4.5e-09, 4.77819e+23
4.4e-08, 4.6e-09, 3.9825e+23
4.4e-08, 4.7e-09, 3.22917e+23
4.4e-08, 4.8e-09, 2.53036e+23
4.4e-08, 4.9e-09, 1.89754e+23
4.4e-08, 5e-09, 1.34134e+23
4.4e-08, 5.1e-09, 8.71385e+22
4.4e-08, 5.2e-09, 4.96086e+22
4.4e-08, 5.3e-09, 2.22467e+22
4.4e-08, 5.4e-09, 5.59326e+21
4.8e-08, 6e-10, 5.82981e+21
4.8e-08, 7e-10, 2.31606e+22
4.8e-08, 8e-10, 5.15674e+22
4.8e-08, 9e-10, 9.04198e+22
4.8e-08, 1e-09, 1.38923e+23
4.8e-08, 1.1e-09, 1.96145e+23
4.8e-08, 1.2e-09, 2.61045e+23
4.8e-08, 1.3e-09, 3.32484e+23
4.8e-08, 1.4e-09, 4.09254e+23
4.8e-08, 1.5e-09, 4.90086e+23
4.8e-08, 1.6e-09, 5.73675e+23
4.8e-08, 1.7e-09, 6.58693e+23
4.8e-08, 1.8e-09, 7.43812e+23
4.8e-08, 1.9e-09, 8.27716e+23
4.8e-08, 2e-09, 9.09124e+23
4.8e-08, 2.1e-09, 9.86804e+23
4.8e-08, 2.2e-09, 1.05959e+24
4.8e-08, 2.3e-09, 1.1264e+24
4.8e-08, 2.4e-09, 1.18624e+24
4.8e-08, 2.5e-09, 1.23824e+24
4.8e-08, 2.6e-09, 1.28164e+24
4.8e-08, 2.7e-09, 1.31581e+24
4.8e-08, 2.8e-09, 1.34024e+24
4.8e-08, 2.9e-09, 1.3546e+24
4.8e-08, 3e-09, 1.35869e+24
4.8e-08, 3.1e-09, 1.35244e+24
4.8e-08, 3.2e-09, 1.33597e+24
4.8e-08, 3.3e-09, 1.30951e+24
4.8e-08, 3.4e-09, 1.27346e+24
4.8e-08, 3.5e-09, 1.22835e+24
4.8e-08, 3.6e-09, 1.17485e+24
4.8e-08, 3.7e-09, 1.11375e+24
4.8e-08, 3.8e-09, 1.04595e+24
4.8e-08, 3.9e-09, 9.72462e+23
4.8e-08, 4e-09, 8.94384e+23
4.8e-08, 4.1e-09, 8.12886e+23
4.8e-08, 4.2e-09, 7.29198e+23
4.8e-08, 4.3e-09, 6.44591e+23
4.8e-08, 4.4e-09, 5.60364e+23
4.8e-08, 4.5e-09, 4.77819e+23
4.8e-08, 4.6e-09, 3.9825e+23
4.8e-08, 4.7e-09, 3.22917e+23
4.8e-08, 4.8e-09, 2.53036e+23
4.8e-08, 4.9e-09, 1.89754e+23
4.8e-08, 5e-09, 1.34134e+23
4.8e-08, 5.1e-09, 8.71385e+22
4.8e-08, 5.2e-09, 4.96086e+22
4.8e-08, 5.3e-09, 2.22467e+22
4.8e-08, 5.4e-09, 5.59326e+21
5.2e-08, 6e-10, 5.82981e+21
5.2e-08, 7e-10, 2.31606e+22
5.2e-08, 8e-10, 5.15674e+22
5.2e-08, 9e-10, 9.04198e+22
5.2e-08, 1e-09, 1.38923e+23
5.2e-08, 1.1e-09, 1.96145e+23
5.2e-08, 1.2e-09, 2.61045e+23
5.2e-08, 1.3e-09, 3.32484e+23
5.2e-08, 1.4e-09, 4.09254e+23
5.2e-08, 1.5e-09, 4.90086e+23
5.2e-08, 1.6e-09, 5.73675e+23
5.2e-08, 1.7e-09, 6.58693e+23
5.2e-08, 1.8e-09, 7.43812e+23
5.2e-08, 1.9e-09, 8.27716e+23
5.2e-08, 2e-09, 9.09124e+23
5.2e-08, 2.1e-09, 9.86804e+23
5.2e-08, 2.2e-09, 1.05959e+24
5.2e-08, 2.3e-09, 1.1264e+24
5.2e-08, 2.4e-09, 1.18624e+24
5.2e-08, 2.5e-09, 1.23824e+24
5.2e-08, 2.6e-09, 1.28164e+24
5.2e-08, 2.7e-09, 1.31581e+24
5.2e-08, 2.8e-09, 1.34024e+24
5.2e-08, 2.9e-09, 1.3546e+24
5.2e-08, 3e-09, 1.35869e+24
5.2e-08, 3.1e-09, 1.35244e+24
5.2e-08, 3.2e-09, 1.33597e+24
5.2e-08, 3.3e-09, 1.30951e+24
5.2e-08, 3.4e-09, 1.27346e+24
5.2e-08, 3.5e-09, 1.22835e+24
5.2e-08, 3.6e-09, 1.17485e+24
5.2e-08, 3.7e-09, 1.11375e+24
5.2e-08, 3.8e-09, 1.04595e+24
5.2e-08, 3.9e-09, 9.72462e+23
5.2e-08, 4e-09, 8.94384e+23
5.2e-08, 4.1e-09, 8.12886e+23
5.2e-08, 4.2e-09, 7.29198e+23
5.2e-08, 4.3e-09, 6.44591e+23
5.2e-08, 4.4e-09, 5.60364e+23
5.2e-08, 4.5e-09, 4.77819e+23
5.2e-08, 4.6e-09, 3.9825e+23
5.2e-08, 4.7e-09, 3.22917e+23
5.2e-08, 4.8e-09, 2.53036e+23
5.2e-08, 4.9e-09, 1.89754e+23
5.2e-08, 5e-09, 1.34134e+23
5.2e-08, 5.1e-09, 8.71385e+22
5.2e-08, 5.2e-09, 4.96086e+22
5.2e-08, 5.3e-09, 2.22467e+22
5.2e-08, 5.4e-09, 5.59326e+21
5.6e-08, 6e-10, 5.82981e+21
5.6e-08, 7e-10, 2.31606e+22
5.6e-08, 8e-10, 5.15674e+22
5.6e-08, 9e-10, 9.04198e+22
5.6e-08, 1e-09, 1.38923e+23
5.6e-08, 1.1e-09, 1.96145e+23
5.6e-08, 1.2e-09, 2.61045e+23
5.6e-08, 1.3e-09, 3.32484e+23
5.6e-08, 1.4e-09, 4.09254e+23
5.6e-08, 1.5e-09, 4.90086e+23
5.6e-08, 1.6e-09, 5.73675e+23
5.6e-08, 1.7e-09, 6.58693e+23
5.6e-08, 1.8e-09, 7.43812e+23
5.6e-08, 1.9e-09, 8.27716e+23
5.6e-08, 2e-09, 9.09124e+23
5.6e-08, 2.1e-09, 9.86804e+23
5.6e-08, 2.2e-09, 1.05959e+24
5.6e-08, 2.3e-09, 1.1264e+24
5.6e-08, 2.4e-09, 1.18624e+24
5.6e-08, 2.5e-09, 1.23824e+24
5.6e-08, 2.6e-09, 1.28164e+24
5.6e-08, 2.7e-09, 1.31581e+24
5.6e-08, 2.8e-09, 1.34024e+24
5.6e-08, 2.9e-09, 1.3546e+24
5.6e-08, 3e-09, 1.35869e+24
5.6e-08, 3.1e-09, 1.35244e+24
5.6e-08, 3.2e-09, 1.33597e+24
5.6e-08, 3.3e-09, 1.30951e+24
5.6e-08, 3.4e-09, 1.27346e+24
5.6e-08, 3.5e-09, 1.22835e+24
5.6e-08, 3.6e-09, 1.17485e+24
5.6e-08, 3.7e-09, 1.11375e+24
5.6e-08, 3.8e-09, 1.04595e+24
5.6e-08, 3.9e-09, 9.72462e+23
5.6e-08, 4e-09, 8.94384e+23
5.6e-08, 4.1e-09, 8.12886e+23
5.6e-08, 4.2e-09, 7.29198e+23
5.6e-08, 4.3e-09, 6.44591e+23
5.6e-08, 4.4e-09, 5.60364e+23
5.6e-08, 4.5e-09, 4.77819e+23
5.6e-08, 4.6e-09, 3.9825e+23
5.6e-08, 4.7e-09, 3.22917e+23
5.6e-08, 4.8e-09, 2.53036e+23
5.6e-08, 4.9e-09, 1.89754e+23
5.6e-08, 5e-09, 1.34134e+23
5.6e-08, 5.1e-09, 8.71385e+22
5.6e-08, 5.2e-09, 4.96086e+22
5.6e-08, 5.3e-09, 2.22467e+22
5.6e-08, 5.4e-09, 5.59326e+21
6e-08, 6e-10, 5.82981e+21
6e-08, 7e-10, 2.31606e+22
6e-08, 8e-10, 5.15674e+22
6e-08, 9e-10, 9.04198e+22
6e-08, 1e-09, 1.38923e+23
6e-08, 1.1e-09, 1.96145e+23
6e-08, 1.2e-09, 2.61045e+23
6e-08, 1.3e-09, 3.32484e+23
6e-08, 1.4e-09, 4.09254e+23
6e-08, 1.5e-09, 4.90086e+23
6e-08, 1.6e-09, 5.73675e+23
6e-08, 1.7e-09, 6.58693e+23
6e-08, 1.8e-09, 7.43812e+23
6e-08, 1.9e-09, 8.27716e+23
6e-08, 2e-09, 9.09124e+23
6e-08, 2.1e-09, 9.86804e+23
6e-08, 2.2e-09, 1.05959e+24
6e-08, 2.3e-09, 1.1264e+24
6e-08, 2.4e-09, 1.18624e+24
6e-08, 2.5e-09, 1.23824e+24
6e-08, 2.6e-09, 1.28164e+24
6e-08, 2.7e-09, 1.31581e+24
6e-08, 2.8e-09, 1.34024e+24
6e-08, 2.9e-09, 1.3546e+24
6e-08, 3e-09, 1.35869e+24
6e-08, 3.1e-09, 1.35244e+24
6e-08, 3.2e-09, 1.33597e+24
6e-08, 3.3e-09, 1.30951e+24
6e-08, 3.4e-09, 1.27346e+24
6e-08, 3.5e-09, 1.22835e+24
6e-08, 3.6e-09, 1.17485e+24
6e-08, 3.7e-09, 1.11375e+24
6e-08, 3.8e-09, 1.04595e+24
6e-08, 3.9e-09, 9.72462e+23
6e-08, 4e-09, 8.94384e+23
6e-08, 4.1e-09, 8.12886e+23
6e-08, 4.2e-09, 7.29198e+23
6e-08, 4.3e-09, 6.44591e+23
6e-08, 4.4e-09, 5.60364e+23
6e-08, 4.5e-09, 4.77819e+23
6e-08, 4.6e-09, 3.9825e+23
6e-08, 4.7e-09, 3.22917e+23
6e-08, 4.8e-09, 2.53036e+23
6e-08, 4.9e-09, 1.89754e+23
6e-08, 5e-09, 1.34134e+23
6e-08, 5.1e-09, 8.71385e+22
6e-08, 5.2e-09, 4.96086e+22
6e-08, 5.3e-09, 2.22467e+22
6e-08, 5.4e-09, 5.59326e+21
6.4e-08, 6e-10, 5.82981e+21
6.4e-08, 7e-10, 2.31606e+22
6.4e-08, 8e-10, 5.15674e+22
6.4e-08, 9e-10, 9.04198e+22
6.4e-08, 1e-09, 1.38923e+23
6.4e-08, 1.1e-09, 1.96145e+23
6.4e-08, 1.2e-09, 2.61045e+23
6.4e-08, 1.3e-09, 3.32484e+23
6.4e-08, 1.4e-09, 4.09254e+23
6.4e-08, 1.5e-09, 4.90086e+23
6.4e-08, 1.6e-09, 5.73675e+23
6.4e-08, 1.7e-09, 6.58693e+23
6.4e-08, 1.8e-09, 7.43812e+23
6.4e-08, 1.9e-09, 8.27716e+23
6.4e-08, 2e-09, 9.09124e+23
6.4e-08, 2.1e-09, 9.86804e+23
6.4e-08, 2.2e-09, 1.05959e+24
6.4e-08, 2.3e-09, 1.1264e+24
6.4e-08, 2.4e-09, 1.18624e+24
6.4e-08, 2.5e-09, 1.23824e+24
6.4e-08, 2.6e-09, 1.28164e+24
6.4e-08, 2.7e-09, 1.31581e+24
6.4e-08, 2.8e-09, 1.34024e+24
6.4e-08, 2.9e-09, 1.3546e+24
6.4e-08, 3e-09, 1.35869e+24
6.4e-08, 3.1e-09, 1.35244e+24
6.4e-08, 3.2e-09, 1.33597e+24
6.4e-08, 3.3e-09, 1.30951e+24
6.4e-08, 3.4e-09, 1.27346e+24
6.4e-08, 3.5e-09, 1.22835e+24
6.4e-08, 3.6e-09, 1.17485e+24
6.4e-08, 3.7e-09, 1.11375e+24
6.4e-08, 3.8e-09, 1.04595e+24
6.4e-08, 3.9e-09, 9.72462e+23
6.4e-08, 4e-09, 8.94384e+23
6.4e-08, 4.1e-09, 8.12886e+23
6.4e-08, 4.2e-09, 7.29198e+23
6.4e-08, 4.3e-09, 6.44591e+23
6.4e-08, 4.4e-09, 5.60364e+23
6.4e-08, 4.5e-09, 4.77819e+23
6.4e-08, 4.6e-09, 3.9825e+23
6.4e-08, 4.7e-09, 3.22917e+23
6.4e-08, 4.8e-09, 2.53036e+23
6.4e-08, 4.9e-09, 1.89754e+23
6.4e-08, 5e-09, 1.34134e+23
6.4e-08, 5.1e-09, 8.71385e+22
6.4e-08, 5.2e-09, 4.96086e+22
6.4e-08, 5.3e-09, 2.22467e+22
6.4e-08, 5.4e-09, 5.59326e+21
6.8e-08, 6e-10, 5.82981e+21
6.8e-08, 7e-10, 2.31606e+22
6.8e-08, 8e-10, 5.15674e+22
6.8e-08, 9e-10, 9.04198e+22
6.8e-08, 1e-09, 1.38923e+23
6.8e-08, 1.1e-09, 1.96145e+23
6.8e-08, 1.2e-09, 2.61045e+23
6.8e-08, 1.3e-09, 3.32484e+23
6.8e-08, 1.4e-09, 4.09254e+23
6.8e-08, 1.5e-09, 4.90086e+23
6.8e-08, 1.6e-09, 5.73675e+23
6.8e-08, 1.7e-09, 6.58693e+23
6.8e-08, 1.8e-09, 7.43812e+23
6.8e-08, 1.9e-09, 8.27716e+23
6.8e-08, 2e-09, 9.09124e+23
6.8e-08, 2.1e-09, 9.86804e+23
6.8e-08, 2.2e-09, 1.05959e+24
6.8e-08, 2.3e-09, 1.1264e+24
6.8e-08, 2.4e-09, 1.18624e+24
6.8e-08, 2.5e-09, 1.23824e+24
6.8e-08, 2.6e-09, 1.28164e+24
6.8e-08, 2.7e-09, 1.31581e+24
6.8e-08, 2.8e-09, 1.34024e+24
6.8e-08, 2.9e-09, 1.3546e+24
6.8e-08, 3e-09, 1.35869e+24
6.8e-08, 3.1e-09, 1.35244e+24
6.8e-08, 3.2e-09, 1.33597e+24
6.8e-08, 3.3e-09, 1.30951e+24
6.8e-08, 3.4e-09, 1.27346e+24
6.8e-08, 3.5e-09, 1.22835e+24
6.8e-08, 3.6e-09, 1.17485e+24
6.8e-08, 3.7e-09, 1.11375e+24
6.8e-08, 3.8e-09, 1.04595e+24
6.8e-08, 3.9e-09, 9.72462e+23
6.8e-08, 4e-09, 8.94384e+23
6.8e-08, 4.1e-09, 8.12886e+23
6.8e-08, 4.2e-09, 7.29198e+23
6.8e-08, 4.3e-09, 6.44591e+23
6.8e-08, 4.4e-09, 5.60364e+23
6.8e-08, 4.5e-09, 4.77819e+23
6.8e-08, 4.6e-09, 3.9825e+23
6.8e-08, 4.7e-09, 3.22917e+23
6.8e-08, 4.8e-09, 2.53036e+23
6.8e-08, 4.9e-09, 1.89754e+23
6.8e-08, 5e-09, 1.34134e+23
6.8e-08, 5.1e-09, 8.71385e+22
6.8e-08, 5.2e-09, 4.96086e+22
6.8e-08, 5.3e-09, 2.22467e+22
6.8e-08, 5.4e-09, 5.59326e+21
7.2e-08, 6e-10, 5.82981e+21
7.2e-08, 7e-10, 2.31606e+22
7.2e-08, 8e-10, 5.15674e+22
7.2e-08, 9e-10, 9.04198e+22
7.2e-08, 1e-09, 1.38923e+23
7.2e-08, 1.1e-09, 1.96145e+23
7.2e-08, 1.2e-09, 2.61045e+23
7.2e-08, 1.3e-09, 3.32484e+23
7.2e-08, 1.4e-09, 4.09254e+23
7.2e-08, 1.5e-09, 4.90086e+23
7.2e-08, 1.6e-09, 5.73675e+23
7.2e-08, 1.7e-09, 6.58693e+23
7.2e-08, 1.8e-09, 7.43812e+23
7.2e-08, 1.9e-09, 8.27716e+23
7.2e-08, 2e-09, 9.09124e+23
7.2e-08, 2.1e-09, 9.86804e+23
7.2e-08, 2.2e-09, 1.05959e+24
7.2e-08, 2.3e-09, 1.1264e+24
7.2e-08, 2.4e-09, 1.18624e+24
7.2e-08, 2.5e-09, 1.23824e+24
7.2e-08, 2.6e-09, 1.28164e+24
7.2e-08, 2.7e-09, 1.31581e+24
7.2e-08, 2.8e-09, 1.34024e+24
7.2e-08, 2.9e-09, 1.3546e+24
7.2e-08, 3e-09, 1.35869e+24
7.2e-08, 3.1e-09, 1.35244e+24
7.2e-08, 3.2e-09, 1.33597e+24
7.2e-08, 3.3e-09, 1.30951e+24
7.2e-08, 3.4e-09, 1.27346e+24
7.2e-08, 3.5e-09, 1.22835e+24
7.2e-08, 3.6e-09, 1.17485e+24
7.2e-08, 3.7e-09, 1.11375e+24
7.2e-08, 3.8e-09, 1.04595e+24
7.2e-08, 3.9e-09, 9.72462e+23
7.2e-08, 4e-09, 8.94384e+23
7.2e-08, 4.1e-09, 8.12886e+23
7.2e-08, 4.2e-09, 7.29198e+23
7.2e-08, 4.3e-09, 6.44591e+23
7.2e-08, 4.4e-09, 5.60364e+23
7.2e-08, 4.5e-09, 4.77819e+23
7.2e-08, 4.6e-09, 3.9825e+23
7.2e-08, 4.7e-09, 3.22917e+23
7.2e-08, 4.8e-09, 2.53036e+23
7.2e-08, 4.9e-09, 1.89754e+23
7.2e-08, 5e-09, 1.34134e+23
7.2e-08, 5.1e-09, 8.71385e+22
7.2e-08, 5.2e-09, 4.96086e+22
7.2e-08, 5.3e-09, 2.22467e+22
7.2e-08, 5.4e-09, 5.59326e+21
7.6e-08, 6e-10, 5.82981e+21
7.6e-08, 7e-10, 2.31606e+22
7.6e-08, 8e-10, 5.15674e+22
7.6e-08, 9e-10, 9.04197e+22
7.6e-08, 1e-09, 1.38923e+23
7.6e-08, 1.1e-09, 1.96145e+23
7.6e-08, 1.2e-09, 2.61044e+23
7.6e-08, 1.3e-09, 3.32484e+23
7.6e-08, 1.4e-09, 4.09254e+23
7.6e-08, 1.5e-09, 4.90086e+23
7.6e-08, 1.6e-09, 5.73675e+23
7.6e-08, 1.7e-09, 6.58693e+23
7.6e-08, 1.8e-09, 7.43812e+23
7.6e-08, 1.9e-09, 8.27716e+23
7.6e-08, 2e-09, 9.09124e+23
7.6e-08, 2.1e-09, 9.86804e+23
7.6e-08, 2.2e-09, 1.05959e+24
7.6e-08, 2.3e-09, 1.1264e+24
7.6e-08, 2.4e-09, 1.18624e+24
7.6e-08, 2.5e-09, 1.23824e+24
7.6e-08, 2.6e-09, 1.28164e+24
7.6e-08, 2.7e-09, 1.3158e+24
7.6e-08, 2.8e-09, 1.34024e+24
7.6e-08, 2.9e-09, 1.3546e+24
7.6e-08, 3e-09, 1.35869e+24
7.6e-08, 3.1e-09, 1.35244e+24
7.6e-08, 3.2e-09, 1.33597e+24
7.6e-08, 3.3e-09, 1.30951e+24
7.6e-08, 3.4e-09, 1.27346e+24
7.6e-08, 3.5e-09, 1.22835e+24
7.6e-08, 3.6e-09, 1.17485e+24
7.6e-08, 3.7e-09, 1.11375e+24
7.6e-08, 3.8e-09, 1.04595e+24
7.6e-08, 3.9e-09, 9.72462e+23
7.6e-08, 4e-09, 8.94384e+23
7.6e-08, 4.1e-09, 8.12886e+23
7.6e-08, 4.2e-09, 7.29198e+23
7.6e-08, 4.3e-09, 6.44591e+23
7.6e-08, 4.4e-09, 5.60364e+23
7.6e-08, 4.5e-09, 4.77819e+23
7.6e-08, 4.6e-09, 3.9825e+23
7.6e-08, 4.7e-09, 3.22917e+23
7.6e-08, 4.8e-09, 2.53036e+23
7.6e-08, 4.9e-09, 1.89754e+23
7.6e-08, 5e-09, 1.34134e+23
7.6e-08, 5.1e-09, 8.71385e+22
7.6e-08, 5.2e-09, 4.96086e+22
7.6e-08, 5.3e-09, 2.22467e+22
7.6e-08, 5.4e-09, 5.59326e+21
8e-08, 6e-10, 5.81242e+21
8e-08, 7e-10, 2.30915e+22
8e-08, 8e-10, 5.14131e+22
8e-08, 9e-10, 9.01486e+22
8e-08, 1e-09, 1.38505e+23
8e-08, 1.1e-09, 1.95553e+23
8e-08, 1.2e-09, 2.60254e+23
8e-08, 1.3e-09, 3.31473e+23
8e-08, 1.4e-09, 4.08004e+23
8e-08, 1.5e-09, 4.88584e+23
8e-08, 1.6e-09, 5.71909e+23
8e-08, 1.7e-09, 6.56658e+23
8e-08, 1.8e-09, 7.41504e+23
8e-08, 1.9e-09, 8.25138e+23
8e-08, 2e-09, 9.06282e+23
8e-08, 2.1e-09, 9.83709e+23
8e-08, 2.2e-09, 1.05626e+24
8e-08, 2.3e-09, 1.12284e+24
8e-08, 2.4e-09, 1.18249e+24
8e-08, 2.5e-09, 1.23432e+24
8e-08, 2.6e-09, 1.27757e+24
8e-08, 2.7e-09, 1.31161e+24
8e-08, 2.8e-09, 1.33597e+24
8e-08, 2.9e-09, 1.35028e+24
8e-08, 3e-09, 1.35435e+24
8e-08, 3.1e-09, 1.34812e+24
8e-08, 3.2e-09, 1.3317e+24
8e-08, 3.3e-09, 1.30532e+24
8e-08, 3.4e-09, 1.26939e+24
8e-08, 3.5e-09, 1.22442e+24
8e-08, 3.6e-09, 1.1711e+24
8e-08, 3.7e-09, 1.11019e+24
8e-08, 3.8e-09, 1.04262e+24
8e-08, 3.9e-09, 9.69371e+23
8e-08, 4e-09, 8.91547e+23
8e-08, 4.1e-09, 8.10312e+23
8e-08, 4.2e-09, 7.26894e+23
8e-08, 4.3e-09, 6.42561e+23
8e-08, 4.4e-09, 5.58603e+23
8e-08, 4.5e-09, 4.76322e+23
8e-08, 4.6e-09, 3.97006e+23
8e-08, 4.7e-09, 3.21911e+23
8e-08, 4.8e-09, 2.5225e+23
8e-08, 4.9e-09, 1.89166e+23
8e-08, 5e-09, 1.3372e+23
8e-08, 5.1e-09, 8.68699e+22
8e-08, 5.2e-09, 4.9456e+22
8e-08, 5.3e-09, 2.21784e+22
8e-08, 5.4e-09, 5.57609e+21
8.4e-08, 6e-10, 5.57894e+21
8.4e-08, 7e-10, 2.22278e+22
8.4e-08, 8e-10, 4.96839e+22
8.4e-08, 9e-10, 8.75144e+22
8.4e-08, 1e-09, 1.35123e+23
8.4e-08, 1.1e-09, 1.91758e+23
8.4e-08, 1.2e-09, 2.56526e+23
8.4e-08, 1.3e-09, 3.28407e+23
8.4e-08, 1.4e-09, 4.06267e+23
8.4e-08, 1.5e-09, 4.88877e+23
8.4e-08, 1.6e-09, 5.74936e+23
8.4e-08, 1.7e-09, 6.63085e+23
8.4e-08, 1.8e-09, 7.51934e+23
8.4e-08, 1.9e-09, 8.40083e+23
8.4e-08, 2e-09, 9.26141e+23
8.4e-08, 2.1e-09, 1.00875e+24
8.4e-08, 2.2e-09, 1.08661e+24
8.4e-08, 2.3e-09, 1.15849e+24
8.4e-08, 2.4e-09, 1.22326e+24
8.4e-08, 2.5e-09, 1.27989e+24
8.4e-08, 2.6e-09, 1.3275e+24
8.4e-08, 2.7e-09, 1.36533e+24
8.4e-08, 2.8e-09, 1.39279e+24
8.4e-08, 2.9e-09, 1.40944e+24
8.4e-08, 3e-09, 1.41501e+24
8.4e-08, 3.1e-09, 1.40944e+24
8.4e-08, 3.2e-09, 1.39279e+24
8.4e-08, 3.3e-09, 1.36533e+24
8.4e-08, 3.4e-09, 1.3275e+24
8.4e-08, 3.5e-09, 1.27989e+24
8.4e-08, 3.6e-09, 1.22326e+24
8.4e-08, 3.7e-09, 1.15849e+24
8.4e-08, 3.8e-09, 1.08661e+24
8.4e-08, 3.9e-09, 1.00875e+24
8.4e-08, 4e-09, 9.2614e+23
8.4e-08, 4.1e-09, 8.40082e+23
8.4e-08, 4.2e-09, 7.51933e+23
8.4e-08, 4.3e-09, 6.63084e+23
8.4e-08, 4.4e-09, 5.74935e+23
8.4e-08, 4.5e-09, 4.88877e+23
8.4e-08, 4.6e-09, 4.06266e+23
8.4e-08, 4.7e-09, 3.28407e+23
8.4e-08, 4.8e-09, 2.56526e+23
8.4e-08, 4.9e-09, 1.91757e+23
8.4e-08, 5e-09, 1.35122e+23
8.4e-08, 5.1e-09, 8.75142e+22
8.4e-08, 5.2e-09, 4.96838e+22
8.4e-08, 5.3e-09, 2.22277e+22
8.4e-08, 5.4e-09, 5.57893e+21
8.8e-08, 6e-10, 5.57886e+21
8.8e-08, 7e-10, 2.22275e+22
8.8e-08, 8e-10, 4.96833e+22
8.8e-08, 9e-10, 8.75133e+22
8.8e-08, 1e-09, 1.35121e+23
8.8e-08, 1.1e-09, 1.91755e+23
8.8e-08, 1.2e-09, 2.56523e+23
8.8e-08, 1.3e-09, 3.28403e+23
8.8e-08, 1.4e-09, 4.06262e+23
8.8e-08, 1.5e-09, 4.88872e+23
8.8e-08, 1.6e-09, 5.74929e+23
8.8e-08, 1.7e-09, 6.63078e+23
8.8e-08, 1.8e-09, 7.51926e+23
8.8e-08, 1.9e-09, 8.40075e+23
8.8e-08, 2e-09, 9.26132e+23
8.8e-08, 2.1e-09, 1.00874e+24
8.8e-08, 2.2e-09, 1.0866e+24
8.8e-08, 2.3e-09, 1.15848e+24
8.8e-08, 2.4e-09, 1.22325e+24
8.8e-08, 2.5e-09, 1.27988e+24
8.8e-08, 2.6e-09, 1.32749e+24
8.8e-08, 2.7e-09, 1.36532e+24
8.8e-08, 2.8e-09, 1.39278e+24
8.8e-08, 2.9e-09, 1.40943e+24
8.8e-08, 3e-09, 1.415e+24
8.8e-08, 3.1e-09, 1.40943e+24
8.8e-08, 3.2e-09, 1.39278e+24
8.8e-08, 3.3e-09, 1.36532e+24
8.8e-08, 3.4e-09, 1.32749e+24
8.8e-08, 3.5e-09, 1.27988e+24
8.8e-08, 3.6e-09, 1.22325e+24
8.8e-08, 3.7e-09, 1.15848e+24
8.8e-08, 3.8e-09, 1.0866e+24
8.8e-08, 3.9e-09, 1.00874e+24
8.8e-08, 4e-09, 9.26132e+23
8.8e-08, 4.1e-09, 8.40075e+23
8.8e-08, 4.2e-09, 7.51926e+23
8.8e-08, 4.3e-09, 6.63078e+23
8.8e-08, 4.4e-09, 5.74929e+23
8.8e-08, 4.5e-09, 4.88872e+23
8.8e-08, 4.6e-09, 4.06262e+23
8.8e-08, 4.7e-09, 3.28403e+23
8.8e-08, 4.8e-09, 2.56523e+23
8.8e-08, 4.9e-09, 1.91755e+23
8.8e-08, 5e-09, 1.35121e+23
8.8e-08, 5.1e-09, 8.75133e+22
8.8e-08, 5.2e-09, 4.96833e+22
8.8e-08, 5.3e-09, 2.22275e+22
8.8e-08, 5.4e-09, 5.57886e+21
9.2e-08, 6e-10, 5.57886e+21
9.2e-08, 7e-10, 2.22275e+22
9.2e-08, 8e-10, 4.96833e+22
9.2e-08, 9e-10, 8.75133e+22
9.2e-08, 1e-09, 1.35121e+23
9.2e-08, 1.1e-09, 1.91755e+23
9.2e-08, 1.2e-09, 2.56523e+23
9.2e-08, 1.3e-09, 3.28403e+23
9.2e-08, 1.4e-09, 4.06262e+23
9.2e-08, 1.5e-09, 4.88872e+23
9.2e-08, 1.6e-09, 5.74929e+23
9.2e-08, 1.7e-09, 6.63078e+23
9.2e-08, 1.8e-09, 7.51926e+23
9.2e-08, 1.9e-09, 8.40075e+23
9.2e-08, 2e-09, 9.26132e+23
9.2e-08, 2.1e-09, 1.00874e+24
9.2e-08, 2.2e-09, 1.0866e+24
9.2e-08, 2.3e-09, 1.15848e+24
9.2e-08, 2.4e-09, 1.22325e+24
9.2e-08, 2.5e-09, 1.27988e+24
9.2e-08, 2.6e-09, 1.32749e+24
9.2e-08, 2.7e-09, 1.36532e+24
9.2e-08, 2.8e-09, 1.39278e+24
9.2e-08, 2.9e-09, 1.40943e+24
9.2e-08, 3e-09, 1.415e+24
9.2e-08, 3.1e-09, 1.40943e+24
9.2e-08, 3.2e-09, 1.39278e+24
9.2e-08, 3.3e-09, 1.36532e+24
9.2e-08, 3.4e-09, 1.32749e+24
9.2e-08, 3.5e-09, 1.27988e+24
9.2e-08, 3.6e-09, 1.22325e+24
9.2e-08, 3.7e-09, 1.15848e+24
9.2e-08, 3.8e-09, 1.0866e+24
9.2e-08, 3.9e-09, 1.00874e+24
9.2e-08, 4e-09, 9.26132e+23
9.2e-08, 4.1e-09, 8.40075e+23
9.2e-08, 4.2e-09, 7.51926e+23
9.2e-08, 4.3e-09, 6.63078e+23
9.2e-08, 4.4e-09, 5.74929e+23
9.2e-08, 4.5e-09, 4.88872e+23
9.2e-08, 4.6e-09, 4.06262e+23
9.2e-08, 4.7e-09, 3.28403e+23
9.2e-08, 4.8e-09, 2.56523e+23
9.2e-08, 4.9e-09, 1.91755e+23
9.2e-08, 5e-09, 1.35121e+23
9.2e-08, 5.1e-09, 8.75133e+22
9.2e-08, 5.2e-09, 4.96833e+22
9.2e-08, 5.3e-09, 2.22275e+22
9.2e-08, 5.4e-09, 5.57886e+21
9.6e-08, 6e-10, 5.57886e+21
9.6e-08, 7e-10, 2.22275e+22
9.6e-08, 8e-10, 4.96833e+22
9.6e-08, 9e-10, 8.75133e+22
9.6e-08, 1e-09, 1.35121e+23
9.6e-08, 1.1e-09, 1.91755e+23
9.6e-08, 1.2e-09, 2.56523e+23
9.6e-08, 1.3e-09, 3.28403e+23
9.6e-08, 1.4e-09, 4.06262e+23
9.6e-08, 1.5e-09, 4.88872e+23
9.6e-08, 1.6e-09, 5.74929e+23
9.6e-08, 1.7e-09, 6.63078e+23
9.6e-08, 1.8e-09, 7.51926e+23
9.6e-08, 1.9e-09, 8.40075e+23
9.6e-08, 2e-09, 9.26132e+23
9.6e-08, 2.1e-09, 1.00874e+24
9.6e-08, 2.2e-09, 1.0866e+24
9.6e-08, 2.3e-09, 1.15848e+24
9.6e-08, 2.4e-09, 1.22325e+24
9.6e-08, 2.5e-09, 1.27988e+24
9.6e-08, 2.6e-09, 1.32749e+24
9.6e-08, 2.7e-09, 1.36532e+24
9.6e-08, 2.8e-09, 1.39278e+24
9.6e-08, 2.9e-09, 1.40943e+24
9.6e-08, 3e-09, 1.415e+24
9.6e-08, 3.1e-09, 1.40943e+24
9.6e-08, 3.2e-09, 1.39278e+24
9.6e-08, 3.3e-09, 1.36532e+24
9.6e-08, 3.4e-09, 1.32749e+24
9.6e-08, 3.5e-09, 1.27988e+24
9.6e-08, 3.6e-09, 1.22325e+24
9.6e-08, 3.7e-09, 1.15848e+24
9.6e-08, 3.8e-09, 1.0866e+24
9.6e-08, 3.9e-09, 1.00874e+24
9.6e-08, 4e-09, 9.26132e+23
9.6e-08, 4.1e-09, 8.40075e+23
9.6e-08, 4.2e-09, 7.51926e+23
9.6e-08, 4.3e-09, 6.63078e+23
9.6e-08, 4.4e-09, 5.74929e+23
9.6e-08, 4.5e-09, 4.88872e+23
9.6e-08, 4.6e-09, 4.06262e+23
9.6e-08, 4.7e-09, 3.28403e+23
9.6e-08, 4.8e-09, 2.56523e+23
9.6e-08, 4.9e-09, 1.91755e+23
9.6e-08, 5e-09, 1.35121e+23
9.6e-08, 5.1e-09, 8.75133e+22
9.6e-08, 5.2e-09, 4.96833e+22
9.6e-08, 5.3e-09, 2.22275e+22
9.6e-08, 5.4e-09, 5.57886e+21
1e-07, 6e-10, 5.57886e+21
1e-07, 7e-10, 2.22275e+22
1e-07, 8e-10, 4.96833e+22
1e-07, 9e-10, 8.75133e+22
1e-07, 1e-09, 1.35121e+23
1e-07, 1.1e-09, 1.91755e+23
1e-07, 1.2e-09, 2.56523e+23
1e-07, 1.3e-09, 3.28403e+23
1e-07, 1.4e-09, 4.06262e+23
1e-07, 1.5e-09, 4.88872e+23
1e-07, 1.6e-09, 5.74929e+23
1e-07, 1.7e-09, 6.63078e+23
1e-07, 1.8e-09, 7.51926e+23
1e-07, 1.9e-09, 8.40075e+23
1e-07, 2e-09, 9.26132e+23
1e-07, 2.1e-09, 1.00874e+24
1e-07, 2.2e-09, 1.0866e+24
1e-07, 2.3e-09, 1.15848e+24
1e-07, 2.4e-09, 1.22325e+24
1e-07, 2.5e-09, 1.27988e+24
1e-07, 2.6e-09, 1.32749e+24
1e-07, 2.7e-09, 1.36532e+24
1e-07, 2.8e-09, 1.39278e+24
1e-07, 2.9e-09, 1.40943e+24
1e-07, 3e-09, 1.415e+24
1e-07, 3.1e-09, 1.40943e+24
1e-07, 3.2e-09, 1.39278e+24
1e-07, 3.3e-09, 1.36532e+24
1e-07, 3.4e-09, 1.32749e+24
1e-07, 3.5e-09, 1.27988e+24
1e-07, 3.6e-09, 1.22325e+24
1e-07, 3.7e-09, 1.15848e+24
1e-07, 3.8e-09, 1.0866e+24
1e-07, 3.9e-09, 1.00874e+24
1e-07, 4e-09, 9.26132e+23
1e-07, 4.1e-09, 8.40075e+23
1e-07, 4.2e-09, 7.51926e+23
1e-07, 4.3e-09, 6.63078e+23
1e-07, 4.4e-09, 5.74929e+23
1e-07, 4.5e-09, 4.88872e+23
1e-07, 4.6e-09, 4.06262e+23
1e-07, 4.7e-09, 3.28403e+23
1e-07, 4.8e-09, 2.56523e+23
1e-07, 4.9e-09, 1.91755e+23
1e-07, 5e-09, 1.35121e+23
1e-07, 5.1e-09, 8.75133e+22
1e-07, 5.2e-09, 4.96833e+22
1e-07, 5.3e-09, 2.22275e+22
1e-07, 5.4e-09, 5.57886e+21
1.04e-07, 6e-10, 5.57886e+21
1.04e-07, 7e-10, 2.22275e+22
1.04e-07, 8e-10, 4.96833e+22
1.04e-07, 9e-10, 8.75133e+22
1.04e-07, 1e-09, 1.35121e+23
1.04e-07, 1.1e-09, 1.91755e+23
1.04e-07, 1.2e-09, 2.56523e+23
1.04e-07, 1.3e-09, 3.28403e+23
1.04e-07, 1.4e-09, 4.06262e+23
1.04e-07, 1.5e-09, 4.88872e+23
1.04e-07, 1.6e-09, 5.74929e+23
1.04e-07, 1.7e-09, 6.63078e+23
1.04e-07, 1.8e-09, 7.51926e+23
1.04e-07, 1.9e-09, 8.40075e+23
1.04e-07, 2e-09, 9.26132e+23
1.04e-07, 2.1e-09, 1.00874e+24
1.04e-07, 2.2e-09, 1.0866e+24
1.04e-07, 2.3e-09, 1.15848e+24
1.04e-07, 2.4e-09, 1.22325e+24
1.04e-07, 2.5e-09, 1.27988e+24
1.04e-07, 2.6e-09, 1.32749e+24
1.04e-07, 2.7e-09, 1.36532e+24
1.04e-07, 2.8e-09, 1.39278e+24
1.04e-07, 2.9e-09, 1.40943e+24
1.04e-07, 3e-09, 1.415e+24
1.04e-07, 3.1e-09, 1.40943e+24
1.04e-07, 3.2e-09, 1.39278e+24
1.04e-07, 3.3e-09, 1.36532e+24
1.04e-07, 3.4e-09, 1.32749e+24
1.04e-07, 3.5e-09, 1.27988e+24
1.04e-07, 3.6e-09, 1.22325e+24
1.04e-07, 3.7e-09, 1.15848e+24
1.04e-07, 3.8e-09, 1.0866e+24
1.04e-07, 3.9e-09, 1.00874e+24
1.04e-07, 4e-09, 9.26132e+23
1.04e-07, 4.1e-09, 8.40075e+23
1.04e-07, 4.2e-09, 7.51926e+23
1.04e-07, 4.3e-09, 6.63078e+23
1.04e-07, 4.4e-09, 5.74929e+23
1.04e-07, 4.5e-09, 4.88872e+23
1.04e-07, 4.6e-09, 4.06262e+23
1.04e-07, 4.7e-09, 3.28403e+23
1.04e-07, 4.8e-09, 2.56523e+23
1.04e-07, 4.9e-09, 1.91755e+23
1.04e-07, 5e-09, 1.35121e+23
1.04e-07, 5.1e-09, 8.75133e+22
1.04e-07, 5.2e-09, 4.96833e+22
1.04e-07, 5.3e-09, 2.22275e+22
1.04e-07, 5.4e-09, 5.57886e+21
1.08e-07, 6e-10, 5.57886e+21
1.08e-07, 7e-10, 2.22275e+22
1.08e-07, 8e-10, 4.96833e+22
1.08e-07, 9e-10, 8.75133e+22
1.08e-07, 1e-09, 1.35121e+23
1.08e-07, 1.1e-09, 1.91755e+23
1.08e-07, 1.2e-09, 2.56523e+23
1.08e-07, 1.3e-09, 3.28403e+23
1.08e-07, 1.4e-09, 4.06262e+23
1.08e-07, 1.5e-09, 4.88872e+23
1.08e-07, 1.6e-09, 5.74929e+23
1.08e-07, 1.7e-09, 6.63078e+23
1.08e-07, 1.8e-09, 7.51926e+23
1.08e-07, 1.9e-09, 8.40075e+23
1.08e-07, 2e-09, 9.26132e+23
1.08e-07, 2.1e-09, 1.00874e+24
1.08e-07, 2.2e-09, 1.0866e+24
1.08e-07, 2.3e-09, 1.15848e+24
1.08e-07, 2.4e-09, 1.22325e+24
1.08e-07, 2.5e-09, 1.27988e+24
1.08e-07, 2.6e-09, 1.32749e+24
1.08e-07, 2.7e-09, 1.36532e+24
1.08e-07, 2.8e-09, 1.39278e+24
1.08e-07, 2.9e-09, 1.40943e+24
1.08e-07, 3e-09, 1.415e+24
1.08e-07, 3.1e-09, 1.40943e+24
1.08e-07, 3.2e-09, 1.39278e+24
1.08e-07, 3.3e-09, 1.36532e+24
1.08e-07, 3.4e-09, 1.32749e+24
1.08e-07, 3.5e-09, 1.27988e+24
1.08e-07, 3.6e-09, 1.22325e+24
1.08e-07, 3.7e-09, 1.15848e+24
1.08e-07, 3.8e-09, 1.0866e+24
1.08e-07, 3.9e-09, 1.00874e+24
1.08e-07, 4e-09, 9.26132e+23
1.08e-07, 4.1e-09, 8.40075e+23
1.08e-07, 4.2e-09, 7.51926e+23
1.08e-07, 4.3e-09, 6.63078e+23
1.08e-07, 4.4e-09, 5.74929e+23
1.08e-07, 4.5e-09, 4.88872e+23
1.08e-07, 4.6e-09, 4.06262e+23
1.08e-07, 4.7e-09, 3.28403e+23
1.08e-07, 4.8e-09, 2.56523e+23
1.08e-07, 4.9e-09, 1.91755e+23
1.08e-07, 5e-09, 1.35121e+23
1.08e-07, 5.1e-09, 8.75133e+22
1.08e-07, 5.2e-09, 4.96833e+22
1.08e-07, 5.3e-09, 2.22275e+22
1.08e-07, 5.4e-09, 5.57886e+21
1.12e-07, 6e-10, 5.57886e+21
1.12e-07, 7e-10, 2.22275e+22
1.12e-07, 8e-10, 4.96833e+22
1.12e-07, 9e-10, 8.75133e+22
1.12e-07, 1e-09, 1.35121e+23
1.12e-07, 1.1e-09, 1.91755e+23
1.12e-07, 1.2e-09, 2.56523e+23
1.12e-07, 1.3e-09, 3.28403e+23
1.12e-07, 1.4e-09, 4.06262e+23
1.12e-07, 1.5e-09, 4.88872e+23
1.12e-07, 1.6e-09, 5.74929e+23
1.12e-07, 1.7e-09, 6.63078e+23
1.12e-07, 1.8e-09, 7.51926e+23
1.12e-07, 1.9e-09, 8.40075e+23
1.12e-07, 2e-09, 9.26132e+23
1.12e-07, 2.1e-09, 1.00874e+24
1.12e-07, 2.2e-09, 1.0866e+24
1.12e-07, 2.3e-09, 1.15848e+24
1.12e-07, 2.4e-09, 1.22325e+24
1.12e-07, 2.5e-09, 1.27988e+24
1.12e-07, 2.6e-09, 1.32749e+24
1.12e-07, 2.7e-09, 1.36532e+24
1.12e-07, 2.8e-09, 1.39278e+24
1.12e-07, 2.9e-09, 1.40943e+24
1.12e-07, 3e-09, 1.415e+24
1.12e-07, 3.1e-09, 1.40943e+24
1.12e-07, 3.2e-09, 1.39278e+24
1.12e-07, 3.3e-09, 1.36532e+24
1.12e-07, 3.4e-09, 1.32749e+24
1.12e-07, 3.5e-09, 1.27988e+24
1.12e-07, 3.6e-09, 1.22325e+24
1.12e-07, 3.7e-09, 1.15848e+24
1.12e-07, 3.8e-09, 1.0866e+24
1.12e-07, 3.9e-09, 1.00874e+24
1.12e-07, 4e-09, 9.26132e+23
1.12e-07, 4.1e-09, 8.40075e+23
1.12e-07, 4.2e-09, 7.51926e+23
1.12e-07, 4.3e-09, 6.63078e+23
1.12e-07, 4.4e-09, 5.74929e+23
1.12e-07, 4.5e-09, 4.88872e+23
1.12e-07, 4.6e-09, 4.06262e+23
1.12e-07, 4.7e-09, 3.28403e+23
1.12e-07, 4.8e-09, 2.56523e+23
1.12e-07, 4.9e-09, 1.91755e+23
1.12e-07, 5e-09, 1.35121e+23
1.12e-07, 5.1e-09, 8.75133e+22
1.12e-07, 5.2e-09, 4.96833e+22
1.12e-07, 5.3e-09, 2.22275e+22
1.12e-07, 5.4e-09, 5.57886e+21
1.16e-07, 6e-10, 5.5811e+21
1.16e-07, 7e-10, 2.22364e+22
1.16e-07, 8e-10, 4.97031e+22
1.16e-07, 9e-10, 8.75482e+22
1.16e-07, 1e-09, 1.35175e+23
1.16e-07, 1.1e-09, 1.91832e+23
1.16e-07, 1.2e-09, 2.56625e+23
1.16e-07, 1.3e-09, 3.28534e+23
1.16e-07, 1.4e-09, 4.06424e+23
1.16e-07, 1.5e-09, 4.89066e+23
1.16e-07, 1.6e-09, 5.75158e+23
1.16e-07, 1.7e-09, 6.63341e+23
1.16e-07, 1.8e-09, 7.52225e+23
1.16e-07, 1.9e-09, 8.40408e+23
1.16e-07, 2e-09, 9.26499e+23
1.16e-07, 2.1e-09, 1.00914e+24
1.16e-07, 2.2e-09, 1.08703e+24
1.16e-07, 2.3e-09, 1.15894e+24
1.16e-07, 2.4e-09, 1.22373e+24
1.16e-07, 2.5e-09, 1.28039e+24
1.16e-07, 2.6e-09, 1.32801e+24
1.16e-07, 2.7e-09, 1.36586e+24
1.16e-07, 2.8e-09, 1.39333e+24
1.16e-07, 2.9e-09, 1.40998e+24
1.16e-07, 3e-09, 1.41556e+24
1.16e-07, 3.1e-09, 1.40998e+24
1.16e-07, 3.2e-09, 1.39332e+24
1.16e-07, 3.3e-09, 1.36586e+24
1.16e-07, 3.4e-09, 1.32801e+24
1.16e-07, 3.5e-09, 1.28039e+24
1.16e-07, 3.6e-09, 1.22373e+24
1.16e-07, 3.7e-09, 1.15894e+24
1.16e-07, 3.8e-09, 1.08703e+24
1.16e-07, 3.9e-09, 1.00914e+24
1.16e-07, 4e-09, 9.26498e+23
1.16e-07, 4.1e-09, 8.40407e+23
1.16e-07, 4.2e-09, 7.52224e+23
1.16e-07, 4.3e-09, 6.6334e+23
1.16e-07, 4.4e-09, 5.75157e+23
1.16e-07, 4.5e-09, 4.89066e+23
1.16e-07, 4.6e-09, 4.06423e+23
1.16e-07, 4.7e-09, 3.28534e+23
1.16e-07, 4.8e-09, 2.56625e+23
1.16e-07, 4.9e-09, 1.91831e+23
1.16e-07, 5e-09, 1.35175e+23
1.16e-07, 5.1e-09, 8.7548e+22
1.16e-07, 5.2e-09, 4.9703e+22
1.16e-07, 5.3e-09, 2.22363e+22
1.16e-07, 5.4e-09, 5.58108e+21
1.2e-07, 6e-10, 1.01101e+24
1.2e-07, 7e-10, 4.02811e+24
1.2e-07, 8e-10, 9.00372e+24
1.2e-07, 9e-10, 1.58594e+25
1.2e-07, 1e-09, 2.44869e+25
1.2e-07, 1.1e-09, 3.47503e+25
1.2e-07, 1.2e-09, 4.64878e+25
1.2e-07, 1.3e-09, 5.95141e+25
1.2e-07, 1.4e-09, 7.36238e+25
1.2e-07, 1.5e-09, 8.85945e+25
1.2e-07, 1.6e-09, 1.0419e+26
1.2e-07, 1.7e-09, 1.20165e+26
1.2e-07, 1.8e-09, 1.36266e+26
1.2e-07, 1.9e-09, 1.5224e+26
1.2e-07, 2e-09, 1.67836e+26
1.2e-07, 2.1e-09, 1.82807e+26
1.2e-07, 2.2e-09, 1.96916e+26
1.2e-07, 2.3e-09, 2.09943e+26
1.2e-07, 2.4e-09, 2.2168e+26
1.2e-07, 2.5e-09, 2.31943e+26
1.2e-07, 2.6e-09, 2.40571e+26
1.2e-07, 2.7e-09, 2.47427e+26
1.2e-07, 2.8e-09, 2.52402e+26
1.2e-07, 2.9e-09, 2.55419e+26
1.2e-07, 3e-09, 2.5643e+26
1.2e-07, 3.1e-09, 2.55419e+26
1.2e-07, 3.2e-09, 2.52402e+26
1.2e-07, 3.3e-09, 2.47427e+26
1.2e-07, 3.4e-09, 2.40571e+26
1.2e-07, 3.5e-09, 2.31943e+26
1.2e-07, 3.6e-09, 2.2168e+26
1.2e-07, 3.7e-09, 2.09943e+26
1.2e-07, 3.8e-09, 1.96916e+26
1.2e-07, 3.9e-09, 1.82807e+26
1.2e-07, 4e-09, 1.67836e+26
1.2e-07, 4.1e-09, 1.5224e+26
1.2e-07, 4.2e-09, 1.36266e+26
1.2e-07, 4.3e-09, 1.20165e+26
1.2e-07, 4.4e-09, 1.0419e+26
1.2e-07, 4.5e-09, 8.85945e+25
1.2e-07, 4.6e-09, 7.36238e+25
1.2e-07, 4.7e-09, 5.95141e+25
1.2e-07, 4.8e-09, 4.64878e+25
1.2e-07, 4.9e-09, 3.47503e+25
1.2e-07, 5e-09, 2.44869e+25
1.2e-07, 5.1e-09, 1.58594e+25
1.2e-07, 5.2e-09, 9.00372e+24
1.2e-07, 5.3e-09, 4.02812e+24
1.2e-07, 5.4e-09, 1.01102e+24
