0.909209
0.909209
0.90921
0.909211
0.909213
0.909215
0.909215
0.909215
0.909215
0.909215
0.909215
0.909215
0.909215
0.909215
0.909215
0.909215
0.909215
0.909215
0.909215
0.909215
0.909215
0.909215
0.909215
0.909215
0.909215
0.909215
0.909215
0.909215
0.909215
0.909215
0.909215
0.909215
0.909215
0.909215
0.909215
0.909215
0.909215
0.909215
0.909215
0.909215
0.909215
0.909215
0.909215
0.909215
0.909215
0.909215
0.909215
0.909215
0.909215
0.909215
0.909215
0.909215
0.909215
0.909215
0.909215
0.909215
0.909213
0.909211
0.90921
0.909209
0.909209
0.575488
0.575488
0.575488
0.575487
0.575486
0.575485
0.575485
0.575485
0.575484
0.575484
0.575484
0.575484
0.575484
0.575484
0.575484
0.575483
0.575483
0.575483
0.575483
0.575483
0.575483
0.575483
0.575483
0.575483
0.575483
0.575483
0.575483
0.575483
0.575483
0.575483
0.575483
0.575483
0.575483
0.575483
0.575483
0.575483
0.575483
0.575483
0.575483
0.575483
0.575483
0.575483
0.575483
0.575483
0.575483
0.575483
0.575484
0.575484
0.575484
0.575484
0.575484
0.575484
0.575484
0.575485
0.575485
0.575485
0.575486
0.575487
0.575488
0.575488
0.575488
0.575475
0.575475
0.575475
0.575475
0.575475
0.575475
0.575475
0.575475
0.575475
0.575475
0.575475
0.575475
0.575475
0.575475
0.575475
0.575475
0.575475
0.575475
0.575475
0.575475
0.575475
0.575475
0.575475
0.575475
0.575475
0.575475
0.575475
0.575475
0.575475
0.575475
0.575475
0.575475
0.575475
0.575475
0.575475
0.575475
0.575475
0.575475
0.575475
0.575475
0.575475
0.575475
0.575475
0.575475
0.575475
0.575475
0.575475
0.575475
0.575475
0.575475
0.575475
0.575475
0.575475
0.575475
0.575475
0.575475
0.575475
0.575475
0.575475
0.575475
0.575475
0.575475
0.575475
0.575475
0.575475
0.575475
0.575475
0.575475
0.575475
0.575475
0.575475
0.575475
0.575475
0.575475
0.575475
0.575475
0.575475
0.575475
0.575475
0.575475
0.575475
0.575475
0.575475
0.575475
0.575475
0.575475
0.575475
0.575475
0.575475
0.575475
0.575475
0.575475
0.575475
0.575475
0.575475
0.575475
0.575475
0.575475
0.575475
0.575475
0.575475
0.575475
0.575475
0.575475
0.575475
0.575475
0.575475
0.575475
0.575475
0.575475
0.575475
0.575475
0.575475
0.575475
0.575475
0.575475
0.575475
0.575475
0.575475
0.575475
0.575475
0.575475
0.575475
0.575475
0.575475
0.575475
0.575475
0.575475
0.575475
0.575475
0.575475
0.575475
0.575475
0.575475
0.575475
0.575475
0.575475
0.575475
0.575475
0.575475
0.575475
0.575475
0.575475
0.575475
0.575475
0.575475
0.575475
0.575475
0.575475
0.575475
0.575475
0.575475
0.575475
0.575475
0.575475
0.575475
0.575475
0.575475
0.575475
0.575475
0.575475
0.575475
0.575475
0.575475
0.575475
0.575475
0.575475
0.575475
0.575475
0.575475
0.575475
0.575475
0.575475
0.575475
0.575475
0.575475
0.575475
0.575475
0.575475
0.575475
0.575475
0.575475
0.575475
0.575475
0.575475
0.575475
0.575475
0.575475
0.575475
0.575475
0.575475
0.575475
0.575475
0.575475
0.575475
0.575475
0.575475
0.575475
0.575475
0.575475
0.575475
0.575475
0.575475
0.575475
0.575475
0.575475
0.575475
0.575475
0.575475
0.575475
0.575475
0.575475
0.575475
0.575475
0.575475
0.575475
0.575475
0.575475
0.575475
0.575475
0.575475
0.575475
0.575475
0.575475
0.575475
0.575475
0.575475
0.575475
0.575475
0.575475
0.575475
0.575475
0.575475
0.575475
0.575475
0.575475
0.575475
0.575475
0.575475
0.575475
0.575475
0.575475
0.575475
0.575475
0.575475
0.575475
0.575475
0.575475
0.575475
0.575475
0.575475
0.575475
0.575475
0.575475
0.575475
0.575475
0.575475
0.575475
0.575475
0.575475
0.575475
0.575475
0.575475
0.575475
0.575475
0.575475
0.575475
0.575475
0.575475
0.575475
0.575475
0.575475
0.575475
0.575475
0.575475
0.575475
0.575475
0.575475
0.575475
0.575475
0.575475
0.575475
0.575475
0.575475
0.575475
0.575475
0.575475
0.575475
0.575475
0.575475
0.575475
0.575475
0.575475
0.575475
0.575475
0.575475
0.575475
0.575475
0.575475
0.575475
0.575475
0.575475
0.575475
0.575475
0.575475
0.575475
0.575475
0.575475
0.575475
0.575475
0.575475
0.575475
0.575475
0.575475
0.575475
0.575475
0.575475
0.575475
0.575475
0.575475
0.575475
0.575475
0.575475
0.575475
0.575475
0.575475
0.575475
0.575475
0.575475
0.575475
0.575475
0.575475
0.575475
0.575475
0.575475
0.575475
0.575475
0.575475
0.575475
0.575475
0.575475
0.575475
0.575475
0.575475
0.575475
0.575475
0.575475
0.575475
0.575475
0.575475
0.575475
0.575475
0.575475
0.575475
0.575475
0.575475
0.575475
0.575475
0.575475
0.575475
0.575475
0.575475
0.575475
0.575475
0.575475
0.575475
0.575475
0.575475
0.575475
0.575475
0.575475
0.575475
0.575475
0.575475
0.575475
0.575475
0.575475
0.575475
0.575475
0.575475
0.575475
0.575475
0.575475
0.575475
0.575475
0.575475
0.575475
0.575475
0.575475
0.575475
0.575475
0.575475
0.575475
0.575475
0.575475
0.575475
0.575475
0.575475
0.575475
0.575475
0.575475
0.575475
0.575475
0.575475
0.575475
0.575475
0.575475
0.575475
0.575475
0.575475
0.575475
0.575475
0.575475
0.575475
0.575475
0.575475
0.575475
0.575475
0.575475
0.575475
0.575475
0.575475
0.575475
0.575475
0.575475
0.575475
0.575475
0.575479
0.575478
0.575478
0.575478
0.575477
0.575477
0.575477
0.575477
0.575476
0.575476
0.575476
0.575476
0.575476
0.575476
0.575476
0.575476
0.575476
0.575476
0.575476
0.575475
0.575475
0.575475
0.575475
0.575475
0.575475
0.575475
0.575475
0.575475
0.575475
0.575475
0.575475
0.575475
0.575475
0.575475
0.575475
0.575475
0.575475
0.575475
0.575475
0.575475
0.575475
0.575475
0.575476
0.575476
0.575476
0.575476
0.575476
0.575476
0.575476
0.575476
0.575476
0.575476
0.575476
0.575477
0.575477
0.575477
0.575477
0.575478
0.575478
0.575478
0.575479
0.83374
0.793417
0.753095
0.712773
0.672451
0.632129
0.618688
0.608907
0.601529
0.595838
0.591381
0.587847
0.585015
0.582722
0.580844
0.579292
0.577996
0.576905
0.575979
0.575189
0.574512
0.573932
0.573436
0.573014
0.57266
0.572368
0.572133
0.571953
0.571826
0.57175
0.571725
0.57175
0.571826
0.571953
0.572133
0.572368
0.57266
0.573014
0.573436
0.573932
0.574512
0.575189
0.575979
0.576905
0.577996
0.579292
0.580844
0.582722
0.585015
0.587847
0.591381
0.595838
0.601529
0.608907
0.618688
0.632129
0.672451
0.712773
0.753095
0.793417
0.83374
0.83374
0.793422
0.753104
0.712786
0.672468
0.63215
0.61871
0.608933
0.601559
0.595874
0.591422
0.587894
0.585068
0.58278
0.580907
0.57936
0.578068
0.57698
0.576058
0.57527
0.574596
0.574018
0.573524
0.573104
0.572751
0.57246
0.572226
0.572047
0.571921
0.571845
0.57182
0.571845
0.571921
0.572047
0.572226
0.57246
0.572751
0.573104
0.573524
0.574018
0.574596
0.57527
0.576058
0.57698
0.578068
0.57936
0.580907
0.58278
0.585068
0.587894
0.591422
0.595874
0.601559
0.608933
0.61871
0.63215
0.672468
0.712786
0.753104
0.793422
0.83374
0.83374
0.793422
0.753104
0.712786
0.672468
0.63215
0.618711
0.608933
0.601559
0.595874
0.591422
0.587894
0.585068
0.58278
0.580907
0.57936
0.578068
0.57698
0.576058
0.57527
0.574596
0.574018
0.573524
0.573104
0.572751
0.57246
0.572226
0.572047
0.571921
0.571845
0.57182
0.571845
0.571921
0.572047
0.572226
0.57246
0.572751
0.573104
0.573524
0.574018
0.574596
0.57527
0.576058
0.57698
0.578068
0.57936
0.580907
0.58278
0.585068
0.587894
0.591422
0.595874
0.601559
0.608933
0.618711
0.63215
0.672468
0.712786
0.753104
0.793422
0.83374
0.83374
0.793422
0.753104
0.712786
0.672468
0.63215
0.618711
0.608933
0.601559
0.595874
0.591422
0.587894
0.585068
0.58278
0.580907
0.57936
0.578068
0.57698
0.576058
0.57527
0.574596
0.574018
0.573524
0.573104
0.572751
0.57246
0.572226
0.572047
0.571921
0.571845
0.57182
0.571845
0.571921
0.572047
0.572226
0.57246
0.572751
0.573104
0.573524
0.574018
0.574596
0.57527
0.576058
0.57698
0.578068
0.57936
0.580907
0.58278
0.585068
0.587894
0.591422
0.595874
0.601559
0.608933
0.618711
0.63215
0.672468
0.712786
0.753104
0.793422
0.83374
0.83374
0.793422
0.753104
0.712786
0.672468
0.63215
0.618711
0.608933
0.601559
0.595874
0.591422
0.587894
0.585068
0.58278
0.580907
0.57936
0.578068
0.57698
0.576058
0.57527
0.574596
0.574018
0.573524
0.573104
0.572751
0.57246
0.572226
0.572047
0.571921
0.571845
0.57182
0.571845
0.571921
0.572047
0.572226
0.57246
0.572751
0.573104
0.573524
0.574018
0.574596
0.57527
0.576058
0.57698
0.578068
0.57936
0.580907
0.58278
0.585068
0.587894
0.591422
0.595874
0.601559
0.608933
0.618711
0.63215
0.672468
0.712786
0.753104
0.793422
0.83374
0.83374
0.793422
0.753104
0.712786
0.672468
0.63215
0.618711
0.608933
0.601559
0.595874
0.591422
0.587894
0.585068
0.58278
0.580907
0.57936
0.578068
0.57698
0.576058
0.57527
0.574596
0.574018
0.573524
0.573104
0.572751
0.57246
0.572226
0.572047
0.571921
0.571845
0.57182
0.571845
0.571921
0.572047
0.572226
0.57246
0.572751
0.573104
0.573524
0.574018
0.574596
0.57527
0.576058
0.57698
0.578068
0.57936
0.580907
0.58278
0.585068
0.587894
0.591422
0.595874
0.601559
0.608933
0.618711
0.63215
0.672468
0.712786
0.753104
0.793422
0.83374
0.83374
0.793422
0.753104
0.712786
0.672468
0.63215
0.618711
0.608933
0.601559
0.595874
0.591422
0.587894
0.585068
0.58278
0.580907
0.57936
0.578068
0.57698
0.576058
0.57527
0.574596
0.574018
0.573524
0.573104
0.572751
0.57246
0.572226
0.572047
0.571921
0.571845
0.57182
0.571845
0.571921
0.572047
0.572226
0.57246
0.572751
0.573104
0.573524
0.574018
0.574596
0.57527
0.576058
0.57698
0.578068
0.57936
0.580907
0.58278
0.585068
0.587894
0.591422
0.595874
0.601559
0.608933
0.618711
0.63215
0.672468
0.712786
0.753104
0.793422
0.83374
0.83374
0.793422
0.753104
0.712786
0.672468
0.63215
0.618711
0.608933
0.601559
0.595874
0.591422
0.587894
0.585068
0.58278
0.580907
0.57936
0.578068
0.57698
0.576058
0.57527
0.574596
0.574018
0.573524
0.573104
0.572751
0.57246
0.572226
0.572047
0.571921
0.571845
0.57182
0.571845
0.571921
0.572047
0.572226
0.57246
0.572751
0.573104
0.573524
0.574018
0.574596
0.57527
0.576058
0.57698
0.578068
0.57936
0.580907
0.58278
0.585068
0.587894
0.591422
0.595874
0.601559
0.608933
0.618711
0.63215
0.672468
0.712786
0.753104
0.793422
0.83374
0.83374
0.793422
0.753104
0.712786
0.672468
0.63215
0.618711
0.608933
0.601559
0.595874
0.591422
0.587894
0.585068
0.58278
0.580907
0.57936
0.578068
0.57698
0.576058
0.57527
0.574596
0.574018
0.573524
0.573104
0.572751
0.57246
0.572226
0.572047
0.571921
0.571845
0.57182
0.571845
0.571921
0.572047
0.572226
0.57246
0.572751
0.573104
0.573524
0.574018
0.574596
0.57527
0.576058
0.57698
0.578068
0.57936
0.580907
0.58278
0.585068
0.587894
0.591422
0.595874
0.601559
0.608933
0.618711
0.63215
0.672468
0.712786
0.753104
0.793422
0.83374
0.83374
0.793422
0.753104
0.712786
0.672468
0.63215
0.61871
0.608933
0.601559
0.595874
0.591422
0.587894
0.585068
0.58278
0.580907
0.57936
0.578068
0.57698
0.576058
0.57527
0.574596
0.574018
0.573524
0.573104
0.572751
0.57246
0.572226
0.572047
0.571921
0.571845
0.57182
0.571845
0.571921
0.572047
0.572226
0.57246
0.572751
0.573104
0.573524
0.574018
0.574596
0.57527
0.576058
0.57698
0.578068
0.57936
0.580907
0.58278
0.585068
0.587894
0.591422
0.595874
0.601559
0.608933
0.61871
0.63215
0.672468
0.712786
0.753104
0.793422
0.83374
0.83374
0.793417
0.753095
0.712773
0.672451
0.632129
0.618688
0.608907
0.601529
0.595838
0.591381
0.587847
0.585015
0.582722
0.580844
0.579292
0.577996
0.576905
0.575979
0.575189
0.574512
0.573932
0.573436
0.573014
0.57266
0.572368
0.572133
0.571953
0.571826
0.57175
0.571725
0.57175
0.571826
0.571953
0.572133
0.572368
0.57266
0.573014
0.573436
0.573932
0.574512
0.575189
0.575979
0.576905
0.577996
0.579292
0.580844
0.582722
0.585015
0.587847
0.591381
0.595838
0.601529
0.608907
0.618688
0.632129
0.672451
0.712773
0.753095
0.793417
0.83374
0.575479
0.575478
0.575478
0.575478
0.575477
0.575477
0.575477
0.575477
0.575476
0.575476
0.575476
0.575476
0.575476
0.575476
0.575476
0.575476
0.575476
0.575476
0.575476
0.575475
0.575475
0.575475
0.575475
0.575475
0.575475
0.575475
0.575475
0.575475
0.575475
0.575475
0.575475
0.575475
0.575475
0.575475
0.575475
0.575475
0.575475
0.575475
0.575475
0.575475
0.575475
0.575475
0.575476
0.575476
0.575476
0.575476
0.575476
0.575476
0.575476
0.575476
0.575476
0.575476
0.575476
0.575477
0.575477
0.575477
0.575477
0.575478
0.575478
0.575478
0.575479
0.575475
0.575475
0.575475
0.575475
0.575475
0.575475
0.575475
0.575475
0.575475
0.575475
0.575475
0.575475
0.575475
0.575475
0.575475
0.575475
0.575475
0.575475
0.575475
0.575475
0.575475
0.575475
0.575475
0.575475
0.575475
0.575475
0.575475
0.575475
0.575475
0.575475
0.575475
0.575475
0.575475
0.575475
0.575475
0.575475
0.575475
0.575475
0.575475
0.575475
0.575475
0.575475
0.575475
0.575475
0.575475
0.575475
0.575475
0.575475
0.575475
0.575475
0.575475
0.575475
0.575475
0.575475
0.575475
0.575475
0.575475
0.575475
0.575475
0.575475
0.575475
0.575475
0.575475
0.575475
0.575475
0.575475
0.575475
0.575475
0.575475
0.575475
0.575475
0.575475
0.575475
0.575475
0.575475
0.575475
0.575475
0.575475
0.575475
0.575475
0.575475
0.575475
0.575475
0.575475
0.575475
0.575475
0.575475
0.575475
0.575475
0.575475
0.575475
0.575475
0.575475
0.575475
0.575475
0.575475
0.575475
0.575475
0.575475
0.575475
0.575475
0.575475
0.575475
0.575475
0.575475
0.575475
0.575475
0.575475
0.575475
0.575475
0.575475
0.575475
0.575475
0.575475
0.575475
0.575475
0.575475
0.575475
0.575475
0.575475
0.575475
0.575475
0.575475
0.575475
0.575475
0.575475
0.575475
0.575475
0.575475
0.575475
0.575475
0.575475
0.575475
0.575475
0.575475
0.575475
0.575475
0.575475
0.575475
0.575475
0.575475
0.575475
0.575475
0.575475
0.575475
0.575475
0.575475
0.575475
0.575475
0.575475
0.575475
0.575475
0.575475
0.575475
0.575475
0.575475
0.575475
0.575475
0.575475
0.575475
0.575475
0.575475
0.575475
0.575475
0.575475
0.575475
0.575475
0.575475
0.575475
0.575475
0.575475
0.575475
0.575475
0.575475
0.575475
0.575475
0.575475
0.575475
0.575475
0.575475
0.575475
0.575475
0.575475
0.575475
0.575475
0.575475
0.575475
0.575475
0.575475
0.575475
0.575475
0.575475
0.575475
0.575475
0.575475
0.575475
0.575475
0.575475
0.575475
0.575475
0.575475
0.575475
0.575475
0.575475
0.575475
0.575475
0.575475
0.575475
0.575475
0.575475
0.575475
0.575475
0.575475
0.575475
0.575475
0.575475
0.575475
0.575475
0.575475
0.575475
0.575475
0.575475
0.575475
0.575475
0.575475
0.575475
0.575475
0.575475
0.575475
0.575475
0.575475
0.575475
0.575475
0.575475
0.575475
0.575475
0.575475
0.575475
0.575475
0.575475
0.575475
0.575475
0.575475
0.575475
0.575475
0.575475
0.575475
0.575475
0.575475
0.575475
0.575475
0.575475
0.575475
0.575475
0.575475
0.575475
0.575475
0.575475
0.575475
0.575475
0.575475
0.575475
0.575475
0.575475
0.575475
0.575475
0.575475
0.575475
0.575475
0.575475
0.575475
0.575475
0.575475
0.575475
0.575475
0.575475
0.575475
0.575475
0.575475
0.575475
0.575475
0.575475
0.575475
0.575475
0.575475
0.575475
0.575475
0.575475
0.575475
0.575475
0.575475
0.575475
0.575475
0.575475
0.575475
0.575475
0.575475
0.575475
0.575475
0.575475
0.575475
0.575475
0.575475
0.575475
0.575475
0.575475
0.575475
0.575475
0.575475
0.575475
0.575475
0.575475
0.575475
0.575475
0.575475
0.575475
0.575475
0.575475
0.575475
0.575475
0.575475
0.575475
0.575475
0.575475
0.575475
0.575475
0.575475
0.575475
0.575475
0.575475
0.575475
0.575475
0.575475
0.575475
0.575475
0.575475
0.575475
0.575475
0.575475
0.575475
0.575475
0.575475
0.575475
0.575475
0.575475
0.575475
0.575475
0.575475
0.575475
0.575475
0.575475
0.575475
0.575475
0.575475
0.575475
0.575475
0.575475
0.575475
0.575475
0.575475
0.575475
0.575475
0.575475
0.575475
0.575475
0.575475
0.575475
0.575475
0.575475
0.575475
0.575475
0.575475
0.575475
0.575475
0.575475
0.575475
0.575475
0.575475
0.575475
0.575475
0.575475
0.575475
0.575475
0.575475
0.575475
0.575475
0.575475
0.575475
0.575475
0.575475
0.575475
0.575475
0.575475
0.575475
0.575475
0.575475
0.575475
0.575475
0.575475
0.575475
0.575475
0.575475
0.575475
0.575475
0.575475
0.575475
0.575475
0.575475
0.575475
0.575475
0.575475
0.575475
0.575475
0.575475
0.575475
0.575475
0.575475
0.575475
0.575475
0.575475
0.575475
0.575475
0.575475
0.575475
0.575475
0.575475
0.575475
0.575492
0.575492
0.575491
0.575491
0.57549
0.575488
0.575488
0.575487
0.575487
0.575487
0.575487
0.575486
0.575486
0.575486
0.575486
0.575486
0.575486
0.575486
0.575486
0.575486
0.575486
0.575486
0.575486
0.575486
0.575486
0.575485
0.575485
0.575485
0.575485
0.575485
0.575485
0.575485
0.575485
0.575485
0.575485
0.575485
0.575486
0.575486
0.575486
0.575486
0.575486
0.575486
0.575486
0.575486
0.575486
0.575486
0.575486
0.575486
0.575486
0.575486
0.575487
0.575487
0.575487
0.575487
0.575488
0.575488
0.57549
0.575491
0.575491
0.575492
0.575492
1.00921
1.00921
1.00921
1.00921
1.00921
1.00921
1.00922
1.00922
1.00922
1.00922
1.00922
1.00922
1.00922
1.00922
1.00922
1.00922
1.00922
1.00922
1.00922
1.00922
1.00922
1.00922
1.00922
1.00922
1.00922
1.00922
1.00922
1.00922
1.00922
1.00922
1.00922
1.00922
1.00922
1.00922
1.00922
1.00922
1.00922
1.00922
1.00922
1.00922
1.00922
1.00922
1.00922
1.00922
1.00922
1.00922
1.00922
1.00922
1.00922
1.00922
1.00922
1.00922
1.00922
1.00922
1.00922
1.00921
1.00921
1.00921
1.00921
1.00921
1.00921
