0, 6e-10, 4.1517e+23
0, 7e-10, 1.65413e+24
0, 8e-10, 3.69735e+24
0, 9e-10, 6.51259e+24
0, 1e-09, 1.00555e+25
0, 1.1e-09, 1.42701e+25
0, 1.2e-09, 1.909e+25
0, 1.3e-09, 2.44392e+25
0, 1.4e-09, 3.02334e+25
0, 1.5e-09, 3.6381e+25
0, 1.6e-09, 4.27853e+25
0, 1.7e-09, 4.93451e+25
0, 1.8e-09, 5.59571e+25
0, 1.9e-09, 6.25169e+25
0, 2e-09, 6.89212e+25
0, 2.1e-09, 7.50689e+25
0, 2.2e-09, 8.0863e+25
0, 2.3e-09, 8.62122e+25
0, 2.4e-09, 9.10321e+25
0, 2.5e-09, 9.52467e+25
0, 2.6e-09, 9.87896e+25
0, 2.7e-09, 1.01605e+26
0, 2.8e-09, 1.03648e+26
0, 2.9e-09, 1.04887e+26
0, 3e-09, 1.05302e+26
0, 3.1e-09, 1.04887e+26
0, 3.2e-09, 1.03648e+26
0, 3.3e-09, 1.01605e+26
0, 3.4e-09, 9.87896e+25
0, 3.5e-09, 9.52467e+25
0, 3.6e-09, 9.10321e+25
0, 3.7e-09, 8.62122e+25
0, 3.8e-09, 8.0863e+25
0, 3.9e-09, 7.50689e+25
0, 4e-09, 6.89212e+25
0, 4.1e-09, 6.25169e+25
0, 4.2e-09, 5.59571e+25
0, 4.3e-09, 4.93451e+25
0, 4.4e-09, 4.27853e+25
0, 4.5e-09, 3.6381e+25
0, 4.6e-09, 3.02334e+25
0, 4.7e-09, 2.44392e+25
0, 4.8e-09, 1.909e+25
0, 4.9e-09, 1.42701e+25
0, 5e-09, 1.00555e+25
0, 5.1e-09, 6.51259e+24
0, 5.2e-09, 3.69735e+24
0, 5.3e-09, 1.65413e+24
0, 5.4e-09, 4.1517e+23
4e-09, 6e-10, 2.11755e+22
4e-09, 7e-10, 8.43681e+22
4e-09, 8e-10, 1.88581e+23
4e-09, 9e-10, 3.32171e+23
4e-09, 1e-09, 5.12872e+23
4e-09, 1.1e-09, 7.27836e+23
4e-09, 1.2e-09, 9.73672e+23
4e-09, 1.3e-09, 1.2465e+24
4e-09, 1.4e-09, 1.54202e+24
4e-09, 1.5e-09, 1.85558e+24
4e-09, 1.6e-09, 2.18222e+24
4e-09, 1.7e-09, 2.51679e+24
4e-09, 1.8e-09, 2.85402e+24
4e-09, 1.9e-09, 3.1886e+24
4e-09, 2e-09, 3.51524e+24
4e-09, 2.1e-09, 3.82879e+24
4e-09, 2.2e-09, 4.12431e+24
4e-09, 2.3e-09, 4.39713e+24
4e-09, 2.4e-09, 4.64296e+24
4e-09, 2.5e-09, 4.85792e+24
4e-09, 2.6e-09, 5.03862e+24
4e-09, 2.7e-09, 5.18221e+24
4e-09, 2.8e-09, 5.28642e+24
4e-09, 2.9e-09, 5.34961e+24
4e-09, 3e-09, 5.37078e+24
4e-09, 3.1e-09, 5.34961e+24
4e-09, 3.2e-09, 5.28641e+24
4e-09, 3.3e-09, 5.1822e+24
4e-09, 3.4e-09, 5.03861e+24
4e-09, 3.5e-09, 4.85792e+24
4e-09, 3.6e-09, 4.64296e+24
4e-09, 3.7e-09, 4.39712e+24
4e-09, 3.8e-09, 4.1243e+24
4e-09, 3.9e-09, 3.82878e+24
4e-09, 4e-09, 3.51522e+24
4e-09, 4.1e-09, 3.18859e+24
4e-09, 4.2e-09, 2.85401e+24
4e-09, 4.3e-09, 2.51678e+24
4e-09, 4.4e-09, 2.1822e+24
4e-09, 4.5e-09, 1.85557e+24
4e-09, 4.6e-09, 1.54201e+24
4e-09, 4.7e-09, 1.24649e+24
4e-09, 4.8e-09, 9.73665e+23
4e-09, 4.9e-09, 7.27831e+23
4e-09, 5e-09, 5.12868e+23
4e-09, 5.1e-09, 3.32168e+23
4e-09, 5.2e-09, 1.88579e+23
4e-09, 5.3e-09, 8.43673e+22
4e-09, 5.4e-09, 2.11753e+22
8e-09, 6e-10, 2.11703e+22
8e-09, 7e-10, 8.43472e+22
8e-09, 8e-10, 1.88534e+23
8e-09, 9e-10, 3.32089e+23
8e-09, 1e-09, 5.12747e+23
8e-09, 1.1e-09, 7.27659e+23
8e-09, 1.2e-09, 9.73436e+23
8e-09, 1.3e-09, 1.2462e+24
8e-09, 1.4e-09, 1.54165e+24
8e-09, 1.5e-09, 1.85514e+24
8e-09, 1.6e-09, 2.1817e+24
8e-09, 1.7e-09, 2.5162e+24
8e-09, 1.8e-09, 2.85336e+24
8e-09, 1.9e-09, 3.18785e+24
8e-09, 2e-09, 3.51442e+24
8e-09, 2.1e-09, 3.8279e+24
8e-09, 2.2e-09, 4.12335e+24
8e-09, 2.3e-09, 4.39612e+24
8e-09, 2.4e-09, 4.64189e+24
8e-09, 2.5e-09, 4.85681e+24
8e-09, 2.6e-09, 5.03746e+24
8e-09, 2.7e-09, 5.18102e+24
8e-09, 2.8e-09, 5.28521e+24
8e-09, 2.9e-09, 5.34838e+24
8e-09, 3e-09, 5.36955e+24
8e-09, 3.1e-09, 5.34838e+24
8e-09, 3.2e-09, 5.28521e+24
8e-09, 3.3e-09, 5.18102e+24
8e-09, 3.4e-09, 5.03746e+24
8e-09, 3.5e-09, 4.85681e+24
8e-09, 3.6e-09, 4.64189e+24
8e-09, 3.7e-09, 4.39612e+24
8e-09, 3.8e-09, 4.12335e+24
8e-09, 3.9e-09, 3.8279e+24
8e-09, 4e-09, 3.51442e+24
8e-09, 4.1e-09, 3.18785e+24
8e-09, 4.2e-09, 2.85336e+24
8e-09, 4.3e-09, 2.5162e+24
8e-09, 4.4e-09, 2.1817e+24
8e-09, 4.5e-09, 1.85514e+24
8e-09, 4.6e-09, 1.54165e+24
8e-09, 4.7e-09, 1.2462e+24
8e-09, 4.8e-09, 9.73436e+23
8e-09, 4.9e-09, 7.27659e+23
8e-09, 5e-09, 5.12747e+23
8e-09, 5.1e-09, 3.32089e+23
8e-09, 5.2e-09, 1.88534e+23
8e-09, 5.3e-09, 8.43472e+22
8e-09, 5.4e-09, 2.11703e+22
1.2e-08, 6e-10, 2.11703e+22
1.2e-08, 7e-10, 8.43472e+22
1.2e-08, 8e-10, 1.88534e+23
1.2e-08, 9e-10, 3.32089e+23
1.2e-08, 1e-09, 5.12747e+23
1.2e-08, 1.1e-09, 7.27659e+23
1.2e-08, 1.2e-09, 9.73436e+23
1.2e-08, 1.3e-09, 1.2462e+24
1.2e-08, 1.4e-09, 1.54165e+24
1.2e-08, 1.5e-09, 1.85514e+24
1.2e-08, 1.6e-09, 2.1817e+24
1.2e-08, 1.7e-09, 2.5162e+24
1.2e-08, 1.8e-09, 2.85336e+24
1.2e-08, 1.9e-09, 3.18785e+24
1.2e-08, 2e-09, 3.51442e+24
1.2e-08, 2.1e-09, 3.8279e+24
1.2e-08, 2.2e-09, 4.12335e+24
1.2e-08, 2.3e-09, 4.39612e+24
1.2e-08, 2.4e-09, 4.64189e+24
1.2e-08, 2.5e-09, 4.85681e+24
1.2e-08, 2.6e-09, 5.03746e+24
1.2e-08, 2.7e-09, 5.18102e+24
1.2e-08, 2.8e-09, 5.28521e+24
1.2e-08, 2.9e-09, 5.34838e+24
1.2e-08, 3e-09, 5.36955e+24
1.2e-08, 3.1e-09, 5.34838e+24
1.2e-08, 3.2e-09, 5.28521e+24
1.2e-08, 3.3e-09, 5.18102e+24
1.2e-08, 3.4e-09, 5.03746e+24
1.2e-08, 3.5e-09, 4.85681e+24
1.2e-08, 3.6e-09, 4.64189e+24
1.2e-08, 3.7e-09, 4.39612e+24
1.2e-08, 3.8e-09, 4.12335e+24
1.2e-08, 3.9e-09, 3.8279e+24
1.2e-08, 4e-09, 3.51442e+24
1.2e-08, 4.1e-09, 3.18785e+24
1.2e-08, 4.2e-09, 2.85336e+24
1.2e-08, 4.3e-09, 2.5162e+24
1.2e-08, 4.4e-09, 2.1817e+24
1.2e-08, 4.5e-09, 1.85514e+24
1.2e-08, 4.6e-09, 1.54165e+24
1.2e-08, 4.7e-09, 1.2462e+24
1.2e-08, 4.8e-09, 9.73436e+23
1.2e-08, 4.9e-09, 7.27659e+23
1.2e-08, 5e-09, 5.12747e+23
1.2e-08, 5.1e-09, 3.32089e+23
1.2e-08, 5.2e-09, 1.88534e+23
1.2e-08, 5.3e-09, 8.43472e+22
1.2e-08, 5.4e-09, 2.11703e+22
1.6e-08, 6e-10, 2.11703e+22
1.6e-08, 7e-10, 8.43472e+22
1.6e-08, 8e-10, 1.88534e+23
1.6e-08, 9e-10, 3.32089e+23
1.6e-08, 1e-09, 5.12747e+23
1.6e-08, 1.1e-09, 7.27659e+23
1.6e-08, 1.2e-09, 9.73436e+23
1.6e-08, 1.3e-09, 1.2462e+24
1.6e-08, 1.4e-09, 1.54165e+24
1.6e-08, 1.5e-09, 1.85514e+24
1.6e-08, 1.6e-09, 2.1817e+24
1.6e-08, 1.7e-09, 2.5162e+24
1.6e-08, 1.8e-09, 2.85336e+24
1.6e-08, 1.9e-09, 3.18785e+24
1.6e-08, 2e-09, 3.51442e+24
1.6e-08, 2.1e-09, 3.8279e+24
1.6e-08, 2.2e-09, 4.12335e+24
1.6e-08, 2.3e-09, 4.39612e+24
1.6e-08, 2.4e-09, 4.64189e+24
1.6e-08, 2.5e-09, 4.85681e+24
1.6e-08, 2.6e-09, 5.03746e+24
1.6e-08, 2.7e-09, 5.18102e+24
1.6e-08, 2.8e-09, 5.28521e+24
1.6e-08, 2.9e-09, 5.34838e+24
1.6e-08, 3e-09, 5.36955e+24
1.6e-08, 3.1e-09, 5.34838e+24
1.6e-08, 3.2e-09, 5.28521e+24
1.6e-08, 3.3e-09, 5.18102e+24
1.6e-08, 3.4e-09, 5.03746e+24
1.6e-08, 3.5e-09, 4.85681e+24
1.6e-08, 3.6e-09, 4.64189e+24
1.6e-08, 3.7e-09, 4.39612e+24
1.6e-08, 3.8e-09, 4.12335e+24
1.6e-08, 3.9e-09, 3.8279e+24
1.6e-08, 4e-09, 3.51442e+24
1.6e-08, 4.1e-09, 3.18785e+24
1.6e-08, 4.2e-09, 2.85336e+24
1.6e-08, 4.3e-09, 2.5162e+24
1.6e-08, 4.4e-09, 2.1817e+24
1.6e-08, 4.5e-09, 1.85514e+24
1.6e-08, 4.6e-09, 1.54165e+24
1.6e-08, 4.7e-09, 1.2462e+24
1.6e-08, 4.8e-09, 9.73436e+23
1.6e-08, 4.9e-09, 7.27659e+23
1.6e-08, 5e-09, 5.12747e+23
1.6e-08, 5.1e-09, 3.32089e+23
1.6e-08, 5.2e-09, 1.88534e+23
1.6e-08, 5.3e-09, 8.43472e+22
1.6e-08, 5.4e-09, 2.11703e+22
2e-08, 6e-10, 2.11703e+22
2e-08, 7e-10, 8.43472e+22
2e-08, 8e-10, 1.88534e+23
2e-08, 9e-10, 3.32089e+23
2e-08, 1e-09, 5.12747e+23
2e-08, 1.1e-09, 7.27659e+23
2e-08, 1.2e-09, 9.73436e+23
2e-08, 1.3e-09, 1.2462e+24
2e-08, 1.4e-09, 1.54165e+24
2e-08, 1.5e-09, 1.85514e+24
2e-08, 1.6e-09, 2.1817e+24
2e-08, 1.7e-09, 2.5162e+24
2e-08, 1.8e-09, 2.85336e+24
2e-08, 1.9e-09, 3.18785e+24
2e-08, 2e-09, 3.51442e+24
2e-08, 2.1e-09, 3.8279e+24
2e-08, 2.2e-09, 4.12335e+24
2e-08, 2.3e-09, 4.39612e+24
2e-08, 2.4e-09, 4.64189e+24
2e-08, 2.5e-09, 4.85681e+24
2e-08, 2.6e-09, 5.03746e+24
2e-08, 2.7e-09, 5.18102e+24
2e-08, 2.8e-09, 5.28521e+24
2e-08, 2.9e-09, 5.34838e+24
2e-08, 3e-09, 5.36955e+24
2e-08, 3.1e-09, 5.34838e+24
2e-08, 3.2e-09, 5.28521e+24
2e-08, 3.3e-09, 5.18102e+24
2e-08, 3.4e-09, 5.03746e+24
2e-08, 3.5e-09, 4.85681e+24
2e-08, 3.6e-09, 4.64189e+24
2e-08, 3.7e-09, 4.39612e+24
2e-08, 3.8e-09, 4.12335e+24
2e-08, 3.9e-09, 3.8279e+24
2e-08, 4e-09, 3.51442e+24
2e-08, 4.1e-09, 3.18785e+24
2e-08, 4.2e-09, 2.85336e+24
2e-08, 4.3e-09, 2.5162e+24
2e-08, 4.4e-09, 2.1817e+24
2e-08, 4.5e-09, 1.85514e+24
2e-08, 4.6e-09, 1.54165e+24
2e-08, 4.7e-09, 1.2462e+24
2e-08, 4.8e-09, 9.73436e+23
2e-08, 4.9e-09, 7.27659e+23
2e-08, 5e-09, 5.12747e+23
2e-08, 5.1e-09, 3.32089e+23
2e-08, 5.2e-09, 1.88534e+23
2e-08, 5.3e-09, 8.43472e+22
2e-08, 5.4e-09, 2.11703e+22
2.4e-08, 6e-10, 2.11703e+22
2.4e-08, 7e-10, 8.43472e+22
2.4e-08, 8e-10, 1.88534e+23
2.4e-08, 9e-10, 3.32089e+23
2.4e-08, 1e-09, 5.12747e+23
2.4e-08, 1.1e-09, 7.27659e+23
2.4e-08, 1.2e-09, 9.73436e+23
2.4e-08, 1.3e-09, 1.2462e+24
2.4e-08, 1.4e-09, 1.54165e+24
2.4e-08, 1.5e-09, 1.85514e+24
2.4e-08, 1.6e-09, 2.1817e+24
2.4e-08, 1.7e-09, 2.5162e+24
2.4e-08, 1.8e-09, 2.85336e+24
2.4e-08, 1.9e-09, 3.18785e+24
2.4e-08, 2e-09, 3.51442e+24
2.4e-08, 2.1e-09, 3.8279e+24
2.4e-08, 2.2e-09, 4.12335e+24
2.4e-08, 2.3e-09, 4.39612e+24
2.4e-08, 2.4e-09, 4.64189e+24
2.4e-08, 2.5e-09, 4.85681e+24
2.4e-08, 2.6e-09, 5.03746e+24
2.4e-08, 2.7e-09, 5.18102e+24
2.4e-08, 2.8e-09, 5.28521e+24
2.4e-08, 2.9e-09, 5.34838e+24
2.4e-08, 3e-09, 5.36955e+24
2.4e-08, 3.1e-09, 5.34838e+24
2.4e-08, 3.2e-09, 5.28521e+24
2.4e-08, 3.3e-09, 5.18102e+24
2.4e-08, 3.4e-09, 5.03746e+24
2.4e-08, 3.5e-09, 4.85681e+24
2.4e-08, 3.6e-09, 4.64189e+24
2.4e-08, 3.7e-09, 4.39612e+24
2.4e-08, 3.8e-09, 4.12335e+24
2.4e-08, 3.9e-09, 3.8279e+24
2.4e-08, 4e-09, 3.51442e+24
2.4e-08, 4.1e-09, 3.18785e+24
2.4e-08, 4.2e-09, 2.85336e+24
2.4e-08, 4.3e-09, 2.5162e+24
2.4e-08, 4.4e-09, 2.1817e+24
2.4e-08, 4.5e-09, 1.85514e+24
2.4e-08, 4.6e-09, 1.54165e+24
2.4e-08, 4.7e-09, 1.2462e+24
2.4e-08, 4.8e-09, 9.73436e+23
2.4e-08, 4.9e-09, 7.27659e+23
2.4e-08, 5e-09, 5.12747e+23
2.4e-08, 5.1e-09, 3.32089e+23
2.4e-08, 5.2e-09, 1.88534e+23
2.4e-08, 5.3e-09, 8.43472e+22
2.4e-08, 5.4e-09, 2.11703e+22
2.8e-08, 6e-10, 2.11703e+22
2.8e-08, 7e-10, 8.43472e+22
2.8e-08, 8e-10, 1.88534e+23
2.8e-08, 9e-10, 3.32089e+23
2.8e-08, 1e-09, 5.12747e+23
2.8e-08, 1.1e-09, 7.27659e+23
2.8e-08, 1.2e-09, 9.73436e+23
2.8e-08, 1.3e-09, 1.2462e+24
2.8e-08, 1.4e-09, 1.54165e+24
2.8e-08, 1.5e-09, 1.85514e+24
2.8e-08, 1.6e-09, 2.1817e+24
2.8e-08, 1.7e-09, 2.5162e+24
2.8e-08, 1.8e-09, 2.85336e+24
2.8e-08, 1.9e-09, 3.18785e+24
2.8e-08, 2e-09, 3.51442e+24
2.8e-08, 2.1e-09, 3.8279e+24
2.8e-08, 2.2e-09, 4.12335e+24
2.8e-08, 2.3e-09, 4.39612e+24
2.8e-08, 2.4e-09, 4.64189e+24
2.8e-08, 2.5e-09, 4.85681e+24
2.8e-08, 2.6e-09, 5.03746e+24
2.8e-08, 2.7e-09, 5.18102e+24
2.8e-08, 2.8e-09, 5.28521e+24
2.8e-08, 2.9e-09, 5.34838e+24
2.8e-08, 3e-09, 5.36955e+24
2.8e-08, 3.1e-09, 5.34838e+24
2.8e-08, 3.2e-09, 5.28521e+24
2.8e-08, 3.3e-09, 5.18102e+24
2.8e-08, 3.4e-09, 5.03746e+24
2.8e-08, 3.5e-09, 4.85681e+24
2.8e-08, 3.6e-09, 4.64189e+24
2.8e-08, 3.7e-09, 4.39612e+24
2.8e-08, 3.8e-09, 4.12335e+24
2.8e-08, 3.9e-09, 3.8279e+24
2.8e-08, 4e-09, 3.51442e+24
2.8e-08, 4.1e-09, 3.18785e+24
2.8e-08, 4.2e-09, 2.85336e+24
2.8e-08, 4.3e-09, 2.5162e+24
2.8e-08, 4.4e-09, 2.1817e+24
2.8e-08, 4.5e-09, 1.85514e+24
2.8e-08, 4.6e-09, 1.54165e+24
2.8e-08, 4.7e-09, 1.2462e+24
2.8e-08, 4.8e-09, 9.73436e+23
2.8e-08, 4.9e-09, 7.27659e+23
2.8e-08, 5e-09, 5.12747e+23
2.8e-08, 5.1e-09, 3.32089e+23
2.8e-08, 5.2e-09, 1.88534e+23
2.8e-08, 5.3e-09, 8.43472e+22
2.8e-08, 5.4e-09, 2.11703e+22
3.2e-08, 6e-10, 2.11703e+22
3.2e-08, 7e-10, 8.43472e+22
3.2e-08, 8e-10, 1.88534e+23
3.2e-08, 9e-10, 3.32089e+23
3.2e-08, 1e-09, 5.12747e+23
3.2e-08, 1.1e-09, 7.27659e+23
3.2e-08, 1.2e-09, 9.73436e+23
3.2e-08, 1.3e-09, 1.2462e+24
3.2e-08, 1.4e-09, 1.54165e+24
3.2e-08, 1.5e-09, 1.85514e+24
3.2e-08, 1.6e-09, 2.1817e+24
3.2e-08, 1.7e-09, 2.5162e+24
3.2e-08, 1.8e-09, 2.85336e+24
3.2e-08, 1.9e-09, 3.18785e+24
3.2e-08, 2e-09, 3.51442e+24
3.2e-08, 2.1e-09, 3.8279e+24
3.2e-08, 2.2e-09, 4.12335e+24
3.2e-08, 2.3e-09, 4.39612e+24
3.2e-08, 2.4e-09, 4.64189e+24
3.2e-08, 2.5e-09, 4.85681e+24
3.2e-08, 2.6e-09, 5.03746e+24
3.2e-08, 2.7e-09, 5.18102e+24
3.2e-08, 2.8e-09, 5.28521e+24
3.2e-08, 2.9e-09, 5.34838e+24
3.2e-08, 3e-09, 5.36955e+24
3.2e-08, 3.1e-09, 5.34838e+24
3.2e-08, 3.2e-09, 5.28521e+24
3.2e-08, 3.3e-09, 5.18102e+24
3.2e-08, 3.4e-09, 5.03746e+24
3.2e-08, 3.5e-09, 4.85681e+24
3.2e-08, 3.6e-09, 4.64189e+24
3.2e-08, 3.7e-09, 4.39612e+24
3.2e-08, 3.8e-09, 4.12335e+24
3.2e-08, 3.9e-09, 3.8279e+24
3.2e-08, 4e-09, 3.51442e+24
3.2e-08, 4.1e-09, 3.18785e+24
3.2e-08, 4.2e-09, 2.85336e+24
3.2e-08, 4.3e-09, 2.5162e+24
3.2e-08, 4.4e-09, 2.1817e+24
3.2e-08, 4.5e-09, 1.85514e+24
3.2e-08, 4.6e-09, 1.54165e+24
3.2e-08, 4.7e-09, 1.2462e+24
3.2e-08, 4.8e-09, 9.73436e+23
3.2e-08, 4.9e-09, 7.27659e+23
3.2e-08, 5e-09, 5.12747e+23
3.2e-08, 5.1e-09, 3.32089e+23
3.2e-08, 5.2e-09, 1.88534e+23
3.2e-08, 5.3e-09, 8.43472e+22
3.2e-08, 5.4e-09, 2.11703e+22
3.6e-08, 6e-10, 2.11709e+22
3.6e-08, 7e-10, 8.43496e+22
3.6e-08, 8e-10, 1.8854e+23
3.6e-08, 9e-10, 3.32098e+23
3.6e-08, 1e-09, 5.1276e+23
3.6e-08, 1.1e-09, 7.27677e+23
3.6e-08, 1.2e-09, 9.73459e+23
3.6e-08, 1.3e-09, 1.24623e+24
3.6e-08, 1.4e-09, 1.54169e+24
3.6e-08, 1.5e-09, 1.85517e+24
3.6e-08, 1.6e-09, 2.18174e+24
3.6e-08, 1.7e-09, 2.51624e+24
3.6e-08, 1.8e-09, 2.8534e+24
3.6e-08, 1.9e-09, 3.1879e+24
3.6e-08, 2e-09, 3.51446e+24
3.6e-08, 2.1e-09, 3.82794e+24
3.6e-08, 2.2e-09, 4.12338e+24
3.6e-08, 2.3e-09, 4.39615e+24
3.6e-08, 2.4e-09, 4.64192e+24
3.6e-08, 2.5e-09, 4.85683e+24
3.6e-08, 2.6e-09, 5.03748e+24
3.6e-08, 2.7e-09, 5.18103e+24
3.6e-08, 2.8e-09, 5.28522e+24
3.6e-08, 2.9e-09, 5.34839e+24
3.6e-08, 3e-09, 5.36956e+24
3.6e-08, 3.1e-09, 5.34839e+24
3.6e-08, 3.2e-09, 5.28521e+24
3.6e-08, 3.3e-09, 5.18103e+24
3.6e-08, 3.4e-09, 5.03747e+24
3.6e-08, 3.5e-09, 4.85681e+24
3.6e-08, 3.6e-09, 4.6419e+24
3.6e-08, 3.7e-09, 4.39613e+24
3.6e-08, 3.8e-09, 4.12336e+24
3.6e-08, 3.9e-09, 3.82791e+24
3.6e-08, 4e-09, 3.51444e+24
3.6e-08, 4.1e-09, 3.18787e+24
3.6e-08, 4.2e-09, 2.85338e+24
3.6e-08, 4.3e-09, 2.51622e+24
3.6e-08, 4.4e-09, 2.18172e+24
3.6e-08, 4.5e-09, 1.85516e+24
3.6e-08, 4.6e-09, 1.54167e+24
3.6e-08, 4.7e-09, 1.24622e+24
3.6e-08, 4.8e-09, 9.7345e+23
3.6e-08, 4.9e-09, 7.2767e+23
3.6e-08, 5e-09, 5.12755e+23
3.6e-08, 5.1e-09, 3.32095e+23
3.6e-08, 5.2e-09, 1.88538e+23
3.6e-08, 5.3e-09, 8.43487e+22
3.6e-08, 5.4e-09, 2.11707e+22
4e-08, 6e-10, 2.97354e+22
4e-08, 7e-10, 1.16851e+23
4e-08, 8e-10, 2.5633e+23
4e-08, 9e-10, 4.41713e+23
4e-08, 1e-09, 6.65956e+23
4e-08, 1.1e-09, 9.21928e+23
4e-08, 1.2e-09, 1.20269e+24
4e-08, 1.3e-09, 1.50162e+24
4e-08, 1.4e-09, 1.8125e+24
4e-08, 1.5e-09, 2.12954e+24
4e-08, 1.6e-09, 2.44735e+24
4e-08, 1.7e-09, 2.76101e+24
4e-08, 1.8e-09, 3.066e+24
4e-08, 1.9e-09, 3.35823e+24
4e-08, 2e-09, 3.63403e+24
4e-08, 2.1e-09, 3.89014e+24
4e-08, 2.2e-09, 4.1237e+24
4e-08, 2.3e-09, 4.33224e+24
4e-08, 2.4e-09, 4.51369e+24
4e-08, 2.5e-09, 4.66632e+24
4e-08, 2.6e-09, 4.78879e+24
4e-08, 2.7e-09, 4.88006e+24
4e-08, 2.8e-09, 4.93947e+24
4e-08, 2.9e-09, 4.96664e+24
4e-08, 3e-09, 4.96152e+24
4e-08, 3.1e-09, 4.92436e+24
4e-08, 3.2e-09, 4.85569e+24
4e-08, 3.3e-09, 4.75634e+24
4e-08, 3.4e-09, 4.62744e+24
4e-08, 3.5e-09, 4.47037e+24
4e-08, 3.6e-09, 4.28683e+24
4e-08, 3.7e-09, 4.07879e+24
4e-08, 3.8e-09, 3.8485e+24
4e-08, 3.9e-09, 3.59852e+24
4e-08, 4e-09, 3.33169e+24
4e-08, 4.1e-09, 3.05112e+24
4e-08, 4.2e-09, 2.76024e+24
4e-08, 4.3e-09, 2.46272e+24
4e-08, 4.4e-09, 2.16251e+24
4e-08, 4.5e-09, 1.86383e+24
4e-08, 4.6e-09, 1.57112e+24
4e-08, 4.7e-09, 1.28901e+24
4e-08, 4.8e-09, 1.02234e+24
4e-08, 4.9e-09, 7.76075e+23
4e-08, 5e-09, 5.55249e+23
4e-08, 5.1e-09, 3.64905e+23
4e-08, 5.2e-09, 2.09955e+23
4e-08, 5.3e-09, 9.50027e+22
4e-08, 5.4e-09, 2.4041e+22
4.4e-08, 6e-10, 2.97806e+22
4.4e-08, 7e-10, 1.1703e+23
4.4e-08, 8e-10, 2.5673e+23
4.4e-08, 9e-10, 4.42417e+23
4.4e-08, 1e-09, 6.67046e+23
4.4e-08, 1.1e-09, 9.23483e+23
4.4e-08, 1.2e-09, 1.20478e+24
4.4e-08, 1.3e-09, 1.50432e+24
4.4e-08, 1.4e-09, 1.81588e+24
4.4e-08, 1.5e-09, 2.13364e+24
4.4e-08, 1.6e-09, 2.45222e+24
4.4e-08, 1.7e-09, 2.76668e+24
4.4e-08, 1.8e-09, 3.07248e+24
4.4e-08, 1.9e-09, 3.36553e+24
4.4e-08, 2e-09, 3.64214e+24
4.4e-08, 2.1e-09, 3.89904e+24
4.4e-08, 2.2e-09, 4.13335e+24
4.4e-08, 2.3e-09, 4.34259e+24
4.4e-08, 2.4e-09, 4.52467e+24
4.4e-08, 2.5e-09, 4.67787e+24
4.4e-08, 2.6e-09, 4.8008e+24
4.4e-08, 2.7e-09, 4.89246e+24
4.4e-08, 2.8e-09, 4.95215e+24
4.4e-08, 2.9e-09, 4.9795e+24
4.4e-08, 3e-09, 4.97445e+24
4.4e-08, 3.1e-09, 4.93725e+24
4.4e-08, 3.2e-09, 4.86844e+24
4.4e-08, 3.3e-09, 4.76884e+24
4.4e-08, 3.4e-09, 4.63957e+24
4.4e-08, 3.5e-09, 4.48206e+24
4.4e-08, 3.6e-09, 4.29798e+24
4.4e-08, 3.7e-09, 4.08932e+24
4.4e-08, 3.8e-09, 3.85836e+24
4.4e-08, 3.9e-09, 3.60765e+24
4.4e-08, 4e-09, 3.34004e+24
4.4e-08, 4.1e-09, 3.05867e+24
4.4e-08, 4.2e-09, 2.76696e+24
4.4e-08, 4.3e-09, 2.46862e+24
4.4e-08, 4.4e-09, 2.16761e+24
4.4e-08, 4.5e-09, 1.86814e+24
4.4e-08, 4.6e-09, 1.57468e+24
4.4e-08, 4.7e-09, 1.29188e+24
4.4e-08, 4.8e-09, 1.02457e+24
4.4e-08, 4.9e-09, 7.77735e+23
4.4e-08, 5e-09, 5.56416e+23
4.4e-08, 5.1e-09, 3.65658e+23
4.4e-08, 5.2e-09, 2.10383e+23
4.4e-08, 5.3e-09, 9.51941e+22
4.4e-08, 5.4e-09, 2.40891e+22
4.8e-08, 6e-10, 2.97806e+22
4.8e-08, 7e-10, 1.1703e+23
4.8e-08, 8e-10, 2.5673e+23
4.8e-08, 9e-10, 4.42418e+23
4.8e-08, 1e-09, 6.67046e+23
4.8e-08, 1.1e-09, 9.23483e+23
4.8e-08, 1.2e-09, 1.20478e+24
4.8e-08, 1.3e-09, 1.50432e+24
4.8e-08, 1.4e-09, 1.81588e+24
4.8e-08, 1.5e-09, 2.13364e+24
4.8e-08, 1.6e-09, 2.45222e+24
4.8e-08, 1.7e-09, 2.76668e+24
4.8e-08, 1.8e-09, 3.07248e+24
4.8e-08, 1.9e-09, 3.36553e+24
4.8e-08, 2e-09, 3.64214e+24
4.8e-08, 2.1e-09, 3.89904e+24
4.8e-08, 2.2e-09, 4.13335e+24
4.8e-08, 2.3e-09, 4.34259e+24
4.8e-08, 2.4e-09, 4.52467e+24
4.8e-08, 2.5e-09, 4.67787e+24
4.8e-08, 2.6e-09, 4.8008e+24
4.8e-08, 2.7e-09, 4.89246e+24
4.8e-08, 2.8e-09, 4.95215e+24
4.8e-08, 2.9e-09, 4.9795e+24
4.8e-08, 3e-09, 4.97445e+24
4.8e-08, 3.1e-09, 4.93725e+24
4.8e-08, 3.2e-09, 4.86844e+24
4.8e-08, 3.3e-09, 4.76884e+24
4.8e-08, 3.4e-09, 4.63957e+24
4.8e-08, 3.5e-09, 4.48206e+24
4.8e-08, 3.6e-09, 4.29798e+24
4.8e-08, 3.7e-09, 4.08932e+24
4.8e-08, 3.8e-09, 3.85836e+24
4.8e-08, 3.9e-09, 3.60765e+24
4.8e-08, 4e-09, 3.34004e+24
4.8e-08, 4.1e-09, 3.05867e+24
4.8e-08, 4.2e-09, 2.76696e+24
4.8e-08, 4.3e-09, 2.46862e+24
4.8e-08, 4.4e-09, 2.16761e+24
4.8e-08, 4.5e-09, 1.86814e+24
4.8e-08, 4.6e-09, 1.57468e+24
4.8e-08, 4.7e-09, 1.29188e+24
4.8e-08, 4.8e-09, 1.02457e+24
4.8e-08, 4.9e-09, 7.77735e+23
4.8e-08, 5e-09, 5.56416e+23
4.8e-08, 5.1e-09, 3.65658e+23
4.8e-08, 5.2e-09, 2.10383e+23
4.8e-08, 5.3e-09, 9.51941e+22
4.8e-08, 5.4e-09, 2.40891e+22
5.2e-08, 6e-10, 2.97806e+22
5.2e-08, 7e-10, 1.1703e+23
5.2e-08, 8e-10, 2.5673e+23
5.2e-08, 9e-10, 4.42418e+23
5.2e-08, 1e-09, 6.67046e+23
5.2e-08, 1.1e-09, 9.23483e+23
5.2e-08, 1.2e-09, 1.20478e+24
5.2e-08, 1.3e-09, 1.50432e+24
5.2e-08, 1.4e-09, 1.81588e+24
5.2e-08, 1.5e-09, 2.13364e+24
5.2e-08, 1.6e-09, 2.45222e+24
5.2e-08, 1.7e-09, 2.76668e+24
5.2e-08, 1.8e-09, 3.07248e+24
5.2e-08, 1.9e-09, 3.36553e+24
5.2e-08, 2e-09, 3.64214e+24
5.2e-08, 2.1e-09, 3.89904e+24
5.2e-08, 2.2e-09, 4.13335e+24
5.2e-08, 2.3e-09, 4.34259e+24
5.2e-08, 2.4e-09, 4.52467e+24
5.2e-08, 2.5e-09, 4.67787e+24
5.2e-08, 2.6e-09, 4.8008e+24
5.2e-08, 2.7e-09, 4.89246e+24
5.2e-08, 2.8e-09, 4.95215e+24
5.2e-08, 2.9e-09, 4.9795e+24
5.2e-08, 3e-09, 4.97445e+24
5.2e-08, 3.1e-09, 4.93725e+24
5.2e-08, 3.2e-09, 4.86844e+24
5.2e-08, 3.3e-09, 4.76884e+24
5.2e-08, 3.4e-09, 4.63957e+24
5.2e-08, 3.5e-09, 4.48206e+24
5.2e-08, 3.6e-09, 4.29798e+24
5.2e-08, 3.7e-09, 4.08932e+24
5.2e-08, 3.8e-09, 3.85836e+24
5.2e-08, 3.9e-09, 3.60765e+24
5.2e-08, 4e-09, 3.34004e+24
5.2e-08, 4.1e-09, 3.05867e+24
5.2e-08, 4.2e-09, 2.76696e+24
5.2e-08, 4.3e-09, 2.46862e+24
5.2e-08, 4.4e-09, 2.16761e+24
5.2e-08, 4.5e-09, 1.86814e+24
5.2e-08, 4.6e-09, 1.57468e+24
5.2e-08, 4.7e-09, 1.29188e+24
5.2e-08, 4.8e-09, 1.02457e+24
5.2e-08, 4.9e-09, 7.77735e+23
5.2e-08, 5e-09, 5.56416e+23
5.2e-08, 5.1e-09, 3.65658e+23
5.2e-08, 5.2e-09, 2.10383e+23
5.2e-08, 5.3e-09, 9.51941e+22
5.2e-08, 5.4e-09, 2.40891e+22
5.6e-08, 6e-10, 2.97806e+22
5.6e-08, 7e-10, 1.1703e+23
5.6e-08, 8e-10, 2.5673e+23
5.6e-08, 9e-10, 4.42418e+23
5.6e-08, 1e-09, 6.67046e+23
5.6e-08, 1.1e-09, 9.23483e+23
5.6e-08, 1.2e-09, 1.20478e+24
5.6e-08, 1.3e-09, 1.50432e+24
5.6e-08, 1.4e-09, 1.81588e+24
5.6e-08, 1.5e-09, 2.13364e+24
5.6e-08, 1.6e-09, 2.45222e+24
5.6e-08, 1.7e-09, 2.76668e+24
5.6e-08, 1.8e-09, 3.07248e+24
5.6e-08, 1.9e-09, 3.36553e+24
5.6e-08, 2e-09, 3.64214e+24
5.6e-08, 2.1e-09, 3.89904e+24
5.6e-08, 2.2e-09, 4.13335e+24
5.6e-08, 2.3e-09, 4.34259e+24
5.6e-08, 2.4e-09, 4.52467e+24
5.6e-08, 2.5e-09, 4.67787e+24
5.6e-08, 2.6e-09, 4.8008e+24
5.6e-08, 2.7e-09, 4.89246e+24
5.6e-08, 2.8e-09, 4.95215e+24
5.6e-08, 2.9e-09, 4.9795e+24
5.6e-08, 3e-09, 4.97445e+24
5.6e-08, 3.1e-09, 4.93725e+24
5.6e-08, 3.2e-09, 4.86844e+24
5.6e-08, 3.3e-09, 4.76884e+24
5.6e-08, 3.4e-09, 4.63957e+24
5.6e-08, 3.5e-09, 4.48206e+24
5.6e-08, 3.6e-09, 4.29798e+24
5.6e-08, 3.7e-09, 4.08932e+24
5.6e-08, 3.8e-09, 3.85836e+24
5.6e-08, 3.9e-09, 3.60765e+24
5.6e-08, 4e-09, 3.34004e+24
5.6e-08, 4.1e-09, 3.05867e+24
5.6e-08, 4.2e-09, 2.76696e+24
5.6e-08, 4.3e-09, 2.46862e+24
5.6e-08, 4.4e-09, 2.16761e+24
5.6e-08, 4.5e-09, 1.86814e+24
5.6e-08, 4.6e-09, 1.57468e+24
5.6e-08, 4.7e-09, 1.29188e+24
5.6e-08, 4.8e-09, 1.02457e+24
5.6e-08, 4.9e-09, 7.77735e+23
5.6e-08, 5e-09, 5.56416e+23
5.6e-08, 5.1e-09, 3.65658e+23
5.6e-08, 5.2e-09, 2.10383e+23
5.6e-08, 5.3e-09, 9.51941e+22
5.6e-08, 5.4e-09, 2.40891e+22
6e-08, 6e-10, 2.97806e+22
6e-08, 7e-10, 1.1703e+23
6e-08, 8e-10, 2.5673e+23
6e-08, 9e-10, 4.42418e+23
6e-08, 1e-09, 6.67046e+23
6e-08, 1.1e-09, 9.23483e+23
6e-08, 1.2e-09, 1.20478e+24
6e-08, 1.3e-09, 1.50432e+24
6e-08, 1.4e-09, 1.81588e+24
6e-08, 1.5e-09, 2.13364e+24
6e-08, 1.6e-09, 2.45222e+24
6e-08, 1.7e-09, 2.76668e+24
6e-08, 1.8e-09, 3.07248e+24
6e-08, 1.9e-09, 3.36553e+24
6e-08, 2e-09, 3.64214e+24
6e-08, 2.1e-09, 3.89904e+24
6e-08, 2.2e-09, 4.13335e+24
6e-08, 2.3e-09, 4.34259e+24
6e-08, 2.4e-09, 4.52467e+24
6e-08, 2.5e-09, 4.67787e+24
6e-08, 2.6e-09, 4.8008e+24
6e-08, 2.7e-09, 4.89246e+24
6e-08, 2.8e-09, 4.95215e+24
6e-08, 2.9e-09, 4.9795e+24
6e-08, 3e-09, 4.97445e+24
6e-08, 3.1e-09, 4.93725e+24
6e-08, 3.2e-09, 4.86844e+24
6e-08, 3.3e-09, 4.76884e+24
6e-08, 3.4e-09, 4.63957e+24
6e-08, 3.5e-09, 4.48206e+24
6e-08, 3.6e-09, 4.29798e+24
6e-08, 3.7e-09, 4.08932e+24
6e-08, 3.8e-09, 3.85836e+24
6e-08, 3.9e-09, 3.60765e+24
6e-08, 4e-09, 3.34004e+24
6e-08, 4.1e-09, 3.05867e+24
6e-08, 4.2e-09, 2.76696e+24
6e-08, 4.3e-09, 2.46862e+24
6e-08, 4.4e-09, 2.16761e+24
6e-08, 4.5e-09, 1.86814e+24
6e-08, 4.6e-09, 1.57468e+24
6e-08, 4.7e-09, 1.29188e+24
6e-08, 4.8e-09, 1.02457e+24
6e-08, 4.9e-09, 7.77735e+23
6e-08, 5e-09, 5.56416e+23
6e-08, 5.1e-09, 3.65658e+23
6e-08, 5.2e-09, 2.10383e+23
6e-08, 5.3e-09, 9.51941e+22
6e-08, 5.4e-09, 2.40891e+22
6.4e-08, 6e-10, 2.97806e+22
6.4e-08, 7e-10, 1.1703e+23
6.4e-08, 8e-10, 2.5673e+23
6.4e-08, 9e-10, 4.42418e+23
6.4e-08, 1e-09, 6.67046e+23
6.4e-08, 1.1e-09, 9.23483e+23
6.4e-08, 1.2e-09, 1.20478e+24
6.4e-08, 1.3e-09, 1.50432e+24
6.4e-08, 1.4e-09, 1.81588e+24
6.4e-08, 1.5e-09, 2.13364e+24
6.4e-08, 1.6e-09, 2.45222e+24
6.4e-08, 1.7e-09, 2.76668e+24
6.4e-08, 1.8e-09, 3.07248e+24
6.4e-08, 1.9e-09, 3.36553e+24
6.4e-08, 2e-09, 3.64214e+24
6.4e-08, 2.1e-09, 3.89904e+24
6.4e-08, 2.2e-09, 4.13335e+24
6.4e-08, 2.3e-09, 4.34259e+24
6.4e-08, 2.4e-09, 4.52467e+24
6.4e-08, 2.5e-09, 4.67787e+24
6.4e-08, 2.6e-09, 4.8008e+24
6.4e-08, 2.7e-09, 4.89246e+24
6.4e-08, 2.8e-09, 4.95215e+24
6.4e-08, 2.9e-09, 4.9795e+24
6.4e-08, 3e-09, 4.97445e+24
6.4e-08, 3.1e-09, 4.93725e+24
6.4e-08, 3.2e-09, 4.86844e+24
6.4e-08, 3.3e-09, 4.76884e+24
6.4e-08, 3.4e-09, 4.63957e+24
6.4e-08, 3.5e-09, 4.48206e+24
6.4e-08, 3.6e-09, 4.29798e+24
6.4e-08, 3.7e-09, 4.08932e+24
6.4e-08, 3.8e-09, 3.85836e+24
6.4e-08, 3.9e-09, 3.60765e+24
6.4e-08, 4e-09, 3.34004e+24
6.4e-08, 4.1e-09, 3.05867e+24
6.4e-08, 4.2e-09, 2.76696e+24
6.4e-08, 4.3e-09, 2.46862e+24
6.4e-08, 4.4e-09, 2.16761e+24
6.4e-08, 4.5e-09, 1.86814e+24
6.4e-08, 4.6e-09, 1.57468e+24
6.4e-08, 4.7e-09, 1.29188e+24
6.4e-08, 4.8e-09, 1.02457e+24
6.4e-08, 4.9e-09, 7.77735e+23
6.4e-08, 5e-09, 5.56416e+23
6.4e-08, 5.1e-09, 3.65658e+23
6.4e-08, 5.2e-09, 2.10383e+23
6.4e-08, 5.3e-09, 9.51941e+22
6.4e-08, 5.4e-09, 2.40891e+22
6.8e-08, 6e-10, 2.97806e+22
6.8e-08, 7e-10, 1.1703e+23
6.8e-08, 8e-10, 2.5673e+23
6.8e-08, 9e-10, 4.42418e+23
6.8e-08, 1e-09, 6.67046e+23
6.8e-08, 1.1e-09, 9.23483e+23
6.8e-08, 1.2e-09, 1.20478e+24
6.8e-08, 1.3e-09, 1.50432e+24
6.8e-08, 1.4e-09, 1.81588e+24
6.8e-08, 1.5e-09, 2.13364e+24
6.8e-08, 1.6e-09, 2.45222e+24
6.8e-08, 1.7e-09, 2.76668e+24
6.8e-08, 1.8e-09, 3.07248e+24
6.8e-08, 1.9e-09, 3.36553e+24
6.8e-08, 2e-09, 3.64214e+24
6.8e-08, 2.1e-09, 3.89904e+24
6.8e-08, 2.2e-09, 4.13335e+24
6.8e-08, 2.3e-09, 4.34259e+24
6.8e-08, 2.4e-09, 4.52467e+24
6.8e-08, 2.5e-09, 4.67787e+24
6.8e-08, 2.6e-09, 4.8008e+24
6.8e-08, 2.7e-09, 4.89246e+24
6.8e-08, 2.8e-09, 4.95215e+24
6.8e-08, 2.9e-09, 4.9795e+24
6.8e-08, 3e-09, 4.97445e+24
6.8e-08, 3.1e-09, 4.93725e+24
6.8e-08, 3.2e-09, 4.86844e+24
6.8e-08, 3.3e-09, 4.76884e+24
6.8e-08, 3.4e-09, 4.63957e+24
6.8e-08, 3.5e-09, 4.48206e+24
6.8e-08, 3.6e-09, 4.29798e+24
6.8e-08, 3.7e-09, 4.08932e+24
6.8e-08, 3.8e-09, 3.85836e+24
6.8e-08, 3.9e-09, 3.60765e+24
6.8e-08, 4e-09, 3.34004e+24
6.8e-08, 4.1e-09, 3.05867e+24
6.8e-08, 4.2e-09, 2.76696e+24
6.8e-08, 4.3e-09, 2.46862e+24
6.8e-08, 4.4e-09, 2.16761e+24
6.8e-08, 4.5e-09, 1.86814e+24
6.8e-08, 4.6e-09, 1.57468e+24
6.8e-08, 4.7e-09, 1.29188e+24
6.8e-08, 4.8e-09, 1.02457e+24
6.8e-08, 4.9e-09, 7.77735e+23
6.8e-08, 5e-09, 5.56416e+23
6.8e-08, 5.1e-09, 3.65658e+23
6.8e-08, 5.2e-09, 2.10383e+23
6.8e-08, 5.3e-09, 9.51941e+22
6.8e-08, 5.4e-09, 2.40891e+22
7.2e-08, 6e-10, 2.97806e+22
7.2e-08, 7e-10, 1.1703e+23
7.2e-08, 8e-10, 2.5673e+23
7.2e-08, 9e-10, 4.42418e+23
7.2e-08, 1e-09, 6.67046e+23
7.2e-08, 1.1e-09, 9.23483e+23
7.2e-08, 1.2e-09, 1.20478e+24
7.2e-08, 1.3e-09, 1.50432e+24
7.2e-08, 1.4e-09, 1.81588e+24
7.2e-08, 1.5e-09, 2.13364e+24
7.2e-08, 1.6e-09, 2.45222e+24
7.2e-08, 1.7e-09, 2.76668e+24
7.2e-08, 1.8e-09, 3.07248e+24
7.2e-08, 1.9e-09, 3.36553e+24
7.2e-08, 2e-09, 3.64214e+24
7.2e-08, 2.1e-09, 3.89904e+24
7.2e-08, 2.2e-09, 4.13335e+24
7.2e-08, 2.3e-09, 4.34259e+24
7.2e-08, 2.4e-09, 4.52467e+24
7.2e-08, 2.5e-09, 4.67787e+24
7.2e-08, 2.6e-09, 4.8008e+24
7.2e-08, 2.7e-09, 4.89246e+24
7.2e-08, 2.8e-09, 4.95215e+24
7.2e-08, 2.9e-09, 4.9795e+24
7.2e-08, 3e-09, 4.97445e+24
7.2e-08, 3.1e-09, 4.93725e+24
7.2e-08, 3.2e-09, 4.86844e+24
7.2e-08, 3.3e-09, 4.76884e+24
7.2e-08, 3.4e-09, 4.63957e+24
7.2e-08, 3.5e-09, 4.48206e+24
7.2e-08, 3.6e-09, 4.29798e+24
7.2e-08, 3.7e-09, 4.08932e+24
7.2e-08, 3.8e-09, 3.85836e+24
7.2e-08, 3.9e-09, 3.60765e+24
7.2e-08, 4e-09, 3.34004e+24
7.2e-08, 4.1e-09, 3.05867e+24
7.2e-08, 4.2e-09, 2.76696e+24
7.2e-08, 4.3e-09, 2.46862e+24
7.2e-08, 4.4e-09, 2.16761e+24
7.2e-08, 4.5e-09, 1.86814e+24
7.2e-08, 4.6e-09, 1.57468e+24
7.2e-08, 4.7e-09, 1.29188e+24
7.2e-08, 4.8e-09, 1.02457e+24
7.2e-08, 4.9e-09, 7.77735e+23
7.2e-08, 5e-09, 5.56416e+23
7.2e-08, 5.1e-09, 3.65658e+23
7.2e-08, 5.2e-09, 2.10383e+23
7.2e-08, 5.3e-09, 9.51941e+22
7.2e-08, 5.4e-09, 2.40891e+22
7.6e-08, 6e-10, 2.97806e+22
7.6e-08, 7e-10, 1.1703e+23
7.6e-08, 8e-10, 2.5673e+23
7.6e-08, 9e-10, 4.42417e+23
7.6e-08, 1e-09, 6.67046e+23
7.6e-08, 1.1e-09, 9.23483e+23
7.6e-08, 1.2e-09, 1.20478e+24
7.6e-08, 1.3e-09, 1.50432e+24
7.6e-08, 1.4e-09, 1.81588e+24
7.6e-08, 1.5e-09, 2.13364e+24
7.6e-08, 1.6e-09, 2.45222e+24
7.6e-08, 1.7e-09, 2.76668e+24
7.6e-08, 1.8e-09, 3.07248e+24
7.6e-08, 1.9e-09, 3.36553e+24
7.6e-08, 2e-09, 3.64214e+24
7.6e-08, 2.1e-09, 3.89904e+24
7.6e-08, 2.2e-09, 4.13335e+24
7.6e-08, 2.3e-09, 4.34259e+24
7.6e-08, 2.4e-09, 4.52467e+24
7.6e-08, 2.5e-09, 4.67787e+24
7.6e-08, 2.6e-09, 4.8008e+24
7.6e-08, 2.7e-09, 4.89246e+24
7.6e-08, 2.8e-09, 4.95215e+24
7.6e-08, 2.9e-09, 4.9795e+24
7.6e-08, 3e-09, 4.97445e+24
7.6e-08, 3.1e-09, 4.93725e+24
7.6e-08, 3.2e-09, 4.86844e+24
7.6e-08, 3.3e-09, 4.76884e+24
7.6e-08, 3.4e-09, 4.63957e+24
7.6e-08, 3.5e-09, 4.48206e+24
7.6e-08, 3.6e-09, 4.29798e+24
7.6e-08, 3.7e-09, 4.08932e+24
7.6e-08, 3.8e-09, 3.85836e+24
7.6e-08, 3.9e-09, 3.60765e+24
7.6e-08, 4e-09, 3.34004e+24
7.6e-08, 4.1e-09, 3.05867e+24
7.6e-08, 4.2e-09, 2.76696e+24
7.6e-08, 4.3e-09, 2.46862e+24
7.6e-08, 4.4e-09, 2.16761e+24
7.6e-08, 4.5e-09, 1.86814e+24
7.6e-08, 4.6e-09, 1.57468e+24
7.6e-08, 4.7e-09, 1.29188e+24
7.6e-08, 4.8e-09, 1.02457e+24
7.6e-08, 4.9e-09, 7.77735e+23
7.6e-08, 5e-09, 5.56416e+23
7.6e-08, 5.1e-09, 3.65658e+23
7.6e-08, 5.2e-09, 2.10383e+23
7.6e-08, 5.3e-09, 9.51941e+22
7.6e-08, 5.4e-09, 2.40891e+22
8e-08, 6e-10, 2.97354e+22
8e-08, 7e-10, 1.16851e+23
8e-08, 8e-10, 2.5633e+23
8e-08, 9e-10, 4.41713e+23
8e-08, 1e-09, 6.65956e+23
8e-08, 1.1e-09, 9.21928e+23
8e-08, 1.2e-09, 1.20269e+24
8e-08, 1.3e-09, 1.50162e+24
8e-08, 1.4e-09, 1.8125e+24
8e-08, 1.5e-09, 2.12954e+24
8e-08, 1.6e-09, 2.44735e+24
8e-08, 1.7e-09, 2.76101e+24
8e-08, 1.8e-09, 3.066e+24
8e-08, 1.9e-09, 3.35823e+24
8e-08, 2e-09, 3.63403e+24
8e-08, 2.1e-09, 3.89014e+24
8e-08, 2.2e-09, 4.1237e+24
8e-08, 2.3e-09, 4.33224e+24
8e-08, 2.4e-09, 4.51369e+24
8e-08, 2.5e-09, 4.66632e+24
8e-08, 2.6e-09, 4.78879e+24
8e-08, 2.7e-09, 4.88006e+24
8e-08, 2.8e-09, 4.93947e+24
8e-08, 2.9e-09, 4.96664e+24
8e-08, 3e-09, 4.96152e+24
8e-08, 3.1e-09, 4.92436e+24
8e-08, 3.2e-09, 4.85569e+24
8e-08, 3.3e-09, 4.75634e+24
8e-08, 3.4e-09, 4.62744e+24
8e-08, 3.5e-09, 4.47037e+24
8e-08, 3.6e-09, 4.28683e+24
8e-08, 3.7e-09, 4.07879e+24
8e-08, 3.8e-09, 3.8485e+24
8e-08, 3.9e-09, 3.59852e+24
8e-08, 4e-09, 3.33169e+24
8e-08, 4.1e-09, 3.05112e+24
8e-08, 4.2e-09, 2.76024e+24
8e-08, 4.3e-09, 2.46272e+24
8e-08, 4.4e-09, 2.16251e+24
8e-08, 4.5e-09, 1.86383e+24
8e-08, 4.6e-09, 1.57112e+24
8e-08, 4.7e-09, 1.28901e+24
8e-08, 4.8e-09, 1.02234e+24
8e-08, 4.9e-09, 7.76075e+23
8e-08, 5e-09, 5.55249e+23
8e-08, 5.1e-09, 3.64905e+23
8e-08, 5.2e-09, 2.09955e+23
8e-08, 5.3e-09, 9.50027e+22
8e-08, 5.4e-09, 2.4041e+22
8.4e-08, 6e-10, 2.11709e+22
8.4e-08, 7e-10, 8.43496e+22
8.4e-08, 8e-10, 1.8854e+23
8.4e-08, 9e-10, 3.32098e+23
8.4e-08, 1e-09, 5.1276e+23
8.4e-08, 1.1e-09, 7.27677e+23
8.4e-08, 1.2e-09, 9.73459e+23
8.4e-08, 1.3e-09, 1.24623e+24
8.4e-08, 1.4e-09, 1.54169e+24
8.4e-08, 1.5e-09, 1.85517e+24
8.4e-08, 1.6e-09, 2.18174e+24
8.4e-08, 1.7e-09, 2.51624e+24
8.4e-08, 1.8e-09, 2.8534e+24
8.4e-08, 1.9e-09, 3.1879e+24
8.4e-08, 2e-09, 3.51446e+24
8.4e-08, 2.1e-09, 3.82794e+24
8.4e-08, 2.2e-09, 4.12338e+24
8.4e-08, 2.3e-09, 4.39615e+24
8.4e-08, 2.4e-09, 4.64192e+24
8.4e-08, 2.5e-09, 4.85683e+24
8.4e-08, 2.6e-09, 5.03748e+24
8.4e-08, 2.7e-09, 5.18103e+24
8.4e-08, 2.8e-09, 5.28522e+24
8.4e-08, 2.9e-09, 5.34839e+24
8.4e-08, 3e-09, 5.36956e+24
8.4e-08, 3.1e-09, 5.34839e+24
8.4e-08, 3.2e-09, 5.28521e+24
8.4e-08, 3.3e-09, 5.18103e+24
8.4e-08, 3.4e-09, 5.03747e+24
8.4e-08, 3.5e-09, 4.85681e+24
8.4e-08, 3.6e-09, 4.6419e+24
8.4e-08, 3.7e-09, 4.39613e+24
8.4e-08, 3.8e-09, 4.12336e+24
8.4e-08, 3.9e-09, 3.82791e+24
8.4e-08, 4e-09, 3.51444e+24
8.4e-08, 4.1e-09, 3.18787e+24
8.4e-08, 4.2e-09, 2.85338e+24
8.4e-08, 4.3e-09, 2.51622e+24
8.4e-08, 4.4e-09, 2.18172e+24
8.4e-08, 4.5e-09, 1.85516e+24
8.4e-08, 4.6e-09, 1.54167e+24
8.4e-08, 4.7e-09, 1.24622e+24
8.4e-08, 4.8e-09, 9.7345e+23
8.4e-08, 4.9e-09, 7.2767e+23
8.4e-08, 5e-09, 5.12755e+23
8.4e-08, 5.1e-09, 3.32095e+23
8.4e-08, 5.2e-09, 1.88538e+23
8.4e-08, 5.3e-09, 8.43487e+22
8.4e-08, 5.4e-09, 2.11707e+22
8.8e-08, 6e-10, 2.11703e+22
8.8e-08, 7e-10, 8.43472e+22
8.8e-08, 8e-10, 1.88534e+23
8.8e-08, 9e-10, 3.32089e+23
8.8e-08, 1e-09, 5.12747e+23
8.8e-08, 1.1e-09, 7.27659e+23
8.8e-08, 1.2e-09, 9.73436e+23
8.8e-08, 1.3e-09, 1.2462e+24
8.8e-08, 1.4e-09, 1.54165e+24
8.8e-08, 1.5e-09, 1.85514e+24
8.8e-08, 1.6e-09, 2.1817e+24
8.8e-08, 1.7e-09, 2.5162e+24
8.8e-08, 1.8e-09, 2.85336e+24
8.8e-08, 1.9e-09, 3.18785e+24
8.8e-08, 2e-09, 3.51442e+24
8.8e-08, 2.1e-09, 3.8279e+24
8.8e-08, 2.2e-09, 4.12335e+24
8.8e-08, 2.3e-09, 4.39612e+24
8.8e-08, 2.4e-09, 4.64189e+24
8.8e-08, 2.5e-09, 4.85681e+24
8.8e-08, 2.6e-09, 5.03746e+24
8.8e-08, 2.7e-09, 5.18102e+24
8.8e-08, 2.8e-09, 5.28521e+24
8.8e-08, 2.9e-09, 5.34838e+24
8.8e-08, 3e-09, 5.36955e+24
8.8e-08, 3.1e-09, 5.34838e+24
8.8e-08, 3.2e-09, 5.28521e+24
8.8e-08, 3.3e-09, 5.18102e+24
8.8e-08, 3.4e-09, 5.03746e+24
8.8e-08, 3.5e-09, 4.85681e+24
8.8e-08, 3.6e-09, 4.64189e+24
8.8e-08, 3.7e-09, 4.39612e+24
8.8e-08, 3.8e-09, 4.12335e+24
8.8e-08, 3.9e-09, 3.8279e+24
8.8e-08, 4e-09, 3.51442e+24
8.8e-08, 4.1e-09, 3.18785e+24
8.8e-08, 4.2e-09, 2.85336e+24
8.8e-08, 4.3e-09, 2.5162e+24
8.8e-08, 4.4e-09, 2.1817e+24
8.8e-08, 4.5e-09, 1.85514e+24
8.8e-08, 4.6e-09, 1.54165e+24
8.8e-08, 4.7e-09, 1.2462e+24
8.8e-08, 4.8e-09, 9.73436e+23
8.8e-08, 4.9e-09, 7.27659e+23
8.8e-08, 5e-09, 5.12747e+23
8.8e-08, 5.1e-09, 3.32089e+23
8.8e-08, 5.2e-09, 1.88534e+23
8.8e-08, 5.3e-09, 8.43472e+22
8.8e-08, 5.4e-09, 2.11703e+22
9.2e-08, 6e-10, 2.11703e+22
9.2e-08, 7e-10, 8.43472e+22
9.2e-08, 8e-10, 1.88534e+23
9.2e-08, 9e-10, 3.32089e+23
9.2e-08, 1e-09, 5.12747e+23
9.2e-08, 1.1e-09, 7.27659e+23
9.2e-08, 1.2e-09, 9.73436e+23
9.2e-08, 1.3e-09, 1.2462e+24
9.2e-08, 1.4e-09, 1.54165e+24
9.2e-08, 1.5e-09, 1.85514e+24
9.2e-08, 1.6e-09, 2.1817e+24
9.2e-08, 1.7e-09, 2.5162e+24
9.2e-08, 1.8e-09, 2.85336e+24
9.2e-08, 1.9e-09, 3.18785e+24
9.2e-08, 2e-09, 3.51442e+24
9.2e-08, 2.1e-09, 3.8279e+24
9.2e-08, 2.2e-09, 4.12335e+24
9.2e-08, 2.3e-09, 4.39612e+24
9.2e-08, 2.4e-09, 4.64189e+24
9.2e-08, 2.5e-09, 4.85681e+24
9.2e-08, 2.6e-09, 5.03746e+24
9.2e-08, 2.7e-09, 5.18102e+24
9.2e-08, 2.8e-09, 5.28521e+24
9.2e-08, 2.9e-09, 5.34838e+24
9.2e-08, 3e-09, 5.36955e+24
9.2e-08, 3.1e-09, 5.34838e+24
9.2e-08, 3.2e-09, 5.28521e+24
9.2e-08, 3.3e-09, 5.18102e+24
9.2e-08, 3.4e-09, 5.03746e+24
9.2e-08, 3.5e-09, 4.85681e+24
9.2e-08, 3.6e-09, 4.64189e+24
9.2e-08, 3.7e-09, 4.39612e+24
9.2e-08, 3.8e-09, 4.12335e+24
9.2e-08, 3.9e-09, 3.8279e+24
9.2e-08, 4e-09, 3.51442e+24
9.2e-08, 4.1e-09, 3.18785e+24
9.2e-08, 4.2e-09, 2.85336e+24
9.2e-08, 4.3e-09, 2.5162e+24
9.2e-08, 4.4e-09, 2.1817e+24
9.2e-08, 4.5e-09, 1.85514e+24
9.2e-08, 4.6e-09, 1.54165e+24
9.2e-08, 4.7e-09, 1.2462e+24
9.2e-08, 4.8e-09, 9.73436e+23
9.2e-08, 4.9e-09, 7.27659e+23
9.2e-08, 5e-09, 5.12747e+23
9.2e-08, 5.1e-09, 3.32089e+23
9.2e-08, 5.2e-09, 1.88534e+23
9.2e-08, 5.3e-09, 8.43472e+22
9.2e-08, 5.4e-09, 2.11703e+22
9.6e-08, 6e-10, 2.11703e+22
9.6e-08, 7e-10, 8.43472e+22
9.6e-08, 8e-10, 1.88534e+23
9.6e-08, 9e-10, 3.32089e+23
9.6e-08, 1e-09, 5.12747e+23
9.6e-08, 1.1e-09, 7.27659e+23
9.6e-08, 1.2e-09, 9.73436e+23
9.6e-08, 1.3e-09, 1.2462e+24
9.6e-08, 1.4e-09, 1.54165e+24
9.6e-08, 1.5e-09, 1.85514e+24
9.6e-08, 1.6e-09, 2.1817e+24
9.6e-08, 1.7e-09, 2.5162e+24
9.6e-08, 1.8e-09, 2.85336e+24
9.6e-08, 1.9e-09, 3.18785e+24
9.6e-08, 2e-09, 3.51442e+24
9.6e-08, 2.1e-09, 3.8279e+24
9.6e-08, 2.2e-09, 4.12335e+24
9.6e-08, 2.3e-09, 4.39612e+24
9.6e-08, 2.4e-09, 4.64189e+24
9.6e-08, 2.5e-09, 4.85681e+24
9.6e-08, 2.6e-09, 5.03746e+24
9.6e-08, 2.7e-09, 5.18102e+24
9.6e-08, 2.8e-09, 5.28521e+24
9.6e-08, 2.9e-09, 5.34838e+24
9.6e-08, 3e-09, 5.36955e+24
9.6e-08, 3.1e-09, 5.34838e+24
9.6e-08, 3.2e-09, 5.28521e+24
9.6e-08, 3.3e-09, 5.18102e+24
9.6e-08, 3.4e-09, 5.03746e+24
9.6e-08, 3.5e-09, 4.85681e+24
9.6e-08, 3.6e-09, 4.64189e+24
9.6e-08, 3.7e-09, 4.39612e+24
9.6e-08, 3.8e-09, 4.12335e+24
9.6e-08, 3.9e-09, 3.8279e+24
9.6e-08, 4e-09, 3.51442e+24
9.6e-08, 4.1e-09, 3.18785e+24
9.6e-08, 4.2e-09, 2.85336e+24
9.6e-08, 4.3e-09, 2.5162e+24
9.6e-08, 4.4e-09, 2.1817e+24
9.6e-08, 4.5e-09, 1.85514e+24
9.6e-08, 4.6e-09, 1.54165e+24
9.6e-08, 4.7e-09, 1.2462e+24
9.6e-08, 4.8e-09, 9.73436e+23
9.6e-08, 4.9e-09, 7.27659e+23
9.6e-08, 5e-09, 5.12747e+23
9.6e-08, 5.1e-09, 3.32089e+23
9.6e-08, 5.2e-09, 1.88534e+23
9.6e-08, 5.3e-09, 8.43472e+22
9.6e-08, 5.4e-09, 2.11703e+22
1e-07, 6e-10, 2.11703e+22
1e-07, 7e-10, 8.43472e+22
1e-07, 8e-10, 1.88534e+23
1e-07, 9e-10, 3.32089e+23
1e-07, 1e-09, 5.12747e+23
1e-07, 1.1e-09, 7.27659e+23
1e-07, 1.2e-09, 9.73436e+23
1e-07, 1.3e-09, 1.2462e+24
1e-07, 1.4e-09, 1.54165e+24
1e-07, 1.5e-09, 1.85514e+24
1e-07, 1.6e-09, 2.1817e+24
1e-07, 1.7e-09, 2.5162e+24
1e-07, 1.8e-09, 2.85336e+24
1e-07, 1.9e-09, 3.18785e+24
1e-07, 2e-09, 3.51442e+24
1e-07, 2.1e-09, 3.8279e+24
1e-07, 2.2e-09, 4.12335e+24
1e-07, 2.3e-09, 4.39612e+24
1e-07, 2.4e-09, 4.64189e+24
1e-07, 2.5e-09, 4.85681e+24
1e-07, 2.6e-09, 5.03746e+24
1e-07, 2.7e-09, 5.18102e+24
1e-07, 2.8e-09, 5.28521e+24
1e-07, 2.9e-09, 5.34838e+24
1e-07, 3e-09, 5.36955e+24
1e-07, 3.1e-09, 5.34838e+24
1e-07, 3.2e-09, 5.28521e+24
1e-07, 3.3e-09, 5.18102e+24
1e-07, 3.4e-09, 5.03746e+24
1e-07, 3.5e-09, 4.85681e+24
1e-07, 3.6e-09, 4.64189e+24
1e-07, 3.7e-09, 4.39612e+24
1e-07, 3.8e-09, 4.12335e+24
1e-07, 3.9e-09, 3.8279e+24
1e-07, 4e-09, 3.51442e+24
1e-07, 4.1e-09, 3.18785e+24
1e-07, 4.2e-09, 2.85336e+24
1e-07, 4.3e-09, 2.5162e+24
1e-07, 4.4e-09, 2.1817e+24
1e-07, 4.5e-09, 1.85514e+24
1e-07, 4.6e-09, 1.54165e+24
1e-07, 4.7e-09, 1.2462e+24
1e-07, 4.8e-09, 9.73436e+23
1e-07, 4.9e-09, 7.27659e+23
1e-07, 5e-09, 5.12747e+23
1e-07, 5.1e-09, 3.32089e+23
1e-07, 5.2e-09, 1.88534e+23
1e-07, 5.3e-09, 8.43472e+22
1e-07, 5.4e-09, 2.11703e+22
1.04e-07, 6e-10, 2.11703e+22
1.04e-07, 7e-10, 8.43472e+22
1.04e-07, 8e-10, 1.88534e+23
1.04e-07, 9e-10, 3.32089e+23
1.04e-07, 1e-09, 5.12747e+23
1.04e-07, 1.1e-09, 7.27659e+23
1.04e-07, 1.2e-09, 9.73436e+23
1.04e-07, 1.3e-09, 1.2462e+24
1.04e-07, 1.4e-09, 1.54165e+24
1.04e-07, 1.5e-09, 1.85514e+24
1.04e-07, 1.6e-09, 2.1817e+24
1.04e-07, 1.7e-09, 2.5162e+24
1.04e-07, 1.8e-09, 2.85336e+24
1.04e-07, 1.9e-09, 3.18785e+24
1.04e-07, 2e-09, 3.51442e+24
1.04e-07, 2.1e-09, 3.8279e+24
1.04e-07, 2.2e-09, 4.12335e+24
1.04e-07, 2.3e-09, 4.39612e+24
1.04e-07, 2.4e-09, 4.64189e+24
1.04e-07, 2.5e-09, 4.85681e+24
1.04e-07, 2.6e-09, 5.03746e+24
1.04e-07, 2.7e-09, 5.18102e+24
1.04e-07, 2.8e-09, 5.28521e+24
1.04e-07, 2.9e-09, 5.34838e+24
1.04e-07, 3e-09, 5.36955e+24
1.04e-07, 3.1e-09, 5.34838e+24
1.04e-07, 3.2e-09, 5.28521e+24
1.04e-07, 3.3e-09, 5.18102e+24
1.04e-07, 3.4e-09, 5.03746e+24
1.04e-07, 3.5e-09, 4.85681e+24
1.04e-07, 3.6e-09, 4.64189e+24
1.04e-07, 3.7e-09, 4.39612e+24
1.04e-07, 3.8e-09, 4.12335e+24
1.04e-07, 3.9e-09, 3.8279e+24
1.04e-07, 4e-09, 3.51442e+24
1.04e-07, 4.1e-09, 3.18785e+24
1.04e-07, 4.2e-09, 2.85336e+24
1.04e-07, 4.3e-09, 2.5162e+24
1.04e-07, 4.4e-09, 2.1817e+24
1.04e-07, 4.5e-09, 1.85514e+24
1.04e-07, 4.6e-09, 1.54165e+24
1.04e-07, 4.7e-09, 1.2462e+24
1.04e-07, 4.8e-09, 9.73436e+23
1.04e-07, 4.9e-09, 7.27659e+23
1.04e-07, 5e-09, 5.12747e+23
1.04e-07, 5.1e-09, 3.32089e+23
1.04e-07, 5.2e-09, 1.88534e+23
1.04e-07, 5.3e-09, 8.43472e+22
1.04e-07, 5.4e-09, 2.11703e+22
1.08e-07, 6e-10, 2.11703e+22
1.08e-07, 7e-10, 8.43472e+22
1.08e-07, 8e-10, 1.88534e+23
1.08e-07, 9e-10, 3.32089e+23
1.08e-07, 1e-09, 5.12747e+23
1.08e-07, 1.1e-09, 7.27659e+23
1.08e-07, 1.2e-09, 9.73436e+23
1.08e-07, 1.3e-09, 1.2462e+24
1.08e-07, 1.4e-09, 1.54165e+24
1.08e-07, 1.5e-09, 1.85514e+24
1.08e-07, 1.6e-09, 2.1817e+24
1.08e-07, 1.7e-09, 2.5162e+24
1.08e-07, 1.8e-09, 2.85336e+24
1.08e-07, 1.9e-09, 3.18785e+24
1.08e-07, 2e-09, 3.51442e+24
1.08e-07, 2.1e-09, 3.8279e+24
1.08e-07, 2.2e-09, 4.12335e+24
1.08e-07, 2.3e-09, 4.39612e+24
1.08e-07, 2.4e-09, 4.64189e+24
1.08e-07, 2.5e-09, 4.85681e+24
1.08e-07, 2.6e-09, 5.03746e+24
1.08e-07, 2.7e-09, 5.18102e+24
1.08e-07, 2.8e-09, 5.28521e+24
1.08e-07, 2.9e-09, 5.34838e+24
1.08e-07, 3e-09, 5.36955e+24
1.08e-07, 3.1e-09, 5.34838e+24
1.08e-07, 3.2e-09, 5.28521e+24
1.08e-07, 3.3e-09, 5.18102e+24
1.08e-07, 3.4e-09, 5.03746e+24
1.08e-07, 3.5e-09, 4.85681e+24
1.08e-07, 3.6e-09, 4.64189e+24
1.08e-07, 3.7e-09, 4.39612e+24
1.08e-07, 3.8e-09, 4.12335e+24
1.08e-07, 3.9e-09, 3.8279e+24
1.08e-07, 4e-09, 3.51442e+24
1.08e-07, 4.1e-09, 3.18785e+24
1.08e-07, 4.2e-09, 2.85336e+24
1.08e-07, 4.3e-09, 2.5162e+24
1.08e-07, 4.4e-09, 2.1817e+24
1.08e-07, 4.5e-09, 1.85514e+24
1.08e-07, 4.6e-09, 1.54165e+24
1.08e-07, 4.7e-09, 1.2462e+24
1.08e-07, 4.8e-09, 9.73436e+23
1.08e-07, 4.9e-09, 7.27659e+23
1.08e-07, 5e-09, 5.12747e+23
1.08e-07, 5.1e-09, 3.32089e+23
1.08e-07, 5.2e-09, 1.88534e+23
1.08e-07, 5.3e-09, 8.43472e+22
1.08e-07, 5.4e-09, 2.11703e+22
1.12e-07, 6e-10, 2.11703e+22
1.12e-07, 7e-10, 8.43472e+22
1.12e-07, 8e-10, 1.88534e+23
1.12e-07, 9e-10, 3.32089e+23
1.12e-07, 1e-09, 5.12747e+23
1.12e-07, 1.1e-09, 7.27659e+23
1.12e-07, 1.2e-09, 9.73436e+23
1.12e-07, 1.3e-09, 1.2462e+24
1.12e-07, 1.4e-09, 1.54165e+24
1.12e-07, 1.5e-09, 1.85514e+24
1.12e-07, 1.6e-09, 2.1817e+24
1.12e-07, 1.7e-09, 2.5162e+24
1.12e-07, 1.8e-09, 2.85336e+24
1.12e-07, 1.9e-09, 3.18785e+24
1.12e-07, 2e-09, 3.51442e+24
1.12e-07, 2.1e-09, 3.8279e+24
1.12e-07, 2.2e-09, 4.12335e+24
1.12e-07, 2.3e-09, 4.39612e+24
1.12e-07, 2.4e-09, 4.64189e+24
1.12e-07, 2.5e-09, 4.85681e+24
1.12e-07, 2.6e-09, 5.03746e+24
1.12e-07, 2.7e-09, 5.18102e+24
1.12e-07, 2.8e-09, 5.28521e+24
1.12e-07, 2.9e-09, 5.34838e+24
1.12e-07, 3e-09, 5.36955e+24
1.12e-07, 3.1e-09, 5.34838e+24
1.12e-07, 3.2e-09, 5.28521e+24
1.12e-07, 3.3e-09, 5.18102e+24
1.12e-07, 3.4e-09, 5.03746e+24
1.12e-07, 3.5e-09, 4.85681e+24
1.12e-07, 3.6e-09, 4.64189e+24
1.12e-07, 3.7e-09, 4.39612e+24
1.12e-07, 3.8e-09, 4.12335e+24
1.12e-07, 3.9e-09, 3.8279e+24
1.12e-07, 4e-09, 3.51442e+24
1.12e-07, 4.1e-09, 3.18785e+24
1.12e-07, 4.2e-09, 2.85336e+24
1.12e-07, 4.3e-09, 2.5162e+24
1.12e-07, 4.4e-09, 2.1817e+24
1.12e-07, 4.5e-09, 1.85514e+24
1.12e-07, 4.6e-09, 1.54165e+24
1.12e-07, 4.7e-09, 1.2462e+24
1.12e-07, 4.8e-09, 9.73436e+23
1.12e-07, 4.9e-09, 7.27659e+23
1.12e-07, 5e-09, 5.12747e+23
1.12e-07, 5.1e-09, 3.32089e+23
1.12e-07, 5.2e-09, 1.88534e+23
1.12e-07, 5.3e-09, 8.43472e+22
1.12e-07, 5.4e-09, 2.11703e+22
1.16e-07, 6e-10, 2.11831e+22
1.16e-07, 7e-10, 8.43983e+22
1.16e-07, 8e-10, 1.88648e+23
1.16e-07, 9e-10, 3.32289e+23
1.16e-07, 1e-09, 5.13054e+23
1.16e-07, 1.1e-09, 7.28093e+23
1.16e-07, 1.2e-09, 9.74014e+23
1.16e-07, 1.3e-09, 1.24694e+24
1.16e-07, 1.4e-09, 1.54256e+24
1.16e-07, 1.5e-09, 1.85622e+24
1.16e-07, 1.6e-09, 2.18297e+24
1.16e-07, 1.7e-09, 2.51766e+24
1.16e-07, 1.8e-09, 2.85501e+24
1.16e-07, 1.9e-09, 3.1897e+24
1.16e-07, 2e-09, 3.51644e+24
1.16e-07, 2.1e-09, 3.8301e+24
1.16e-07, 2.2e-09, 4.12572e+24
1.16e-07, 2.3e-09, 4.39864e+24
1.16e-07, 2.4e-09, 4.64455e+24
1.16e-07, 2.5e-09, 4.85958e+24
1.16e-07, 2.6e-09, 5.04034e+24
1.16e-07, 2.7e-09, 5.18397e+24
1.16e-07, 2.8e-09, 5.28822e+24
1.16e-07, 2.9e-09, 5.35143e+24
1.16e-07, 3e-09, 5.37261e+24
1.16e-07, 3.1e-09, 5.35143e+24
1.16e-07, 3.2e-09, 5.28821e+24
1.16e-07, 3.3e-09, 5.18396e+24
1.16e-07, 3.4e-09, 5.04033e+24
1.16e-07, 3.5e-09, 4.85957e+24
1.16e-07, 3.6e-09, 4.64453e+24
1.16e-07, 3.7e-09, 4.39862e+24
1.16e-07, 3.8e-09, 4.1257e+24
1.16e-07, 3.9e-09, 3.83008e+24
1.16e-07, 4e-09, 3.51642e+24
1.16e-07, 4.1e-09, 3.18967e+24
1.16e-07, 4.2e-09, 2.85499e+24
1.16e-07, 4.3e-09, 2.51764e+24
1.16e-07, 4.4e-09, 2.18295e+24
1.16e-07, 4.5e-09, 1.8562e+24
1.16e-07, 4.6e-09, 1.54254e+24
1.16e-07, 4.7e-09, 1.24692e+24
1.16e-07, 4.8e-09, 9.74e+23
1.16e-07, 4.9e-09, 7.28082e+23
1.16e-07, 5e-09, 5.13046e+23
1.16e-07, 5.1e-09, 3.32283e+23
1.16e-07, 5.2e-09, 1.88645e+23
1.16e-07, 5.3e-09, 8.43967e+22
1.16e-07, 5.4e-09, 2.11827e+22
1.2e-07, 6e-10, 1.04102e+24
1.2e-07, 7e-10, 4.14765e+24
1.2e-07, 8e-10, 9.27092e+24
1.2e-07, 9e-10, 1.633e+25
1.2e-07, 1e-09, 2.52136e+25
1.2e-07, 1.1e-09, 3.57816e+25
1.2e-07, 1.2e-09, 4.78674e+25
1.2e-07, 1.3e-09, 6.12803e+25
1.2e-07, 1.4e-09, 7.58088e+25
1.2e-07, 1.5e-09, 9.12238e+25
1.2e-07, 1.6e-09, 1.07282e+26
1.2e-07, 1.7e-09, 1.23731e+26
1.2e-07, 1.8e-09, 1.4031e+26
1.2e-07, 1.9e-09, 1.56759e+26
1.2e-07, 2e-09, 1.72817e+26
1.2e-07, 2.1e-09, 1.88232e+26
1.2e-07, 2.2e-09, 2.0276e+26
1.2e-07, 2.3e-09, 2.16173e+26
1.2e-07, 2.4e-09, 2.28259e+26
1.2e-07, 2.5e-09, 2.38827e+26
1.2e-07, 2.6e-09, 2.47711e+26
1.2e-07, 2.7e-09, 2.5477e+26
1.2e-07, 2.8e-09, 2.59893e+26
1.2e-07, 2.9e-09, 2.63e+26
1.2e-07, 3e-09, 2.64041e+26
1.2e-07, 3.1e-09, 2.63e+26
1.2e-07, 3.2e-09, 2.59893e+26
1.2e-07, 3.3e-09, 2.5477e+26
1.2e-07, 3.4e-09, 2.47711e+26
1.2e-07, 3.5e-09, 2.38827e+26
1.2e-07, 3.6e-09, 2.28259e+26
1.2e-07, 3.7e-09, 2.16173e+26
1.2e-07, 3.8e-09, 2.0276e+26
1.2e-07, 3.9e-09, 1.88232e+26
1.2e-07, 4e-09, 1.72817e+26
1.2e-07, 4.1e-09, 1.56759e+26
1.2e-07, 4.2e-09, 1.4031e+26
1.2e-07, 4.3e-09, 1.23731e+26
1.2e-07, 4.4e-09, 1.07282e+26
1.2e-07, 4.5e-09, 9.12239e+25
1.2e-07, 4.6e-09, 7.58089e+25
1.2e-07, 4.7e-09, 6.12803e+25
1.2e-07, 4.8e-09, 4.78674e+25
1.2e-07, 4.9e-09, 3.57817e+25
1.2e-07, 5e-09, 2.52137e+25
1.2e-07, 5.1e-09, 1.633e+25
1.2e-07, 5.2e-09, 9.27094e+24
1.2e-07, 5.3e-09, 4.14766e+24
1.2e-07, 5.4e-09, 1.04102e+24
