0, 0, 6.31775e-34
0, 4e-09, 6.10716e-34
0, 8e-09, 5.89657e-34
0, 1.2e-08, 5.68598e-34
0, 1.6e-08, 5.47539e-34
0, 2e-08, 5.2648e-34
0, 2.4e-08, 5.0542e-34
0, 2.8e-08, 4.84361e-34
0, 3.2e-08, 4.63302e-34
0, 3.6e-08, 4.42243e-34
0, 4e-08, 4.21184e-34
0, 4.4e-08, 4.00124e-34
0, 4.8e-08, 3.79065e-34
0, 5.2e-08, 3.58006e-34
0, 5.6e-08, 3.36947e-34
0, 6e-08, 3.15888e-34
0, 6.4e-08, 2.94829e-34
0, 6.8e-08, 2.73769e-34
0, 7.2e-08, 2.5271e-34
0, 7.6e-08, 2.31651e-34
0, 8e-08, 2.10592e-34
0, 8.4e-08, 1.89533e-34
0, 8.8e-08, 1.68473e-34
0, 9.2e-08, 1.47414e-34
0, 9.6e-08, 1.26355e-34
0, 1e-07, 1.05296e-34
0, 1.04e-07, 8.42367e-35
0, 1.08e-07, 6.31776e-35
0, 1.12e-07, 4.21184e-35
0, 1.16e-07, 2.10592e-35
0, 1.2e-07, 2.37744e-43
1e-10, 0, 6.31775e-34
1e-10, 4e-09, 6.10716e-34
1e-10, 8e-09, 5.89657e-34
1e-10, 1.2e-08, 5.68598e-34
1e-10, 1.6e-08, 5.47539e-34
1e-10, 2e-08, 5.2648e-34
1e-10, 2.4e-08, 5.0542e-34
1e-10, 2.8e-08, 4.84361e-34
1e-10, 3.2e-08, 4.63302e-34
1e-10, 3.6e-08, 4.42243e-34
1e-10, 4e-08, 4.21184e-34
1e-10, 4.4e-08, 4.00124e-34
1e-10, 4.8e-08, 3.79065e-34
1e-10, 5.2e-08, 3.58006e-34
1e-10, 5.6e-08, 3.36947e-34
1e-10, 6e-08, 3.15888e-34
1e-10, 6.4e-08, 2.94829e-34
1e-10, 6.8e-08, 2.73769e-34
1e-10, 7.2e-08, 2.5271e-34
1e-10, 7.6e-08, 2.31651e-34
1e-10, 8e-08, 2.10592e-34
1e-10, 8.4e-08, 1.89533e-34
1e-10, 8.8e-08, 1.68473e-34
1e-10, 9.2e-08, 1.47414e-34
1e-10, 9.6e-08, 1.26355e-34
1e-10, 1e-07, 1.05296e-34
1e-10, 1.04e-07, 8.42367e-35
1e-10, 1.08e-07, 6.31776e-35
1e-10, 1.12e-07, 4.21184e-35
1e-10, 1.16e-07, 2.10592e-35
1e-10, 1.2e-07, 2.37744e-43
2e-10, 0, 6.31775e-34
2e-10, 4e-09, 6.10716e-34
2e-10, 8e-09, 5.89657e-34
2e-10, 1.2e-08, 5.68598e-34
2e-10, 1.6e-08, 5.47539e-34
2e-10, 2e-08, 5.2648e-34
2e-10, 2.4e-08, 5.0542e-34
2e-10, 2.8e-08, 4.84361e-34
2e-10, 3.2e-08, 4.63302e-34
2e-10, 3.6e-08, 4.42243e-34
2e-10, 4e-08, 4.21184e-34
2e-10, 4.4e-08, 4.00124e-34
2e-10, 4.8e-08, 3.79065e-34
2e-10, 5.2e-08, 3.58006e-34
2e-10, 5.6e-08, 3.36947e-34
2e-10, 6e-08, 3.15888e-34
2e-10, 6.4e-08, 2.94829e-34
2e-10, 6.8e-08, 2.73769e-34
2e-10, 7.2e-08, 2.5271e-34
2e-10, 7.6e-08, 2.31651e-34
2e-10, 8e-08, 2.10592e-34
2e-10, 8.4e-08, 1.89533e-34
2e-10, 8.8e-08, 1.68473e-34
2e-10, 9.2e-08, 1.47414e-34
2e-10, 9.6e-08, 1.26355e-34
2e-10, 1e-07, 1.05296e-34
2e-10, 1.04e-07, 8.42367e-35
2e-10, 1.08e-07, 6.31776e-35
2e-10, 1.12e-07, 4.21184e-35
2e-10, 1.16e-07, 2.10592e-35
2e-10, 1.2e-07, 2.37744e-43
3e-10, 0, 6.31775e-34
3e-10, 4e-09, 6.10716e-34
3e-10, 8e-09, 5.89657e-34
3e-10, 1.2e-08, 5.68598e-34
3e-10, 1.6e-08, 5.47539e-34
3e-10, 2e-08, 5.2648e-34
3e-10, 2.4e-08, 5.0542e-34
3e-10, 2.8e-08, 4.84361e-34
3e-10, 3.2e-08, 4.63302e-34
3e-10, 3.6e-08, 4.42243e-34
3e-10, 4e-08, 4.21184e-34
3e-10, 4.4e-08, 4.00124e-34
3e-10, 4.8e-08, 3.79065e-34
3e-10, 5.2e-08, 3.58006e-34
3e-10, 5.6e-08, 3.36947e-34
3e-10, 6e-08, 3.15888e-34
3e-10, 6.4e-08, 2.94829e-34
3e-10, 6.8e-08, 2.73769e-34
3e-10, 7.2e-08, 2.5271e-34
3e-10, 7.6e-08, 2.31651e-34
3e-10, 8e-08, 2.10592e-34
3e-10, 8.4e-08, 1.89533e-34
3e-10, 8.8e-08, 1.68473e-34
3e-10, 9.2e-08, 1.47414e-34
3e-10, 9.6e-08, 1.26355e-34
3e-10, 1e-07, 1.05296e-34
3e-10, 1.04e-07, 8.42367e-35
3e-10, 1.08e-07, 6.31776e-35
3e-10, 1.12e-07, 4.21184e-35
3e-10, 1.16e-07, 2.10592e-35
3e-10, 1.2e-07, 2.37744e-43
4e-10, 0, 6.31775e-34
4e-10, 4e-09, 6.10716e-34
4e-10, 8e-09, 5.89657e-34
4e-10, 1.2e-08, 5.68598e-34
4e-10, 1.6e-08, 5.47539e-34
4e-10, 2e-08, 5.2648e-34
4e-10, 2.4e-08, 5.0542e-34
4e-10, 2.8e-08, 4.84361e-34
4e-10, 3.2e-08, 4.63302e-34
4e-10, 3.6e-08, 4.42243e-34
4e-10, 4e-08, 4.21184e-34
4e-10, 4.4e-08, 4.00124e-34
4e-10, 4.8e-08, 3.79065e-34
4e-10, 5.2e-08, 3.58006e-34
4e-10, 5.6e-08, 3.36947e-34
4e-10, 6e-08, 3.15888e-34
4e-10, 6.4e-08, 2.94829e-34
4e-10, 6.8e-08, 2.73769e-34
4e-10, 7.2e-08, 2.5271e-34
4e-10, 7.6e-08, 2.31651e-34
4e-10, 8e-08, 2.10592e-34
4e-10, 8.4e-08, 1.89533e-34
4e-10, 8.8e-08, 1.68473e-34
4e-10, 9.2e-08, 1.47414e-34
4e-10, 9.6e-08, 1.26355e-34
4e-10, 1e-07, 1.05296e-34
4e-10, 1.04e-07, 8.42367e-35
4e-10, 1.08e-07, 6.31776e-35
4e-10, 1.12e-07, 4.21184e-35
4e-10, 1.16e-07, 2.10592e-35
4e-10, 1.2e-07, 2.37744e-43
5e-10, 0, 6.31775e-34
5e-10, 4e-09, 6.10716e-34
5e-10, 8e-09, 5.89657e-34
5e-10, 1.2e-08, 5.68598e-34
5e-10, 1.6e-08, 5.47539e-34
5e-10, 2e-08, 5.2648e-34
5e-10, 2.4e-08, 5.0542e-34
5e-10, 2.8e-08, 4.84361e-34
5e-10, 3.2e-08, 4.63302e-34
5e-10, 3.6e-08, 4.42243e-34
5e-10, 4e-08, 4.21184e-34
5e-10, 4.4e-08, 4.00124e-34
5e-10, 4.8e-08, 3.79065e-34
5e-10, 5.2e-08, 3.58006e-34
5e-10, 5.6e-08, 3.36947e-34
5e-10, 6e-08, 3.15888e-34
5e-10, 6.4e-08, 2.94829e-34
5e-10, 6.8e-08, 2.73769e-34
5e-10, 7.2e-08, 2.5271e-34
5e-10, 7.6e-08, 2.31651e-34
5e-10, 8e-08, 2.10592e-34
5e-10, 8.4e-08, 1.89533e-34
5e-10, 8.8e-08, 1.68473e-34
5e-10, 9.2e-08, 1.47414e-34
5e-10, 9.6e-08, 1.26355e-34
5e-10, 1e-07, 1.05296e-34
5e-10, 1.04e-07, 8.42367e-35
5e-10, 1.08e-07, 6.31776e-35
5e-10, 1.12e-07, 4.21184e-35
5e-10, 1.16e-07, 2.10592e-35
5e-10, 1.2e-07, 2.37744e-43
6e-10, 0, 6.31775e-34
6e-10, 4e-09, 6.10716e-34
6e-10, 8e-09, 5.89657e-34
6e-10, 1.2e-08, 5.68598e-34
6e-10, 1.6e-08, 5.47539e-34
6e-10, 2e-08, 5.2648e-34
6e-10, 2.4e-08, 5.0542e-34
6e-10, 2.8e-08, 4.84361e-34
6e-10, 3.2e-08, 4.63302e-34
6e-10, 3.6e-08, 4.42243e-34
6e-10, 4e-08, 4.21184e-34
6e-10, 4.4e-08, 4.00124e-34
6e-10, 4.8e-08, 3.79065e-34
6e-10, 5.2e-08, 3.58006e-34
6e-10, 5.6e-08, 3.36947e-34
6e-10, 6e-08, 3.15888e-34
6e-10, 6.4e-08, 2.94829e-34
6e-10, 6.8e-08, 2.73769e-34
6e-10, 7.2e-08, 2.5271e-34
6e-10, 7.6e-08, 2.31651e-34
6e-10, 8e-08, 2.10592e-34
6e-10, 8.4e-08, 1.89533e-34
6e-10, 8.8e-08, 1.68473e-34
6e-10, 9.2e-08, 1.47414e-34
6e-10, 9.6e-08, 1.26355e-34
6e-10, 1e-07, 1.05296e-34
6e-10, 1.04e-07, 8.42367e-35
6e-10, 1.08e-07, 6.31776e-35
6e-10, 1.12e-07, 4.21184e-35
6e-10, 1.16e-07, 2.10592e-35
6e-10, 1.2e-07, 2.37744e-43
7e-10, 0, 6.31775e-34
7e-10, 4e-09, 6.10716e-34
7e-10, 8e-09, 5.89657e-34
7e-10, 1.2e-08, 5.68598e-34
7e-10, 1.6e-08, 5.47539e-34
7e-10, 2e-08, 5.2648e-34
7e-10, 2.4e-08, 5.0542e-34
7e-10, 2.8e-08, 4.84361e-34
7e-10, 3.2e-08, 4.63302e-34
7e-10, 3.6e-08, 4.42243e-34
7e-10, 4e-08, 4.21184e-34
7e-10, 4.4e-08, 4.00124e-34
7e-10, 4.8e-08, 3.79065e-34
7e-10, 5.2e-08, 3.58006e-34
7e-10, 5.6e-08, 3.36947e-34
7e-10, 6e-08, 3.15888e-34
7e-10, 6.4e-08, 2.94829e-34
7e-10, 6.8e-08, 2.73769e-34
7e-10, 7.2e-08, 2.5271e-34
7e-10, 7.6e-08, 2.31651e-34
7e-10, 8e-08, 2.10592e-34
7e-10, 8.4e-08, 1.89533e-34
7e-10, 8.8e-08, 1.68473e-34
7e-10, 9.2e-08, 1.47414e-34
7e-10, 9.6e-08, 1.26355e-34
7e-10, 1e-07, 1.05296e-34
7e-10, 1.04e-07, 8.42367e-35
7e-10, 1.08e-07, 6.31776e-35
7e-10, 1.12e-07, 4.21184e-35
7e-10, 1.16e-07, 2.10592e-35
7e-10, 1.2e-07, 2.37744e-43
8e-10, 0, 6.31775e-34
8e-10, 4e-09, 6.10716e-34
8e-10, 8e-09, 5.89657e-34
8e-10, 1.2e-08, 5.68598e-34
8e-10, 1.6e-08, 5.47539e-34
8e-10, 2e-08, 5.2648e-34
8e-10, 2.4e-08, 5.0542e-34
8e-10, 2.8e-08, 4.84361e-34
8e-10, 3.2e-08, 4.63302e-34
8e-10, 3.6e-08, 4.42243e-34
8e-10, 4e-08, 4.21184e-34
8e-10, 4.4e-08, 4.00124e-34
8e-10, 4.8e-08, 3.79065e-34
8e-10, 5.2e-08, 3.58006e-34
8e-10, 5.6e-08, 3.36947e-34
8e-10, 6e-08, 3.15888e-34
8e-10, 6.4e-08, 2.94829e-34
8e-10, 6.8e-08, 2.73769e-34
8e-10, 7.2e-08, 2.5271e-34
8e-10, 7.6e-08, 2.31651e-34
8e-10, 8e-08, 2.10592e-34
8e-10, 8.4e-08, 1.89533e-34
8e-10, 8.8e-08, 1.68473e-34
8e-10, 9.2e-08, 1.47414e-34
8e-10, 9.6e-08, 1.26355e-34
8e-10, 1e-07, 1.05296e-34
8e-10, 1.04e-07, 8.42367e-35
8e-10, 1.08e-07, 6.31776e-35
8e-10, 1.12e-07, 4.21184e-35
8e-10, 1.16e-07, 2.10592e-35
8e-10, 1.2e-07, 2.37744e-43
9e-10, 0, 6.31775e-34
9e-10, 4e-09, 6.10716e-34
9e-10, 8e-09, 5.89657e-34
9e-10, 1.2e-08, 5.68598e-34
9e-10, 1.6e-08, 5.47539e-34
9e-10, 2e-08, 5.2648e-34
9e-10, 2.4e-08, 5.0542e-34
9e-10, 2.8e-08, 4.84361e-34
9e-10, 3.2e-08, 4.63302e-34
9e-10, 3.6e-08, 4.42243e-34
9e-10, 4e-08, 4.21184e-34
9e-10, 4.4e-08, 4.00124e-34
9e-10, 4.8e-08, 3.79065e-34
9e-10, 5.2e-08, 3.58006e-34
9e-10, 5.6e-08, 3.36947e-34
9e-10, 6e-08, 3.15888e-34
9e-10, 6.4e-08, 2.94829e-34
9e-10, 6.8e-08, 2.73769e-34
9e-10, 7.2e-08, 2.5271e-34
9e-10, 7.6e-08, 2.31651e-34
9e-10, 8e-08, 2.10592e-34
9e-10, 8.4e-08, 1.89533e-34
9e-10, 8.8e-08, 1.68473e-34
9e-10, 9.2e-08, 1.47414e-34
9e-10, 9.6e-08, 1.26355e-34
9e-10, 1e-07, 1.05296e-34
9e-10, 1.04e-07, 8.42367e-35
9e-10, 1.08e-07, 6.31776e-35
9e-10, 1.12e-07, 4.21184e-35
9e-10, 1.16e-07, 2.10592e-35
9e-10, 1.2e-07, 2.37744e-43
1e-09, 0, 6.31775e-34
1e-09, 4e-09, 6.10716e-34
1e-09, 8e-09, 5.89657e-34
1e-09, 1.2e-08, 5.68598e-34
1e-09, 1.6e-08, 5.47539e-34
1e-09, 2e-08, 5.2648e-34
1e-09, 2.4e-08, 5.0542e-34
1e-09, 2.8e-08, 4.84361e-34
1e-09, 3.2e-08, 4.63302e-34
1e-09, 3.6e-08, 4.42243e-34
1e-09, 4e-08, 4.21184e-34
1e-09, 4.4e-08, 4.00124e-34
1e-09, 4.8e-08, 3.79065e-34
1e-09, 5.2e-08, 3.58006e-34
1e-09, 5.6e-08, 3.36947e-34
1e-09, 6e-08, 3.15888e-34
1e-09, 6.4e-08, 2.94829e-34
1e-09, 6.8e-08, 2.73769e-34
1e-09, 7.2e-08, 2.5271e-34
1e-09, 7.6e-08, 2.31651e-34
1e-09, 8e-08, 2.10592e-34
1e-09, 8.4e-08, 1.89533e-34
1e-09, 8.8e-08, 1.68473e-34
1e-09, 9.2e-08, 1.47414e-34
1e-09, 9.6e-08, 1.26355e-34
1e-09, 1e-07, 1.05296e-34
1e-09, 1.04e-07, 8.42367e-35
1e-09, 1.08e-07, 6.31776e-35
1e-09, 1.12e-07, 4.21184e-35
1e-09, 1.16e-07, 2.10592e-35
1e-09, 1.2e-07, 2.37744e-43
1.1e-09, 0, 6.31775e-34
1.1e-09, 4e-09, 6.10716e-34
1.1e-09, 8e-09, 5.89657e-34
1.1e-09, 1.2e-08, 5.68598e-34
1.1e-09, 1.6e-08, 5.47539e-34
1.1e-09, 2e-08, 5.2648e-34
1.1e-09, 2.4e-08, 5.0542e-34
1.1e-09, 2.8e-08, 4.84361e-34
1.1e-09, 3.2e-08, 4.63302e-34
1.1e-09, 3.6e-08, 4.42243e-34
1.1e-09, 4e-08, 4.21184e-34
1.1e-09, 4.4e-08, 4.00124e-34
1.1e-09, 4.8e-08, 3.79065e-34
1.1e-09, 5.2e-08, 3.58006e-34
1.1e-09, 5.6e-08, 3.36947e-34
1.1e-09, 6e-08, 3.15888e-34
1.1e-09, 6.4e-08, 2.94829e-34
1.1e-09, 6.8e-08, 2.73769e-34
1.1e-09, 7.2e-08, 2.5271e-34
1.1e-09, 7.6e-08, 2.31651e-34
1.1e-09, 8e-08, 2.10592e-34
1.1e-09, 8.4e-08, 1.89533e-34
1.1e-09, 8.8e-08, 1.68473e-34
1.1e-09, 9.2e-08, 1.47414e-34
1.1e-09, 9.6e-08, 1.26355e-34
1.1e-09, 1e-07, 1.05296e-34
1.1e-09, 1.04e-07, 8.42367e-35
1.1e-09, 1.08e-07, 6.31776e-35
1.1e-09, 1.12e-07, 4.21184e-35
1.1e-09, 1.16e-07, 2.10592e-35
1.1e-09, 1.2e-07, 2.37744e-43
1.2e-09, 0, 6.31775e-34
1.2e-09, 4e-09, 6.10716e-34
1.2e-09, 8e-09, 5.89657e-34
1.2e-09, 1.2e-08, 5.68598e-34
1.2e-09, 1.6e-08, 5.47539e-34
1.2e-09, 2e-08, 5.2648e-34
1.2e-09, 2.4e-08, 5.0542e-34
1.2e-09, 2.8e-08, 4.84361e-34
1.2e-09, 3.2e-08, 4.63302e-34
1.2e-09, 3.6e-08, 4.42243e-34
1.2e-09, 4e-08, 4.21184e-34
1.2e-09, 4.4e-08, 4.00124e-34
1.2e-09, 4.8e-08, 3.79065e-34
1.2e-09, 5.2e-08, 3.58006e-34
1.2e-09, 5.6e-08, 3.36947e-34
1.2e-09, 6e-08, 3.15888e-34
1.2e-09, 6.4e-08, 2.94829e-34
1.2e-09, 6.8e-08, 2.73769e-34
1.2e-09, 7.2e-08, 2.5271e-34
1.2e-09, 7.6e-08, 2.31651e-34
1.2e-09, 8e-08, 2.10592e-34
1.2e-09, 8.4e-08, 1.89533e-34
1.2e-09, 8.8e-08, 1.68473e-34
1.2e-09, 9.2e-08, 1.47414e-34
1.2e-09, 9.6e-08, 1.26355e-34
1.2e-09, 1e-07, 1.05296e-34
1.2e-09, 1.04e-07, 8.42367e-35
1.2e-09, 1.08e-07, 6.31776e-35
1.2e-09, 1.12e-07, 4.21184e-35
1.2e-09, 1.16e-07, 2.10592e-35
1.2e-09, 1.2e-07, 2.37744e-43
1.3e-09, 0, 6.31775e-34
1.3e-09, 4e-09, 6.10716e-34
1.3e-09, 8e-09, 5.89657e-34
1.3e-09, 1.2e-08, 5.68598e-34
1.3e-09, 1.6e-08, 5.47539e-34
1.3e-09, 2e-08, 5.2648e-34
1.3e-09, 2.4e-08, 5.0542e-34
1.3e-09, 2.8e-08, 4.84361e-34
1.3e-09, 3.2e-08, 4.63302e-34
1.3e-09, 3.6e-08, 4.42243e-34
1.3e-09, 4e-08, 4.21184e-34
1.3e-09, 4.4e-08, 4.00124e-34
1.3e-09, 4.8e-08, 3.79065e-34
1.3e-09, 5.2e-08, 3.58006e-34
1.3e-09, 5.6e-08, 3.36947e-34
1.3e-09, 6e-08, 3.15888e-34
1.3e-09, 6.4e-08, 2.94829e-34
1.3e-09, 6.8e-08, 2.73769e-34
1.3e-09, 7.2e-08, 2.5271e-34
1.3e-09, 7.6e-08, 2.31651e-34
1.3e-09, 8e-08, 2.10592e-34
1.3e-09, 8.4e-08, 1.89533e-34
1.3e-09, 8.8e-08, 1.68473e-34
1.3e-09, 9.2e-08, 1.47414e-34
1.3e-09, 9.6e-08, 1.26355e-34
1.3e-09, 1e-07, 1.05296e-34
1.3e-09, 1.04e-07, 8.42367e-35
1.3e-09, 1.08e-07, 6.31776e-35
1.3e-09, 1.12e-07, 4.21184e-35
1.3e-09, 1.16e-07, 2.10592e-35
1.3e-09, 1.2e-07, 2.37744e-43
1.4e-09, 0, 6.31775e-34
1.4e-09, 4e-09, 6.10716e-34
1.4e-09, 8e-09, 5.89657e-34
1.4e-09, 1.2e-08, 5.68598e-34
1.4e-09, 1.6e-08, 5.47539e-34
1.4e-09, 2e-08, 5.2648e-34
1.4e-09, 2.4e-08, 5.0542e-34
1.4e-09, 2.8e-08, 4.84361e-34
1.4e-09, 3.2e-08, 4.63302e-34
1.4e-09, 3.6e-08, 4.42243e-34
1.4e-09, 4e-08, 4.21184e-34
1.4e-09, 4.4e-08, 4.00124e-34
1.4e-09, 4.8e-08, 3.79065e-34
1.4e-09, 5.2e-08, 3.58006e-34
1.4e-09, 5.6e-08, 3.36947e-34
1.4e-09, 6e-08, 3.15888e-34
1.4e-09, 6.4e-08, 2.94829e-34
1.4e-09, 6.8e-08, 2.73769e-34
1.4e-09, 7.2e-08, 2.5271e-34
1.4e-09, 7.6e-08, 2.31651e-34
1.4e-09, 8e-08, 2.10592e-34
1.4e-09, 8.4e-08, 1.89533e-34
1.4e-09, 8.8e-08, 1.68473e-34
1.4e-09, 9.2e-08, 1.47414e-34
1.4e-09, 9.6e-08, 1.26355e-34
1.4e-09, 1e-07, 1.05296e-34
1.4e-09, 1.04e-07, 8.42367e-35
1.4e-09, 1.08e-07, 6.31776e-35
1.4e-09, 1.12e-07, 4.21184e-35
1.4e-09, 1.16e-07, 2.10592e-35
1.4e-09, 1.2e-07, 2.37744e-43
1.5e-09, 0, 6.31775e-34
1.5e-09, 4e-09, 6.10716e-34
1.5e-09, 8e-09, 5.89657e-34
1.5e-09, 1.2e-08, 5.68598e-34
1.5e-09, 1.6e-08, 5.47539e-34
1.5e-09, 2e-08, 5.2648e-34
1.5e-09, 2.4e-08, 5.0542e-34
1.5e-09, 2.8e-08, 4.84361e-34
1.5e-09, 3.2e-08, 4.63302e-34
1.5e-09, 3.6e-08, 4.42243e-34
1.5e-09, 4e-08, 4.21184e-34
1.5e-09, 4.4e-08, 4.00124e-34
1.5e-09, 4.8e-08, 3.79065e-34
1.5e-09, 5.2e-08, 3.58006e-34
1.5e-09, 5.6e-08, 3.36947e-34
1.5e-09, 6e-08, 3.15888e-34
1.5e-09, 6.4e-08, 2.94829e-34
1.5e-09, 6.8e-08, 2.73769e-34
1.5e-09, 7.2e-08, 2.5271e-34
1.5e-09, 7.6e-08, 2.31651e-34
1.5e-09, 8e-08, 2.10592e-34
1.5e-09, 8.4e-08, 1.89533e-34
1.5e-09, 8.8e-08, 1.68473e-34
1.5e-09, 9.2e-08, 1.47414e-34
1.5e-09, 9.6e-08, 1.26355e-34
1.5e-09, 1e-07, 1.05296e-34
1.5e-09, 1.04e-07, 8.42367e-35
1.5e-09, 1.08e-07, 6.31776e-35
1.5e-09, 1.12e-07, 4.21184e-35
1.5e-09, 1.16e-07, 2.10592e-35
1.5e-09, 1.2e-07, 2.37744e-43
1.6e-09, 0, 6.31775e-34
1.6e-09, 4e-09, 6.10716e-34
1.6e-09, 8e-09, 5.89657e-34
1.6e-09, 1.2e-08, 5.68598e-34
1.6e-09, 1.6e-08, 5.47539e-34
1.6e-09, 2e-08, 5.2648e-34
1.6e-09, 2.4e-08, 5.0542e-34
1.6e-09, 2.8e-08, 4.84361e-34
1.6e-09, 3.2e-08, 4.63302e-34
1.6e-09, 3.6e-08, 4.42243e-34
1.6e-09, 4e-08, 4.21184e-34
1.6e-09, 4.4e-08, 4.00124e-34
1.6e-09, 4.8e-08, 3.79065e-34
1.6e-09, 5.2e-08, 3.58006e-34
1.6e-09, 5.6e-08, 3.36947e-34
1.6e-09, 6e-08, 3.15888e-34
1.6e-09, 6.4e-08, 2.94829e-34
1.6e-09, 6.8e-08, 2.73769e-34
1.6e-09, 7.2e-08, 2.5271e-34
1.6e-09, 7.6e-08, 2.31651e-34
1.6e-09, 8e-08, 2.10592e-34
1.6e-09, 8.4e-08, 1.89533e-34
1.6e-09, 8.8e-08, 1.68473e-34
1.6e-09, 9.2e-08, 1.47414e-34
1.6e-09, 9.6e-08, 1.26355e-34
1.6e-09, 1e-07, 1.05296e-34
1.6e-09, 1.04e-07, 8.42367e-35
1.6e-09, 1.08e-07, 6.31776e-35
1.6e-09, 1.12e-07, 4.21184e-35
1.6e-09, 1.16e-07, 2.10592e-35
1.6e-09, 1.2e-07, 2.37744e-43
1.7e-09, 0, 6.31775e-34
1.7e-09, 4e-09, 6.10716e-34
1.7e-09, 8e-09, 5.89657e-34
1.7e-09, 1.2e-08, 5.68598e-34
1.7e-09, 1.6e-08, 5.47539e-34
1.7e-09, 2e-08, 5.2648e-34
1.7e-09, 2.4e-08, 5.0542e-34
1.7e-09, 2.8e-08, 4.84361e-34
1.7e-09, 3.2e-08, 4.63302e-34
1.7e-09, 3.6e-08, 4.42243e-34
1.7e-09, 4e-08, 4.21184e-34
1.7e-09, 4.4e-08, 4.00124e-34
1.7e-09, 4.8e-08, 3.79065e-34
1.7e-09, 5.2e-08, 3.58006e-34
1.7e-09, 5.6e-08, 3.36947e-34
1.7e-09, 6e-08, 3.15888e-34
1.7e-09, 6.4e-08, 2.94829e-34
1.7e-09, 6.8e-08, 2.73769e-34
1.7e-09, 7.2e-08, 2.5271e-34
1.7e-09, 7.6e-08, 2.31651e-34
1.7e-09, 8e-08, 2.10592e-34
1.7e-09, 8.4e-08, 1.89533e-34
1.7e-09, 8.8e-08, 1.68473e-34
1.7e-09, 9.2e-08, 1.47414e-34
1.7e-09, 9.6e-08, 1.26355e-34
1.7e-09, 1e-07, 1.05296e-34
1.7e-09, 1.04e-07, 8.42367e-35
1.7e-09, 1.08e-07, 6.31776e-35
1.7e-09, 1.12e-07, 4.21184e-35
1.7e-09, 1.16e-07, 2.10592e-35
1.7e-09, 1.2e-07, 2.37744e-43
1.8e-09, 0, 6.31775e-34
1.8e-09, 4e-09, 6.10716e-34
1.8e-09, 8e-09, 5.89657e-34
1.8e-09, 1.2e-08, 5.68598e-34
1.8e-09, 1.6e-08, 5.47539e-34
1.8e-09, 2e-08, 5.2648e-34
1.8e-09, 2.4e-08, 5.0542e-34
1.8e-09, 2.8e-08, 4.84361e-34
1.8e-09, 3.2e-08, 4.63302e-34
1.8e-09, 3.6e-08, 4.42243e-34
1.8e-09, 4e-08, 4.21184e-34
1.8e-09, 4.4e-08, 4.00124e-34
1.8e-09, 4.8e-08, 3.79065e-34
1.8e-09, 5.2e-08, 3.58006e-34
1.8e-09, 5.6e-08, 3.36947e-34
1.8e-09, 6e-08, 3.15888e-34
1.8e-09, 6.4e-08, 2.94829e-34
1.8e-09, 6.8e-08, 2.73769e-34
1.8e-09, 7.2e-08, 2.5271e-34
1.8e-09, 7.6e-08, 2.31651e-34
1.8e-09, 8e-08, 2.10592e-34
1.8e-09, 8.4e-08, 1.89533e-34
1.8e-09, 8.8e-08, 1.68473e-34
1.8e-09, 9.2e-08, 1.47414e-34
1.8e-09, 9.6e-08, 1.26355e-34
1.8e-09, 1e-07, 1.05296e-34
1.8e-09, 1.04e-07, 8.42367e-35
1.8e-09, 1.08e-07, 6.31776e-35
1.8e-09, 1.12e-07, 4.21184e-35
1.8e-09, 1.16e-07, 2.10592e-35
1.8e-09, 1.2e-07, 2.37744e-43
1.9e-09, 0, 6.31775e-34
1.9e-09, 4e-09, 6.10716e-34
1.9e-09, 8e-09, 5.89657e-34
1.9e-09, 1.2e-08, 5.68598e-34
1.9e-09, 1.6e-08, 5.47539e-34
1.9e-09, 2e-08, 5.2648e-34
1.9e-09, 2.4e-08, 5.0542e-34
1.9e-09, 2.8e-08, 4.84361e-34
1.9e-09, 3.2e-08, 4.63302e-34
1.9e-09, 3.6e-08, 4.42243e-34
1.9e-09, 4e-08, 4.21184e-34
1.9e-09, 4.4e-08, 4.00124e-34
1.9e-09, 4.8e-08, 3.79065e-34
1.9e-09, 5.2e-08, 3.58006e-34
1.9e-09, 5.6e-08, 3.36947e-34
1.9e-09, 6e-08, 3.15888e-34
1.9e-09, 6.4e-08, 2.94829e-34
1.9e-09, 6.8e-08, 2.73769e-34
1.9e-09, 7.2e-08, 2.5271e-34
1.9e-09, 7.6e-08, 2.31651e-34
1.9e-09, 8e-08, 2.10592e-34
1.9e-09, 8.4e-08, 1.89533e-34
1.9e-09, 8.8e-08, 1.68473e-34
1.9e-09, 9.2e-08, 1.47414e-34
1.9e-09, 9.6e-08, 1.26355e-34
1.9e-09, 1e-07, 1.05296e-34
1.9e-09, 1.04e-07, 8.42367e-35
1.9e-09, 1.08e-07, 6.31776e-35
1.9e-09, 1.12e-07, 4.21184e-35
1.9e-09, 1.16e-07, 2.10592e-35
1.9e-09, 1.2e-07, 2.37744e-43
2e-09, 0, 6.31775e-34
2e-09, 4e-09, 6.10716e-34
2e-09, 8e-09, 5.89657e-34
2e-09, 1.2e-08, 5.68598e-34
2e-09, 1.6e-08, 5.47539e-34
2e-09, 2e-08, 5.2648e-34
2e-09, 2.4e-08, 5.0542e-34
2e-09, 2.8e-08, 4.84361e-34
2e-09, 3.2e-08, 4.63302e-34
2e-09, 3.6e-08, 4.42243e-34
2e-09, 4e-08, 4.21184e-34
2e-09, 4.4e-08, 4.00124e-34
2e-09, 4.8e-08, 3.79065e-34
2e-09, 5.2e-08, 3.58006e-34
2e-09, 5.6e-08, 3.36947e-34
2e-09, 6e-08, 3.15888e-34
2e-09, 6.4e-08, 2.94829e-34
2e-09, 6.8e-08, 2.73769e-34
2e-09, 7.2e-08, 2.5271e-34
2e-09, 7.6e-08, 2.31651e-34
2e-09, 8e-08, 2.10592e-34
2e-09, 8.4e-08, 1.89533e-34
2e-09, 8.8e-08, 1.68473e-34
2e-09, 9.2e-08, 1.47414e-34
2e-09, 9.6e-08, 1.26355e-34
2e-09, 1e-07, 1.05296e-34
2e-09, 1.04e-07, 8.42367e-35
2e-09, 1.08e-07, 6.31776e-35
2e-09, 1.12e-07, 4.21184e-35
2e-09, 1.16e-07, 2.10592e-35
2e-09, 1.2e-07, 2.37744e-43
2.1e-09, 0, 6.31775e-34
2.1e-09, 4e-09, 6.10716e-34
2.1e-09, 8e-09, 5.89657e-34
2.1e-09, 1.2e-08, 5.68598e-34
2.1e-09, 1.6e-08, 5.47539e-34
2.1e-09, 2e-08, 5.2648e-34
2.1e-09, 2.4e-08, 5.0542e-34
2.1e-09, 2.8e-08, 4.84361e-34
2.1e-09, 3.2e-08, 4.63302e-34
2.1e-09, 3.6e-08, 4.42243e-34
2.1e-09, 4e-08, 4.21184e-34
2.1e-09, 4.4e-08, 4.00124e-34
2.1e-09, 4.8e-08, 3.79065e-34
2.1e-09, 5.2e-08, 3.58006e-34
2.1e-09, 5.6e-08, 3.36947e-34
2.1e-09, 6e-08, 3.15888e-34
2.1e-09, 6.4e-08, 2.94829e-34
2.1e-09, 6.8e-08, 2.73769e-34
2.1e-09, 7.2e-08, 2.5271e-34
2.1e-09, 7.6e-08, 2.31651e-34
2.1e-09, 8e-08, 2.10592e-34
2.1e-09, 8.4e-08, 1.89533e-34
2.1e-09, 8.8e-08, 1.68473e-34
2.1e-09, 9.2e-08, 1.47414e-34
2.1e-09, 9.6e-08, 1.26355e-34
2.1e-09, 1e-07, 1.05296e-34
2.1e-09, 1.04e-07, 8.42367e-35
2.1e-09, 1.08e-07, 6.31776e-35
2.1e-09, 1.12e-07, 4.21184e-35
2.1e-09, 1.16e-07, 2.10592e-35
2.1e-09, 1.2e-07, 2.37744e-43
2.2e-09, 0, 6.31775e-34
2.2e-09, 4e-09, 6.10716e-34
2.2e-09, 8e-09, 5.89657e-34
2.2e-09, 1.2e-08, 5.68598e-34
2.2e-09, 1.6e-08, 5.47539e-34
2.2e-09, 2e-08, 5.2648e-34
2.2e-09, 2.4e-08, 5.0542e-34
2.2e-09, 2.8e-08, 4.84361e-34
2.2e-09, 3.2e-08, 4.63302e-34
2.2e-09, 3.6e-08, 4.42243e-34
2.2e-09, 4e-08, 4.21184e-34
2.2e-09, 4.4e-08, 4.00124e-34
2.2e-09, 4.8e-08, 3.79065e-34
2.2e-09, 5.2e-08, 3.58006e-34
2.2e-09, 5.6e-08, 3.36947e-34
2.2e-09, 6e-08, 3.15888e-34
2.2e-09, 6.4e-08, 2.94829e-34
2.2e-09, 6.8e-08, 2.73769e-34
2.2e-09, 7.2e-08, 2.5271e-34
2.2e-09, 7.6e-08, 2.31651e-34
2.2e-09, 8e-08, 2.10592e-34
2.2e-09, 8.4e-08, 1.89533e-34
2.2e-09, 8.8e-08, 1.68473e-34
2.2e-09, 9.2e-08, 1.47414e-34
2.2e-09, 9.6e-08, 1.26355e-34
2.2e-09, 1e-07, 1.05296e-34
2.2e-09, 1.04e-07, 8.42367e-35
2.2e-09, 1.08e-07, 6.31776e-35
2.2e-09, 1.12e-07, 4.21184e-35
2.2e-09, 1.16e-07, 2.10592e-35
2.2e-09, 1.2e-07, 2.37744e-43
2.3e-09, 0, 6.31775e-34
2.3e-09, 4e-09, 6.10716e-34
2.3e-09, 8e-09, 5.89657e-34
2.3e-09, 1.2e-08, 5.68598e-34
2.3e-09, 1.6e-08, 5.47539e-34
2.3e-09, 2e-08, 5.2648e-34
2.3e-09, 2.4e-08, 5.0542e-34
2.3e-09, 2.8e-08, 4.84361e-34
2.3e-09, 3.2e-08, 4.63302e-34
2.3e-09, 3.6e-08, 4.42243e-34
2.3e-09, 4e-08, 4.21184e-34
2.3e-09, 4.4e-08, 4.00124e-34
2.3e-09, 4.8e-08, 3.79065e-34
2.3e-09, 5.2e-08, 3.58006e-34
2.3e-09, 5.6e-08, 3.36947e-34
2.3e-09, 6e-08, 3.15888e-34
2.3e-09, 6.4e-08, 2.94829e-34
2.3e-09, 6.8e-08, 2.73769e-34
2.3e-09, 7.2e-08, 2.5271e-34
2.3e-09, 7.6e-08, 2.31651e-34
2.3e-09, 8e-08, 2.10592e-34
2.3e-09, 8.4e-08, 1.89533e-34
2.3e-09, 8.8e-08, 1.68473e-34
2.3e-09, 9.2e-08, 1.47414e-34
2.3e-09, 9.6e-08, 1.26355e-34
2.3e-09, 1e-07, 1.05296e-34
2.3e-09, 1.04e-07, 8.42367e-35
2.3e-09, 1.08e-07, 6.31776e-35
2.3e-09, 1.12e-07, 4.21184e-35
2.3e-09, 1.16e-07, 2.10592e-35
2.3e-09, 1.2e-07, 2.37744e-43
2.4e-09, 0, 6.31775e-34
2.4e-09, 4e-09, 6.10716e-34
2.4e-09, 8e-09, 5.89657e-34
2.4e-09, 1.2e-08, 5.68598e-34
2.4e-09, 1.6e-08, 5.47539e-34
2.4e-09, 2e-08, 5.2648e-34
2.4e-09, 2.4e-08, 5.0542e-34
2.4e-09, 2.8e-08, 4.84361e-34
2.4e-09, 3.2e-08, 4.63302e-34
2.4e-09, 3.6e-08, 4.42243e-34
2.4e-09, 4e-08, 4.21184e-34
2.4e-09, 4.4e-08, 4.00124e-34
2.4e-09, 4.8e-08, 3.79065e-34
2.4e-09, 5.2e-08, 3.58006e-34
2.4e-09, 5.6e-08, 3.36947e-34
2.4e-09, 6e-08, 3.15888e-34
2.4e-09, 6.4e-08, 2.94829e-34
2.4e-09, 6.8e-08, 2.73769e-34
2.4e-09, 7.2e-08, 2.5271e-34
2.4e-09, 7.6e-08, 2.31651e-34
2.4e-09, 8e-08, 2.10592e-34
2.4e-09, 8.4e-08, 1.89533e-34
2.4e-09, 8.8e-08, 1.68473e-34
2.4e-09, 9.2e-08, 1.47414e-34
2.4e-09, 9.6e-08, 1.26355e-34
2.4e-09, 1e-07, 1.05296e-34
2.4e-09, 1.04e-07, 8.42367e-35
2.4e-09, 1.08e-07, 6.31776e-35
2.4e-09, 1.12e-07, 4.21184e-35
2.4e-09, 1.16e-07, 2.10592e-35
2.4e-09, 1.2e-07, 2.37744e-43
2.5e-09, 0, 6.31775e-34
2.5e-09, 4e-09, 6.10716e-34
2.5e-09, 8e-09, 5.89657e-34
2.5e-09, 1.2e-08, 5.68598e-34
2.5e-09, 1.6e-08, 5.47539e-34
2.5e-09, 2e-08, 5.2648e-34
2.5e-09, 2.4e-08, 5.0542e-34
2.5e-09, 2.8e-08, 4.84361e-34
2.5e-09, 3.2e-08, 4.63302e-34
2.5e-09, 3.6e-08, 4.42243e-34
2.5e-09, 4e-08, 4.21184e-34
2.5e-09, 4.4e-08, 4.00124e-34
2.5e-09, 4.8e-08, 3.79065e-34
2.5e-09, 5.2e-08, 3.58006e-34
2.5e-09, 5.6e-08, 3.36947e-34
2.5e-09, 6e-08, 3.15888e-34
2.5e-09, 6.4e-08, 2.94829e-34
2.5e-09, 6.8e-08, 2.73769e-34
2.5e-09, 7.2e-08, 2.5271e-34
2.5e-09, 7.6e-08, 2.31651e-34
2.5e-09, 8e-08, 2.10592e-34
2.5e-09, 8.4e-08, 1.89533e-34
2.5e-09, 8.8e-08, 1.68473e-34
2.5e-09, 9.2e-08, 1.47414e-34
2.5e-09, 9.6e-08, 1.26355e-34
2.5e-09, 1e-07, 1.05296e-34
2.5e-09, 1.04e-07, 8.42367e-35
2.5e-09, 1.08e-07, 6.31776e-35
2.5e-09, 1.12e-07, 4.21184e-35
2.5e-09, 1.16e-07, 2.10592e-35
2.5e-09, 1.2e-07, 2.37744e-43
2.6e-09, 0, 6.31775e-34
2.6e-09, 4e-09, 6.10716e-34
2.6e-09, 8e-09, 5.89657e-34
2.6e-09, 1.2e-08, 5.68598e-34
2.6e-09, 1.6e-08, 5.47539e-34
2.6e-09, 2e-08, 5.2648e-34
2.6e-09, 2.4e-08, 5.0542e-34
2.6e-09, 2.8e-08, 4.84361e-34
2.6e-09, 3.2e-08, 4.63302e-34
2.6e-09, 3.6e-08, 4.42243e-34
2.6e-09, 4e-08, 4.21184e-34
2.6e-09, 4.4e-08, 4.00124e-34
2.6e-09, 4.8e-08, 3.79065e-34
2.6e-09, 5.2e-08, 3.58006e-34
2.6e-09, 5.6e-08, 3.36947e-34
2.6e-09, 6e-08, 3.15888e-34
2.6e-09, 6.4e-08, 2.94829e-34
2.6e-09, 6.8e-08, 2.73769e-34
2.6e-09, 7.2e-08, 2.5271e-34
2.6e-09, 7.6e-08, 2.31651e-34
2.6e-09, 8e-08, 2.10592e-34
2.6e-09, 8.4e-08, 1.89533e-34
2.6e-09, 8.8e-08, 1.68473e-34
2.6e-09, 9.2e-08, 1.47414e-34
2.6e-09, 9.6e-08, 1.26355e-34
2.6e-09, 1e-07, 1.05296e-34
2.6e-09, 1.04e-07, 8.42367e-35
2.6e-09, 1.08e-07, 6.31776e-35
2.6e-09, 1.12e-07, 4.21184e-35
2.6e-09, 1.16e-07, 2.10592e-35
2.6e-09, 1.2e-07, 2.37744e-43
2.7e-09, 0, 6.31775e-34
2.7e-09, 4e-09, 6.10716e-34
2.7e-09, 8e-09, 5.89657e-34
2.7e-09, 1.2e-08, 5.68598e-34
2.7e-09, 1.6e-08, 5.47539e-34
2.7e-09, 2e-08, 5.2648e-34
2.7e-09, 2.4e-08, 5.0542e-34
2.7e-09, 2.8e-08, 4.84361e-34
2.7e-09, 3.2e-08, 4.63302e-34
2.7e-09, 3.6e-08, 4.42243e-34
2.7e-09, 4e-08, 4.21184e-34
2.7e-09, 4.4e-08, 4.00124e-34
2.7e-09, 4.8e-08, 3.79065e-34
2.7e-09, 5.2e-08, 3.58006e-34
2.7e-09, 5.6e-08, 3.36947e-34
2.7e-09, 6e-08, 3.15888e-34
2.7e-09, 6.4e-08, 2.94829e-34
2.7e-09, 6.8e-08, 2.73769e-34
2.7e-09, 7.2e-08, 2.5271e-34
2.7e-09, 7.6e-08, 2.31651e-34
2.7e-09, 8e-08, 2.10592e-34
2.7e-09, 8.4e-08, 1.89533e-34
2.7e-09, 8.8e-08, 1.68473e-34
2.7e-09, 9.2e-08, 1.47414e-34
2.7e-09, 9.6e-08, 1.26355e-34
2.7e-09, 1e-07, 1.05296e-34
2.7e-09, 1.04e-07, 8.42367e-35
2.7e-09, 1.08e-07, 6.31776e-35
2.7e-09, 1.12e-07, 4.21184e-35
2.7e-09, 1.16e-07, 2.10592e-35
2.7e-09, 1.2e-07, 2.37744e-43
2.8e-09, 0, 6.31775e-34
2.8e-09, 4e-09, 6.10716e-34
2.8e-09, 8e-09, 5.89657e-34
2.8e-09, 1.2e-08, 5.68598e-34
2.8e-09, 1.6e-08, 5.47539e-34
2.8e-09, 2e-08, 5.2648e-34
2.8e-09, 2.4e-08, 5.0542e-34
2.8e-09, 2.8e-08, 4.84361e-34
2.8e-09, 3.2e-08, 4.63302e-34
2.8e-09, 3.6e-08, 4.42243e-34
2.8e-09, 4e-08, 4.21184e-34
2.8e-09, 4.4e-08, 4.00124e-34
2.8e-09, 4.8e-08, 3.79065e-34
2.8e-09, 5.2e-08, 3.58006e-34
2.8e-09, 5.6e-08, 3.36947e-34
2.8e-09, 6e-08, 3.15888e-34
2.8e-09, 6.4e-08, 2.94829e-34
2.8e-09, 6.8e-08, 2.73769e-34
2.8e-09, 7.2e-08, 2.5271e-34
2.8e-09, 7.6e-08, 2.31651e-34
2.8e-09, 8e-08, 2.10592e-34
2.8e-09, 8.4e-08, 1.89533e-34
2.8e-09, 8.8e-08, 1.68473e-34
2.8e-09, 9.2e-08, 1.47414e-34
2.8e-09, 9.6e-08, 1.26355e-34
2.8e-09, 1e-07, 1.05296e-34
2.8e-09, 1.04e-07, 8.42367e-35
2.8e-09, 1.08e-07, 6.31776e-35
2.8e-09, 1.12e-07, 4.21184e-35
2.8e-09, 1.16e-07, 2.10592e-35
2.8e-09, 1.2e-07, 2.37744e-43
2.9e-09, 0, 6.31775e-34
2.9e-09, 4e-09, 6.10716e-34
2.9e-09, 8e-09, 5.89657e-34
2.9e-09, 1.2e-08, 5.68598e-34
2.9e-09, 1.6e-08, 5.47539e-34
2.9e-09, 2e-08, 5.2648e-34
2.9e-09, 2.4e-08, 5.0542e-34
2.9e-09, 2.8e-08, 4.84361e-34
2.9e-09, 3.2e-08, 4.63302e-34
2.9e-09, 3.6e-08, 4.42243e-34
2.9e-09, 4e-08, 4.21184e-34
2.9e-09, 4.4e-08, 4.00124e-34
2.9e-09, 4.8e-08, 3.79065e-34
2.9e-09, 5.2e-08, 3.58006e-34
2.9e-09, 5.6e-08, 3.36947e-34
2.9e-09, 6e-08, 3.15888e-34
2.9e-09, 6.4e-08, 2.94829e-34
2.9e-09, 6.8e-08, 2.73769e-34
2.9e-09, 7.2e-08, 2.5271e-34
2.9e-09, 7.6e-08, 2.31651e-34
2.9e-09, 8e-08, 2.10592e-34
2.9e-09, 8.4e-08, 1.89533e-34
2.9e-09, 8.8e-08, 1.68473e-34
2.9e-09, 9.2e-08, 1.47414e-34
2.9e-09, 9.6e-08, 1.26355e-34
2.9e-09, 1e-07, 1.05296e-34
2.9e-09, 1.04e-07, 8.42367e-35
2.9e-09, 1.08e-07, 6.31776e-35
2.9e-09, 1.12e-07, 4.21184e-35
2.9e-09, 1.16e-07, 2.10592e-35
2.9e-09, 1.2e-07, 2.37744e-43
3e-09, 0, 6.31775e-34
3e-09, 4e-09, 6.10716e-34
3e-09, 8e-09, 5.89657e-34
3e-09, 1.2e-08, 5.68598e-34
3e-09, 1.6e-08, 5.47539e-34
3e-09, 2e-08, 5.2648e-34
3e-09, 2.4e-08, 5.0542e-34
3e-09, 2.8e-08, 4.84361e-34
3e-09, 3.2e-08, 4.63302e-34
3e-09, 3.6e-08, 4.42243e-34
3e-09, 4e-08, 4.21184e-34
3e-09, 4.4e-08, 4.00124e-34
3e-09, 4.8e-08, 3.79065e-34
3e-09, 5.2e-08, 3.58006e-34
3e-09, 5.6e-08, 3.36947e-34
3e-09, 6e-08, 3.15888e-34
3e-09, 6.4e-08, 2.94829e-34
3e-09, 6.8e-08, 2.73769e-34
3e-09, 7.2e-08, 2.5271e-34
3e-09, 7.6e-08, 2.31651e-34
3e-09, 8e-08, 2.10592e-34
3e-09, 8.4e-08, 1.89533e-34
3e-09, 8.8e-08, 1.68473e-34
3e-09, 9.2e-08, 1.47414e-34
3e-09, 9.6e-08, 1.26355e-34
3e-09, 1e-07, 1.05296e-34
3e-09, 1.04e-07, 8.42367e-35
3e-09, 1.08e-07, 6.31776e-35
3e-09, 1.12e-07, 4.21184e-35
3e-09, 1.16e-07, 2.10592e-35
3e-09, 1.2e-07, 2.37744e-43
3.1e-09, 0, 6.31775e-34
3.1e-09, 4e-09, 6.10716e-34
3.1e-09, 8e-09, 5.89657e-34
3.1e-09, 1.2e-08, 5.68598e-34
3.1e-09, 1.6e-08, 5.47539e-34
3.1e-09, 2e-08, 5.2648e-34
3.1e-09, 2.4e-08, 5.0542e-34
3.1e-09, 2.8e-08, 4.84361e-34
3.1e-09, 3.2e-08, 4.63302e-34
3.1e-09, 3.6e-08, 4.42243e-34
3.1e-09, 4e-08, 4.21184e-34
3.1e-09, 4.4e-08, 4.00124e-34
3.1e-09, 4.8e-08, 3.79065e-34
3.1e-09, 5.2e-08, 3.58006e-34
3.1e-09, 5.6e-08, 3.36947e-34
3.1e-09, 6e-08, 3.15888e-34
3.1e-09, 6.4e-08, 2.94829e-34
3.1e-09, 6.8e-08, 2.73769e-34
3.1e-09, 7.2e-08, 2.5271e-34
3.1e-09, 7.6e-08, 2.31651e-34
3.1e-09, 8e-08, 2.10592e-34
3.1e-09, 8.4e-08, 1.89533e-34
3.1e-09, 8.8e-08, 1.68473e-34
3.1e-09, 9.2e-08, 1.47414e-34
3.1e-09, 9.6e-08, 1.26355e-34
3.1e-09, 1e-07, 1.05296e-34
3.1e-09, 1.04e-07, 8.42367e-35
3.1e-09, 1.08e-07, 6.31776e-35
3.1e-09, 1.12e-07, 4.21184e-35
3.1e-09, 1.16e-07, 2.10592e-35
3.1e-09, 1.2e-07, 2.37744e-43
3.2e-09, 0, 6.31775e-34
3.2e-09, 4e-09, 6.10716e-34
3.2e-09, 8e-09, 5.89657e-34
3.2e-09, 1.2e-08, 5.68598e-34
3.2e-09, 1.6e-08, 5.47539e-34
3.2e-09, 2e-08, 5.2648e-34
3.2e-09, 2.4e-08, 5.0542e-34
3.2e-09, 2.8e-08, 4.84361e-34
3.2e-09, 3.2e-08, 4.63302e-34
3.2e-09, 3.6e-08, 4.42243e-34
3.2e-09, 4e-08, 4.21184e-34
3.2e-09, 4.4e-08, 4.00124e-34
3.2e-09, 4.8e-08, 3.79065e-34
3.2e-09, 5.2e-08, 3.58006e-34
3.2e-09, 5.6e-08, 3.36947e-34
3.2e-09, 6e-08, 3.15888e-34
3.2e-09, 6.4e-08, 2.94829e-34
3.2e-09, 6.8e-08, 2.73769e-34
3.2e-09, 7.2e-08, 2.5271e-34
3.2e-09, 7.6e-08, 2.31651e-34
3.2e-09, 8e-08, 2.10592e-34
3.2e-09, 8.4e-08, 1.89533e-34
3.2e-09, 8.8e-08, 1.68473e-34
3.2e-09, 9.2e-08, 1.47414e-34
3.2e-09, 9.6e-08, 1.26355e-34
3.2e-09, 1e-07, 1.05296e-34
3.2e-09, 1.04e-07, 8.42367e-35
3.2e-09, 1.08e-07, 6.31776e-35
3.2e-09, 1.12e-07, 4.21184e-35
3.2e-09, 1.16e-07, 2.10592e-35
3.2e-09, 1.2e-07, 2.37744e-43
3.3e-09, 0, 6.31775e-34
3.3e-09, 4e-09, 6.10716e-34
3.3e-09, 8e-09, 5.89657e-34
3.3e-09, 1.2e-08, 5.68598e-34
3.3e-09, 1.6e-08, 5.47539e-34
3.3e-09, 2e-08, 5.2648e-34
3.3e-09, 2.4e-08, 5.0542e-34
3.3e-09, 2.8e-08, 4.84361e-34
3.3e-09, 3.2e-08, 4.63302e-34
3.3e-09, 3.6e-08, 4.42243e-34
3.3e-09, 4e-08, 4.21184e-34
3.3e-09, 4.4e-08, 4.00124e-34
3.3e-09, 4.8e-08, 3.79065e-34
3.3e-09, 5.2e-08, 3.58006e-34
3.3e-09, 5.6e-08, 3.36947e-34
3.3e-09, 6e-08, 3.15888e-34
3.3e-09, 6.4e-08, 2.94829e-34
3.3e-09, 6.8e-08, 2.73769e-34
3.3e-09, 7.2e-08, 2.5271e-34
3.3e-09, 7.6e-08, 2.31651e-34
3.3e-09, 8e-08, 2.10592e-34
3.3e-09, 8.4e-08, 1.89533e-34
3.3e-09, 8.8e-08, 1.68473e-34
3.3e-09, 9.2e-08, 1.47414e-34
3.3e-09, 9.6e-08, 1.26355e-34
3.3e-09, 1e-07, 1.05296e-34
3.3e-09, 1.04e-07, 8.42367e-35
3.3e-09, 1.08e-07, 6.31776e-35
3.3e-09, 1.12e-07, 4.21184e-35
3.3e-09, 1.16e-07, 2.10592e-35
3.3e-09, 1.2e-07, 2.37744e-43
3.4e-09, 0, 6.31775e-34
3.4e-09, 4e-09, 6.10716e-34
3.4e-09, 8e-09, 5.89657e-34
3.4e-09, 1.2e-08, 5.68598e-34
3.4e-09, 1.6e-08, 5.47539e-34
3.4e-09, 2e-08, 5.2648e-34
3.4e-09, 2.4e-08, 5.0542e-34
3.4e-09, 2.8e-08, 4.84361e-34
3.4e-09, 3.2e-08, 4.63302e-34
3.4e-09, 3.6e-08, 4.42243e-34
3.4e-09, 4e-08, 4.21184e-34
3.4e-09, 4.4e-08, 4.00124e-34
3.4e-09, 4.8e-08, 3.79065e-34
3.4e-09, 5.2e-08, 3.58006e-34
3.4e-09, 5.6e-08, 3.36947e-34
3.4e-09, 6e-08, 3.15888e-34
3.4e-09, 6.4e-08, 2.94829e-34
3.4e-09, 6.8e-08, 2.73769e-34
3.4e-09, 7.2e-08, 2.5271e-34
3.4e-09, 7.6e-08, 2.31651e-34
3.4e-09, 8e-08, 2.10592e-34
3.4e-09, 8.4e-08, 1.89533e-34
3.4e-09, 8.8e-08, 1.68473e-34
3.4e-09, 9.2e-08, 1.47414e-34
3.4e-09, 9.6e-08, 1.26355e-34
3.4e-09, 1e-07, 1.05296e-34
3.4e-09, 1.04e-07, 8.42367e-35
3.4e-09, 1.08e-07, 6.31776e-35
3.4e-09, 1.12e-07, 4.21184e-35
3.4e-09, 1.16e-07, 2.10592e-35
3.4e-09, 1.2e-07, 2.37744e-43
3.5e-09, 0, 6.31775e-34
3.5e-09, 4e-09, 6.10716e-34
3.5e-09, 8e-09, 5.89657e-34
3.5e-09, 1.2e-08, 5.68598e-34
3.5e-09, 1.6e-08, 5.47539e-34
3.5e-09, 2e-08, 5.2648e-34
3.5e-09, 2.4e-08, 5.0542e-34
3.5e-09, 2.8e-08, 4.84361e-34
3.5e-09, 3.2e-08, 4.63302e-34
3.5e-09, 3.6e-08, 4.42243e-34
3.5e-09, 4e-08, 4.21184e-34
3.5e-09, 4.4e-08, 4.00124e-34
3.5e-09, 4.8e-08, 3.79065e-34
3.5e-09, 5.2e-08, 3.58006e-34
3.5e-09, 5.6e-08, 3.36947e-34
3.5e-09, 6e-08, 3.15888e-34
3.5e-09, 6.4e-08, 2.94829e-34
3.5e-09, 6.8e-08, 2.73769e-34
3.5e-09, 7.2e-08, 2.5271e-34
3.5e-09, 7.6e-08, 2.31651e-34
3.5e-09, 8e-08, 2.10592e-34
3.5e-09, 8.4e-08, 1.89533e-34
3.5e-09, 8.8e-08, 1.68473e-34
3.5e-09, 9.2e-08, 1.47414e-34
3.5e-09, 9.6e-08, 1.26355e-34
3.5e-09, 1e-07, 1.05296e-34
3.5e-09, 1.04e-07, 8.42367e-35
3.5e-09, 1.08e-07, 6.31776e-35
3.5e-09, 1.12e-07, 4.21184e-35
3.5e-09, 1.16e-07, 2.10592e-35
3.5e-09, 1.2e-07, 2.37744e-43
3.6e-09, 0, 6.31775e-34
3.6e-09, 4e-09, 6.10716e-34
3.6e-09, 8e-09, 5.89657e-34
3.6e-09, 1.2e-08, 5.68598e-34
3.6e-09, 1.6e-08, 5.47539e-34
3.6e-09, 2e-08, 5.2648e-34
3.6e-09, 2.4e-08, 5.0542e-34
3.6e-09, 2.8e-08, 4.84361e-34
3.6e-09, 3.2e-08, 4.63302e-34
3.6e-09, 3.6e-08, 4.42243e-34
3.6e-09, 4e-08, 4.21184e-34
3.6e-09, 4.4e-08, 4.00124e-34
3.6e-09, 4.8e-08, 3.79065e-34
3.6e-09, 5.2e-08, 3.58006e-34
3.6e-09, 5.6e-08, 3.36947e-34
3.6e-09, 6e-08, 3.15888e-34
3.6e-09, 6.4e-08, 2.94829e-34
3.6e-09, 6.8e-08, 2.73769e-34
3.6e-09, 7.2e-08, 2.5271e-34
3.6e-09, 7.6e-08, 2.31651e-34
3.6e-09, 8e-08, 2.10592e-34
3.6e-09, 8.4e-08, 1.89533e-34
3.6e-09, 8.8e-08, 1.68473e-34
3.6e-09, 9.2e-08, 1.47414e-34
3.6e-09, 9.6e-08, 1.26355e-34
3.6e-09, 1e-07, 1.05296e-34
3.6e-09, 1.04e-07, 8.42367e-35
3.6e-09, 1.08e-07, 6.31776e-35
3.6e-09, 1.12e-07, 4.21184e-35
3.6e-09, 1.16e-07, 2.10592e-35
3.6e-09, 1.2e-07, 2.37744e-43
3.7e-09, 0, 6.31775e-34
3.7e-09, 4e-09, 6.10716e-34
3.7e-09, 8e-09, 5.89657e-34
3.7e-09, 1.2e-08, 5.68598e-34
3.7e-09, 1.6e-08, 5.47539e-34
3.7e-09, 2e-08, 5.2648e-34
3.7e-09, 2.4e-08, 5.0542e-34
3.7e-09, 2.8e-08, 4.84361e-34
3.7e-09, 3.2e-08, 4.63302e-34
3.7e-09, 3.6e-08, 4.42243e-34
3.7e-09, 4e-08, 4.21184e-34
3.7e-09, 4.4e-08, 4.00124e-34
3.7e-09, 4.8e-08, 3.79065e-34
3.7e-09, 5.2e-08, 3.58006e-34
3.7e-09, 5.6e-08, 3.36947e-34
3.7e-09, 6e-08, 3.15888e-34
3.7e-09, 6.4e-08, 2.94829e-34
3.7e-09, 6.8e-08, 2.73769e-34
3.7e-09, 7.2e-08, 2.5271e-34
3.7e-09, 7.6e-08, 2.31651e-34
3.7e-09, 8e-08, 2.10592e-34
3.7e-09, 8.4e-08, 1.89533e-34
3.7e-09, 8.8e-08, 1.68473e-34
3.7e-09, 9.2e-08, 1.47414e-34
3.7e-09, 9.6e-08, 1.26355e-34
3.7e-09, 1e-07, 1.05296e-34
3.7e-09, 1.04e-07, 8.42367e-35
3.7e-09, 1.08e-07, 6.31776e-35
3.7e-09, 1.12e-07, 4.21184e-35
3.7e-09, 1.16e-07, 2.10592e-35
3.7e-09, 1.2e-07, 2.37744e-43
3.8e-09, 0, 6.31775e-34
3.8e-09, 4e-09, 6.10716e-34
3.8e-09, 8e-09, 5.89657e-34
3.8e-09, 1.2e-08, 5.68598e-34
3.8e-09, 1.6e-08, 5.47539e-34
3.8e-09, 2e-08, 5.2648e-34
3.8e-09, 2.4e-08, 5.0542e-34
3.8e-09, 2.8e-08, 4.84361e-34
3.8e-09, 3.2e-08, 4.63302e-34
3.8e-09, 3.6e-08, 4.42243e-34
3.8e-09, 4e-08, 4.21184e-34
3.8e-09, 4.4e-08, 4.00124e-34
3.8e-09, 4.8e-08, 3.79065e-34
3.8e-09, 5.2e-08, 3.58006e-34
3.8e-09, 5.6e-08, 3.36947e-34
3.8e-09, 6e-08, 3.15888e-34
3.8e-09, 6.4e-08, 2.94829e-34
3.8e-09, 6.8e-08, 2.73769e-34
3.8e-09, 7.2e-08, 2.5271e-34
3.8e-09, 7.6e-08, 2.31651e-34
3.8e-09, 8e-08, 2.10592e-34
3.8e-09, 8.4e-08, 1.89533e-34
3.8e-09, 8.8e-08, 1.68473e-34
3.8e-09, 9.2e-08, 1.47414e-34
3.8e-09, 9.6e-08, 1.26355e-34
3.8e-09, 1e-07, 1.05296e-34
3.8e-09, 1.04e-07, 8.42367e-35
3.8e-09, 1.08e-07, 6.31776e-35
3.8e-09, 1.12e-07, 4.21184e-35
3.8e-09, 1.16e-07, 2.10592e-35
3.8e-09, 1.2e-07, 2.37744e-43
3.9e-09, 0, 6.31775e-34
3.9e-09, 4e-09, 6.10716e-34
3.9e-09, 8e-09, 5.89657e-34
3.9e-09, 1.2e-08, 5.68598e-34
3.9e-09, 1.6e-08, 5.47539e-34
3.9e-09, 2e-08, 5.2648e-34
3.9e-09, 2.4e-08, 5.0542e-34
3.9e-09, 2.8e-08, 4.84361e-34
3.9e-09, 3.2e-08, 4.63302e-34
3.9e-09, 3.6e-08, 4.42243e-34
3.9e-09, 4e-08, 4.21184e-34
3.9e-09, 4.4e-08, 4.00124e-34
3.9e-09, 4.8e-08, 3.79065e-34
3.9e-09, 5.2e-08, 3.58006e-34
3.9e-09, 5.6e-08, 3.36947e-34
3.9e-09, 6e-08, 3.15888e-34
3.9e-09, 6.4e-08, 2.94829e-34
3.9e-09, 6.8e-08, 2.73769e-34
3.9e-09, 7.2e-08, 2.5271e-34
3.9e-09, 7.6e-08, 2.31651e-34
3.9e-09, 8e-08, 2.10592e-34
3.9e-09, 8.4e-08, 1.89533e-34
3.9e-09, 8.8e-08, 1.68473e-34
3.9e-09, 9.2e-08, 1.47414e-34
3.9e-09, 9.6e-08, 1.26355e-34
3.9e-09, 1e-07, 1.05296e-34
3.9e-09, 1.04e-07, 8.42367e-35
3.9e-09, 1.08e-07, 6.31776e-35
3.9e-09, 1.12e-07, 4.21184e-35
3.9e-09, 1.16e-07, 2.10592e-35
3.9e-09, 1.2e-07, 2.37744e-43
4e-09, 0, 6.31775e-34
4e-09, 4e-09, 6.10716e-34
4e-09, 8e-09, 5.89657e-34
4e-09, 1.2e-08, 5.68598e-34
4e-09, 1.6e-08, 5.47539e-34
4e-09, 2e-08, 5.2648e-34
4e-09, 2.4e-08, 5.0542e-34
4e-09, 2.8e-08, 4.84361e-34
4e-09, 3.2e-08, 4.63302e-34
4e-09, 3.6e-08, 4.42243e-34
4e-09, 4e-08, 4.21184e-34
4e-09, 4.4e-08, 4.00124e-34
4e-09, 4.8e-08, 3.79065e-34
4e-09, 5.2e-08, 3.58006e-34
4e-09, 5.6e-08, 3.36947e-34
4e-09, 6e-08, 3.15888e-34
4e-09, 6.4e-08, 2.94829e-34
4e-09, 6.8e-08, 2.73769e-34
4e-09, 7.2e-08, 2.5271e-34
4e-09, 7.6e-08, 2.31651e-34
4e-09, 8e-08, 2.10592e-34
4e-09, 8.4e-08, 1.89533e-34
4e-09, 8.8e-08, 1.68473e-34
4e-09, 9.2e-08, 1.47414e-34
4e-09, 9.6e-08, 1.26355e-34
4e-09, 1e-07, 1.05296e-34
4e-09, 1.04e-07, 8.42367e-35
4e-09, 1.08e-07, 6.31776e-35
4e-09, 1.12e-07, 4.21184e-35
4e-09, 1.16e-07, 2.10592e-35
4e-09, 1.2e-07, 2.37744e-43
4.1e-09, 0, 6.31775e-34
4.1e-09, 4e-09, 6.10716e-34
4.1e-09, 8e-09, 5.89657e-34
4.1e-09, 1.2e-08, 5.68598e-34
4.1e-09, 1.6e-08, 5.47539e-34
4.1e-09, 2e-08, 5.2648e-34
4.1e-09, 2.4e-08, 5.0542e-34
4.1e-09, 2.8e-08, 4.84361e-34
4.1e-09, 3.2e-08, 4.63302e-34
4.1e-09, 3.6e-08, 4.42243e-34
4.1e-09, 4e-08, 4.21184e-34
4.1e-09, 4.4e-08, 4.00124e-34
4.1e-09, 4.8e-08, 3.79065e-34
4.1e-09, 5.2e-08, 3.58006e-34
4.1e-09, 5.6e-08, 3.36947e-34
4.1e-09, 6e-08, 3.15888e-34
4.1e-09, 6.4e-08, 2.94829e-34
4.1e-09, 6.8e-08, 2.73769e-34
4.1e-09, 7.2e-08, 2.5271e-34
4.1e-09, 7.6e-08, 2.31651e-34
4.1e-09, 8e-08, 2.10592e-34
4.1e-09, 8.4e-08, 1.89533e-34
4.1e-09, 8.8e-08, 1.68473e-34
4.1e-09, 9.2e-08, 1.47414e-34
4.1e-09, 9.6e-08, 1.26355e-34
4.1e-09, 1e-07, 1.05296e-34
4.1e-09, 1.04e-07, 8.42367e-35
4.1e-09, 1.08e-07, 6.31776e-35
4.1e-09, 1.12e-07, 4.21184e-35
4.1e-09, 1.16e-07, 2.10592e-35
4.1e-09, 1.2e-07, 2.37744e-43
4.2e-09, 0, 6.31775e-34
4.2e-09, 4e-09, 6.10716e-34
4.2e-09, 8e-09, 5.89657e-34
4.2e-09, 1.2e-08, 5.68598e-34
4.2e-09, 1.6e-08, 5.47539e-34
4.2e-09, 2e-08, 5.2648e-34
4.2e-09, 2.4e-08, 5.0542e-34
4.2e-09, 2.8e-08, 4.84361e-34
4.2e-09, 3.2e-08, 4.63302e-34
4.2e-09, 3.6e-08, 4.42243e-34
4.2e-09, 4e-08, 4.21184e-34
4.2e-09, 4.4e-08, 4.00124e-34
4.2e-09, 4.8e-08, 3.79065e-34
4.2e-09, 5.2e-08, 3.58006e-34
4.2e-09, 5.6e-08, 3.36947e-34
4.2e-09, 6e-08, 3.15888e-34
4.2e-09, 6.4e-08, 2.94829e-34
4.2e-09, 6.8e-08, 2.73769e-34
4.2e-09, 7.2e-08, 2.5271e-34
4.2e-09, 7.6e-08, 2.31651e-34
4.2e-09, 8e-08, 2.10592e-34
4.2e-09, 8.4e-08, 1.89533e-34
4.2e-09, 8.8e-08, 1.68473e-34
4.2e-09, 9.2e-08, 1.47414e-34
4.2e-09, 9.6e-08, 1.26355e-34
4.2e-09, 1e-07, 1.05296e-34
4.2e-09, 1.04e-07, 8.42367e-35
4.2e-09, 1.08e-07, 6.31776e-35
4.2e-09, 1.12e-07, 4.21184e-35
4.2e-09, 1.16e-07, 2.10592e-35
4.2e-09, 1.2e-07, 2.37744e-43
4.3e-09, 0, 6.31775e-34
4.3e-09, 4e-09, 6.10716e-34
4.3e-09, 8e-09, 5.89657e-34
4.3e-09, 1.2e-08, 5.68598e-34
4.3e-09, 1.6e-08, 5.47539e-34
4.3e-09, 2e-08, 5.2648e-34
4.3e-09, 2.4e-08, 5.0542e-34
4.3e-09, 2.8e-08, 4.84361e-34
4.3e-09, 3.2e-08, 4.63302e-34
4.3e-09, 3.6e-08, 4.42243e-34
4.3e-09, 4e-08, 4.21184e-34
4.3e-09, 4.4e-08, 4.00124e-34
4.3e-09, 4.8e-08, 3.79065e-34
4.3e-09, 5.2e-08, 3.58006e-34
4.3e-09, 5.6e-08, 3.36947e-34
4.3e-09, 6e-08, 3.15888e-34
4.3e-09, 6.4e-08, 2.94829e-34
4.3e-09, 6.8e-08, 2.73769e-34
4.3e-09, 7.2e-08, 2.5271e-34
4.3e-09, 7.6e-08, 2.31651e-34
4.3e-09, 8e-08, 2.10592e-34
4.3e-09, 8.4e-08, 1.89533e-34
4.3e-09, 8.8e-08, 1.68473e-34
4.3e-09, 9.2e-08, 1.47414e-34
4.3e-09, 9.6e-08, 1.26355e-34
4.3e-09, 1e-07, 1.05296e-34
4.3e-09, 1.04e-07, 8.42367e-35
4.3e-09, 1.08e-07, 6.31776e-35
4.3e-09, 1.12e-07, 4.21184e-35
4.3e-09, 1.16e-07, 2.10592e-35
4.3e-09, 1.2e-07, 2.37744e-43
4.4e-09, 0, 6.31775e-34
4.4e-09, 4e-09, 6.10716e-34
4.4e-09, 8e-09, 5.89657e-34
4.4e-09, 1.2e-08, 5.68598e-34
4.4e-09, 1.6e-08, 5.47539e-34
4.4e-09, 2e-08, 5.2648e-34
4.4e-09, 2.4e-08, 5.0542e-34
4.4e-09, 2.8e-08, 4.84361e-34
4.4e-09, 3.2e-08, 4.63302e-34
4.4e-09, 3.6e-08, 4.42243e-34
4.4e-09, 4e-08, 4.21184e-34
4.4e-09, 4.4e-08, 4.00124e-34
4.4e-09, 4.8e-08, 3.79065e-34
4.4e-09, 5.2e-08, 3.58006e-34
4.4e-09, 5.6e-08, 3.36947e-34
4.4e-09, 6e-08, 3.15888e-34
4.4e-09, 6.4e-08, 2.94829e-34
4.4e-09, 6.8e-08, 2.73769e-34
4.4e-09, 7.2e-08, 2.5271e-34
4.4e-09, 7.6e-08, 2.31651e-34
4.4e-09, 8e-08, 2.10592e-34
4.4e-09, 8.4e-08, 1.89533e-34
4.4e-09, 8.8e-08, 1.68473e-34
4.4e-09, 9.2e-08, 1.47414e-34
4.4e-09, 9.6e-08, 1.26355e-34
4.4e-09, 1e-07, 1.05296e-34
4.4e-09, 1.04e-07, 8.42367e-35
4.4e-09, 1.08e-07, 6.31776e-35
4.4e-09, 1.12e-07, 4.21184e-35
4.4e-09, 1.16e-07, 2.10592e-35
4.4e-09, 1.2e-07, 2.37744e-43
4.5e-09, 0, 6.31775e-34
4.5e-09, 4e-09, 6.10716e-34
4.5e-09, 8e-09, 5.89657e-34
4.5e-09, 1.2e-08, 5.68598e-34
4.5e-09, 1.6e-08, 5.47539e-34
4.5e-09, 2e-08, 5.2648e-34
4.5e-09, 2.4e-08, 5.0542e-34
4.5e-09, 2.8e-08, 4.84361e-34
4.5e-09, 3.2e-08, 4.63302e-34
4.5e-09, 3.6e-08, 4.42243e-34
4.5e-09, 4e-08, 4.21184e-34
4.5e-09, 4.4e-08, 4.00124e-34
4.5e-09, 4.8e-08, 3.79065e-34
4.5e-09, 5.2e-08, 3.58006e-34
4.5e-09, 5.6e-08, 3.36947e-34
4.5e-09, 6e-08, 3.15888e-34
4.5e-09, 6.4e-08, 2.94829e-34
4.5e-09, 6.8e-08, 2.73769e-34
4.5e-09, 7.2e-08, 2.5271e-34
4.5e-09, 7.6e-08, 2.31651e-34
4.5e-09, 8e-08, 2.10592e-34
4.5e-09, 8.4e-08, 1.89533e-34
4.5e-09, 8.8e-08, 1.68473e-34
4.5e-09, 9.2e-08, 1.47414e-34
4.5e-09, 9.6e-08, 1.26355e-34
4.5e-09, 1e-07, 1.05296e-34
4.5e-09, 1.04e-07, 8.42367e-35
4.5e-09, 1.08e-07, 6.31776e-35
4.5e-09, 1.12e-07, 4.21184e-35
4.5e-09, 1.16e-07, 2.10592e-35
4.5e-09, 1.2e-07, 2.37744e-43
4.6e-09, 0, 6.31775e-34
4.6e-09, 4e-09, 6.10716e-34
4.6e-09, 8e-09, 5.89657e-34
4.6e-09, 1.2e-08, 5.68598e-34
4.6e-09, 1.6e-08, 5.47539e-34
4.6e-09, 2e-08, 5.2648e-34
4.6e-09, 2.4e-08, 5.0542e-34
4.6e-09, 2.8e-08, 4.84361e-34
4.6e-09, 3.2e-08, 4.63302e-34
4.6e-09, 3.6e-08, 4.42243e-34
4.6e-09, 4e-08, 4.21184e-34
4.6e-09, 4.4e-08, 4.00124e-34
4.6e-09, 4.8e-08, 3.79065e-34
4.6e-09, 5.2e-08, 3.58006e-34
4.6e-09, 5.6e-08, 3.36947e-34
4.6e-09, 6e-08, 3.15888e-34
4.6e-09, 6.4e-08, 2.94829e-34
4.6e-09, 6.8e-08, 2.73769e-34
4.6e-09, 7.2e-08, 2.5271e-34
4.6e-09, 7.6e-08, 2.31651e-34
4.6e-09, 8e-08, 2.10592e-34
4.6e-09, 8.4e-08, 1.89533e-34
4.6e-09, 8.8e-08, 1.68473e-34
4.6e-09, 9.2e-08, 1.47414e-34
4.6e-09, 9.6e-08, 1.26355e-34
4.6e-09, 1e-07, 1.05296e-34
4.6e-09, 1.04e-07, 8.42367e-35
4.6e-09, 1.08e-07, 6.31776e-35
4.6e-09, 1.12e-07, 4.21184e-35
4.6e-09, 1.16e-07, 2.10592e-35
4.6e-09, 1.2e-07, 2.37744e-43
4.7e-09, 0, 6.31775e-34
4.7e-09, 4e-09, 6.10716e-34
4.7e-09, 8e-09, 5.89657e-34
4.7e-09, 1.2e-08, 5.68598e-34
4.7e-09, 1.6e-08, 5.47539e-34
4.7e-09, 2e-08, 5.2648e-34
4.7e-09, 2.4e-08, 5.0542e-34
4.7e-09, 2.8e-08, 4.84361e-34
4.7e-09, 3.2e-08, 4.63302e-34
4.7e-09, 3.6e-08, 4.42243e-34
4.7e-09, 4e-08, 4.21184e-34
4.7e-09, 4.4e-08, 4.00124e-34
4.7e-09, 4.8e-08, 3.79065e-34
4.7e-09, 5.2e-08, 3.58006e-34
4.7e-09, 5.6e-08, 3.36947e-34
4.7e-09, 6e-08, 3.15888e-34
4.7e-09, 6.4e-08, 2.94829e-34
4.7e-09, 6.8e-08, 2.73769e-34
4.7e-09, 7.2e-08, 2.5271e-34
4.7e-09, 7.6e-08, 2.31651e-34
4.7e-09, 8e-08, 2.10592e-34
4.7e-09, 8.4e-08, 1.89533e-34
4.7e-09, 8.8e-08, 1.68473e-34
4.7e-09, 9.2e-08, 1.47414e-34
4.7e-09, 9.6e-08, 1.26355e-34
4.7e-09, 1e-07, 1.05296e-34
4.7e-09, 1.04e-07, 8.42367e-35
4.7e-09, 1.08e-07, 6.31776e-35
4.7e-09, 1.12e-07, 4.21184e-35
4.7e-09, 1.16e-07, 2.10592e-35
4.7e-09, 1.2e-07, 2.37744e-43
4.8e-09, 0, 6.31775e-34
4.8e-09, 4e-09, 6.10716e-34
4.8e-09, 8e-09, 5.89657e-34
4.8e-09, 1.2e-08, 5.68598e-34
4.8e-09, 1.6e-08, 5.47539e-34
4.8e-09, 2e-08, 5.2648e-34
4.8e-09, 2.4e-08, 5.0542e-34
4.8e-09, 2.8e-08, 4.84361e-34
4.8e-09, 3.2e-08, 4.63302e-34
4.8e-09, 3.6e-08, 4.42243e-34
4.8e-09, 4e-08, 4.21184e-34
4.8e-09, 4.4e-08, 4.00124e-34
4.8e-09, 4.8e-08, 3.79065e-34
4.8e-09, 5.2e-08, 3.58006e-34
4.8e-09, 5.6e-08, 3.36947e-34
4.8e-09, 6e-08, 3.15888e-34
4.8e-09, 6.4e-08, 2.94829e-34
4.8e-09, 6.8e-08, 2.73769e-34
4.8e-09, 7.2e-08, 2.5271e-34
4.8e-09, 7.6e-08, 2.31651e-34
4.8e-09, 8e-08, 2.10592e-34
4.8e-09, 8.4e-08, 1.89533e-34
4.8e-09, 8.8e-08, 1.68473e-34
4.8e-09, 9.2e-08, 1.47414e-34
4.8e-09, 9.6e-08, 1.26355e-34
4.8e-09, 1e-07, 1.05296e-34
4.8e-09, 1.04e-07, 8.42367e-35
4.8e-09, 1.08e-07, 6.31776e-35
4.8e-09, 1.12e-07, 4.21184e-35
4.8e-09, 1.16e-07, 2.10592e-35
4.8e-09, 1.2e-07, 2.37744e-43
4.9e-09, 0, 6.31775e-34
4.9e-09, 4e-09, 6.10716e-34
4.9e-09, 8e-09, 5.89657e-34
4.9e-09, 1.2e-08, 5.68598e-34
4.9e-09, 1.6e-08, 5.47539e-34
4.9e-09, 2e-08, 5.2648e-34
4.9e-09, 2.4e-08, 5.0542e-34
4.9e-09, 2.8e-08, 4.84361e-34
4.9e-09, 3.2e-08, 4.63302e-34
4.9e-09, 3.6e-08, 4.42243e-34
4.9e-09, 4e-08, 4.21184e-34
4.9e-09, 4.4e-08, 4.00124e-34
4.9e-09, 4.8e-08, 3.79065e-34
4.9e-09, 5.2e-08, 3.58006e-34
4.9e-09, 5.6e-08, 3.36947e-34
4.9e-09, 6e-08, 3.15888e-34
4.9e-09, 6.4e-08, 2.94829e-34
4.9e-09, 6.8e-08, 2.73769e-34
4.9e-09, 7.2e-08, 2.5271e-34
4.9e-09, 7.6e-08, 2.31651e-34
4.9e-09, 8e-08, 2.10592e-34
4.9e-09, 8.4e-08, 1.89533e-34
4.9e-09, 8.8e-08, 1.68473e-34
4.9e-09, 9.2e-08, 1.47414e-34
4.9e-09, 9.6e-08, 1.26355e-34
4.9e-09, 1e-07, 1.05296e-34
4.9e-09, 1.04e-07, 8.42367e-35
4.9e-09, 1.08e-07, 6.31776e-35
4.9e-09, 1.12e-07, 4.21184e-35
4.9e-09, 1.16e-07, 2.10592e-35
4.9e-09, 1.2e-07, 2.37744e-43
5e-09, 0, 6.31775e-34
5e-09, 4e-09, 6.10716e-34
5e-09, 8e-09, 5.89657e-34
5e-09, 1.2e-08, 5.68598e-34
5e-09, 1.6e-08, 5.47539e-34
5e-09, 2e-08, 5.2648e-34
5e-09, 2.4e-08, 5.0542e-34
5e-09, 2.8e-08, 4.84361e-34
5e-09, 3.2e-08, 4.63302e-34
5e-09, 3.6e-08, 4.42243e-34
5e-09, 4e-08, 4.21184e-34
5e-09, 4.4e-08, 4.00124e-34
5e-09, 4.8e-08, 3.79065e-34
5e-09, 5.2e-08, 3.58006e-34
5e-09, 5.6e-08, 3.36947e-34
5e-09, 6e-08, 3.15888e-34
5e-09, 6.4e-08, 2.94829e-34
5e-09, 6.8e-08, 2.73769e-34
5e-09, 7.2e-08, 2.5271e-34
5e-09, 7.6e-08, 2.31651e-34
5e-09, 8e-08, 2.10592e-34
5e-09, 8.4e-08, 1.89533e-34
5e-09, 8.8e-08, 1.68473e-34
5e-09, 9.2e-08, 1.47414e-34
5e-09, 9.6e-08, 1.26355e-34
5e-09, 1e-07, 1.05296e-34
5e-09, 1.04e-07, 8.42367e-35
5e-09, 1.08e-07, 6.31776e-35
5e-09, 1.12e-07, 4.21184e-35
5e-09, 1.16e-07, 2.10592e-35
5e-09, 1.2e-07, 2.37744e-43
5.1e-09, 0, 6.31775e-34
5.1e-09, 4e-09, 6.10716e-34
5.1e-09, 8e-09, 5.89657e-34
5.1e-09, 1.2e-08, 5.68598e-34
5.1e-09, 1.6e-08, 5.47539e-34
5.1e-09, 2e-08, 5.2648e-34
5.1e-09, 2.4e-08, 5.0542e-34
5.1e-09, 2.8e-08, 4.84361e-34
5.1e-09, 3.2e-08, 4.63302e-34
5.1e-09, 3.6e-08, 4.42243e-34
5.1e-09, 4e-08, 4.21184e-34
5.1e-09, 4.4e-08, 4.00124e-34
5.1e-09, 4.8e-08, 3.79065e-34
5.1e-09, 5.2e-08, 3.58006e-34
5.1e-09, 5.6e-08, 3.36947e-34
5.1e-09, 6e-08, 3.15888e-34
5.1e-09, 6.4e-08, 2.94829e-34
5.1e-09, 6.8e-08, 2.73769e-34
5.1e-09, 7.2e-08, 2.5271e-34
5.1e-09, 7.6e-08, 2.31651e-34
5.1e-09, 8e-08, 2.10592e-34
5.1e-09, 8.4e-08, 1.89533e-34
5.1e-09, 8.8e-08, 1.68473e-34
5.1e-09, 9.2e-08, 1.47414e-34
5.1e-09, 9.6e-08, 1.26355e-34
5.1e-09, 1e-07, 1.05296e-34
5.1e-09, 1.04e-07, 8.42367e-35
5.1e-09, 1.08e-07, 6.31776e-35
5.1e-09, 1.12e-07, 4.21184e-35
5.1e-09, 1.16e-07, 2.10592e-35
5.1e-09, 1.2e-07, 2.37744e-43
5.2e-09, 0, 6.31775e-34
5.2e-09, 4e-09, 6.10716e-34
5.2e-09, 8e-09, 5.89657e-34
5.2e-09, 1.2e-08, 5.68598e-34
5.2e-09, 1.6e-08, 5.47539e-34
5.2e-09, 2e-08, 5.2648e-34
5.2e-09, 2.4e-08, 5.0542e-34
5.2e-09, 2.8e-08, 4.84361e-34
5.2e-09, 3.2e-08, 4.63302e-34
5.2e-09, 3.6e-08, 4.42243e-34
5.2e-09, 4e-08, 4.21184e-34
5.2e-09, 4.4e-08, 4.00124e-34
5.2e-09, 4.8e-08, 3.79065e-34
5.2e-09, 5.2e-08, 3.58006e-34
5.2e-09, 5.6e-08, 3.36947e-34
5.2e-09, 6e-08, 3.15888e-34
5.2e-09, 6.4e-08, 2.94829e-34
5.2e-09, 6.8e-08, 2.73769e-34
5.2e-09, 7.2e-08, 2.5271e-34
5.2e-09, 7.6e-08, 2.31651e-34
5.2e-09, 8e-08, 2.10592e-34
5.2e-09, 8.4e-08, 1.89533e-34
5.2e-09, 8.8e-08, 1.68473e-34
5.2e-09, 9.2e-08, 1.47414e-34
5.2e-09, 9.6e-08, 1.26355e-34
5.2e-09, 1e-07, 1.05296e-34
5.2e-09, 1.04e-07, 8.42367e-35
5.2e-09, 1.08e-07, 6.31776e-35
5.2e-09, 1.12e-07, 4.21184e-35
5.2e-09, 1.16e-07, 2.10592e-35
5.2e-09, 1.2e-07, 2.37744e-43
5.3e-09, 0, 6.31775e-34
5.3e-09, 4e-09, 6.10716e-34
5.3e-09, 8e-09, 5.89657e-34
5.3e-09, 1.2e-08, 5.68598e-34
5.3e-09, 1.6e-08, 5.47539e-34
5.3e-09, 2e-08, 5.2648e-34
5.3e-09, 2.4e-08, 5.0542e-34
5.3e-09, 2.8e-08, 4.84361e-34
5.3e-09, 3.2e-08, 4.63302e-34
5.3e-09, 3.6e-08, 4.42243e-34
5.3e-09, 4e-08, 4.21184e-34
5.3e-09, 4.4e-08, 4.00124e-34
5.3e-09, 4.8e-08, 3.79065e-34
5.3e-09, 5.2e-08, 3.58006e-34
5.3e-09, 5.6e-08, 3.36947e-34
5.3e-09, 6e-08, 3.15888e-34
5.3e-09, 6.4e-08, 2.94829e-34
5.3e-09, 6.8e-08, 2.73769e-34
5.3e-09, 7.2e-08, 2.5271e-34
5.3e-09, 7.6e-08, 2.31651e-34
5.3e-09, 8e-08, 2.10592e-34
5.3e-09, 8.4e-08, 1.89533e-34
5.3e-09, 8.8e-08, 1.68473e-34
5.3e-09, 9.2e-08, 1.47414e-34
5.3e-09, 9.6e-08, 1.26355e-34
5.3e-09, 1e-07, 1.05296e-34
5.3e-09, 1.04e-07, 8.42367e-35
5.3e-09, 1.08e-07, 6.31776e-35
5.3e-09, 1.12e-07, 4.21184e-35
5.3e-09, 1.16e-07, 2.10592e-35
5.3e-09, 1.2e-07, 2.37744e-43
5.4e-09, 0, 6.31775e-34
5.4e-09, 4e-09, 6.10716e-34
5.4e-09, 8e-09, 5.89657e-34
5.4e-09, 1.2e-08, 5.68598e-34
5.4e-09, 1.6e-08, 5.47539e-34
5.4e-09, 2e-08, 5.2648e-34
5.4e-09, 2.4e-08, 5.0542e-34
5.4e-09, 2.8e-08, 4.84361e-34
5.4e-09, 3.2e-08, 4.63302e-34
5.4e-09, 3.6e-08, 4.42243e-34
5.4e-09, 4e-08, 4.21184e-34
5.4e-09, 4.4e-08, 4.00124e-34
5.4e-09, 4.8e-08, 3.79065e-34
5.4e-09, 5.2e-08, 3.58006e-34
5.4e-09, 5.6e-08, 3.36947e-34
5.4e-09, 6e-08, 3.15888e-34
5.4e-09, 6.4e-08, 2.94829e-34
5.4e-09, 6.8e-08, 2.73769e-34
5.4e-09, 7.2e-08, 2.5271e-34
5.4e-09, 7.6e-08, 2.31651e-34
5.4e-09, 8e-08, 2.10592e-34
5.4e-09, 8.4e-08, 1.89533e-34
5.4e-09, 8.8e-08, 1.68473e-34
5.4e-09, 9.2e-08, 1.47414e-34
5.4e-09, 9.6e-08, 1.26355e-34
5.4e-09, 1e-07, 1.05296e-34
5.4e-09, 1.04e-07, 8.42367e-35
5.4e-09, 1.08e-07, 6.31776e-35
5.4e-09, 1.12e-07, 4.21184e-35
5.4e-09, 1.16e-07, 2.10592e-35
5.4e-09, 1.2e-07, 2.37744e-43
5.5e-09, 0, 6.31775e-34
5.5e-09, 4e-09, 6.10716e-34
5.5e-09, 8e-09, 5.89657e-34
5.5e-09, 1.2e-08, 5.68598e-34
5.5e-09, 1.6e-08, 5.47539e-34
5.5e-09, 2e-08, 5.2648e-34
5.5e-09, 2.4e-08, 5.0542e-34
5.5e-09, 2.8e-08, 4.84361e-34
5.5e-09, 3.2e-08, 4.63302e-34
5.5e-09, 3.6e-08, 4.42243e-34
5.5e-09, 4e-08, 4.21184e-34
5.5e-09, 4.4e-08, 4.00124e-34
5.5e-09, 4.8e-08, 3.79065e-34
5.5e-09, 5.2e-08, 3.58006e-34
5.5e-09, 5.6e-08, 3.36947e-34
5.5e-09, 6e-08, 3.15888e-34
5.5e-09, 6.4e-08, 2.94829e-34
5.5e-09, 6.8e-08, 2.73769e-34
5.5e-09, 7.2e-08, 2.5271e-34
5.5e-09, 7.6e-08, 2.31651e-34
5.5e-09, 8e-08, 2.10592e-34
5.5e-09, 8.4e-08, 1.89533e-34
5.5e-09, 8.8e-08, 1.68473e-34
5.5e-09, 9.2e-08, 1.47414e-34
5.5e-09, 9.6e-08, 1.26355e-34
5.5e-09, 1e-07, 1.05296e-34
5.5e-09, 1.04e-07, 8.42367e-35
5.5e-09, 1.08e-07, 6.31776e-35
5.5e-09, 1.12e-07, 4.21184e-35
5.5e-09, 1.16e-07, 2.10592e-35
5.5e-09, 1.2e-07, 2.37744e-43
5.6e-09, 0, 6.31775e-34
5.6e-09, 4e-09, 6.10716e-34
5.6e-09, 8e-09, 5.89657e-34
5.6e-09, 1.2e-08, 5.68598e-34
5.6e-09, 1.6e-08, 5.47539e-34
5.6e-09, 2e-08, 5.2648e-34
5.6e-09, 2.4e-08, 5.0542e-34
5.6e-09, 2.8e-08, 4.84361e-34
5.6e-09, 3.2e-08, 4.63302e-34
5.6e-09, 3.6e-08, 4.42243e-34
5.6e-09, 4e-08, 4.21184e-34
5.6e-09, 4.4e-08, 4.00124e-34
5.6e-09, 4.8e-08, 3.79065e-34
5.6e-09, 5.2e-08, 3.58006e-34
5.6e-09, 5.6e-08, 3.36947e-34
5.6e-09, 6e-08, 3.15888e-34
5.6e-09, 6.4e-08, 2.94829e-34
5.6e-09, 6.8e-08, 2.73769e-34
5.6e-09, 7.2e-08, 2.5271e-34
5.6e-09, 7.6e-08, 2.31651e-34
5.6e-09, 8e-08, 2.10592e-34
5.6e-09, 8.4e-08, 1.89533e-34
5.6e-09, 8.8e-08, 1.68473e-34
5.6e-09, 9.2e-08, 1.47414e-34
5.6e-09, 9.6e-08, 1.26355e-34
5.6e-09, 1e-07, 1.05296e-34
5.6e-09, 1.04e-07, 8.42367e-35
5.6e-09, 1.08e-07, 6.31776e-35
5.6e-09, 1.12e-07, 4.21184e-35
5.6e-09, 1.16e-07, 2.10592e-35
5.6e-09, 1.2e-07, 2.37744e-43
5.7e-09, 0, 6.31775e-34
5.7e-09, 4e-09, 6.10716e-34
5.7e-09, 8e-09, 5.89657e-34
5.7e-09, 1.2e-08, 5.68598e-34
5.7e-09, 1.6e-08, 5.47539e-34
5.7e-09, 2e-08, 5.2648e-34
5.7e-09, 2.4e-08, 5.0542e-34
5.7e-09, 2.8e-08, 4.84361e-34
5.7e-09, 3.2e-08, 4.63302e-34
5.7e-09, 3.6e-08, 4.42243e-34
5.7e-09, 4e-08, 4.21184e-34
5.7e-09, 4.4e-08, 4.00124e-34
5.7e-09, 4.8e-08, 3.79065e-34
5.7e-09, 5.2e-08, 3.58006e-34
5.7e-09, 5.6e-08, 3.36947e-34
5.7e-09, 6e-08, 3.15888e-34
5.7e-09, 6.4e-08, 2.94829e-34
5.7e-09, 6.8e-08, 2.73769e-34
5.7e-09, 7.2e-08, 2.5271e-34
5.7e-09, 7.6e-08, 2.31651e-34
5.7e-09, 8e-08, 2.10592e-34
5.7e-09, 8.4e-08, 1.89533e-34
5.7e-09, 8.8e-08, 1.68473e-34
5.7e-09, 9.2e-08, 1.47414e-34
5.7e-09, 9.6e-08, 1.26355e-34
5.7e-09, 1e-07, 1.05296e-34
5.7e-09, 1.04e-07, 8.42367e-35
5.7e-09, 1.08e-07, 6.31776e-35
5.7e-09, 1.12e-07, 4.21184e-35
5.7e-09, 1.16e-07, 2.10592e-35
5.7e-09, 1.2e-07, 2.37744e-43
5.8e-09, 0, 6.31775e-34
5.8e-09, 4e-09, 6.10716e-34
5.8e-09, 8e-09, 5.89657e-34
5.8e-09, 1.2e-08, 5.68598e-34
5.8e-09, 1.6e-08, 5.47539e-34
5.8e-09, 2e-08, 5.2648e-34
5.8e-09, 2.4e-08, 5.0542e-34
5.8e-09, 2.8e-08, 4.84361e-34
5.8e-09, 3.2e-08, 4.63302e-34
5.8e-09, 3.6e-08, 4.42243e-34
5.8e-09, 4e-08, 4.21184e-34
5.8e-09, 4.4e-08, 4.00124e-34
5.8e-09, 4.8e-08, 3.79065e-34
5.8e-09, 5.2e-08, 3.58006e-34
5.8e-09, 5.6e-08, 3.36947e-34
5.8e-09, 6e-08, 3.15888e-34
5.8e-09, 6.4e-08, 2.94829e-34
5.8e-09, 6.8e-08, 2.73769e-34
5.8e-09, 7.2e-08, 2.5271e-34
5.8e-09, 7.6e-08, 2.31651e-34
5.8e-09, 8e-08, 2.10592e-34
5.8e-09, 8.4e-08, 1.89533e-34
5.8e-09, 8.8e-08, 1.68473e-34
5.8e-09, 9.2e-08, 1.47414e-34
5.8e-09, 9.6e-08, 1.26355e-34
5.8e-09, 1e-07, 1.05296e-34
5.8e-09, 1.04e-07, 8.42367e-35
5.8e-09, 1.08e-07, 6.31776e-35
5.8e-09, 1.12e-07, 4.21184e-35
5.8e-09, 1.16e-07, 2.10592e-35
5.8e-09, 1.2e-07, 2.37744e-43
5.9e-09, 0, 6.31775e-34
5.9e-09, 4e-09, 6.10716e-34
5.9e-09, 8e-09, 5.89657e-34
5.9e-09, 1.2e-08, 5.68598e-34
5.9e-09, 1.6e-08, 5.47539e-34
5.9e-09, 2e-08, 5.2648e-34
5.9e-09, 2.4e-08, 5.0542e-34
5.9e-09, 2.8e-08, 4.84361e-34
5.9e-09, 3.2e-08, 4.63302e-34
5.9e-09, 3.6e-08, 4.42243e-34
5.9e-09, 4e-08, 4.21184e-34
5.9e-09, 4.4e-08, 4.00124e-34
5.9e-09, 4.8e-08, 3.79065e-34
5.9e-09, 5.2e-08, 3.58006e-34
5.9e-09, 5.6e-08, 3.36947e-34
5.9e-09, 6e-08, 3.15888e-34
5.9e-09, 6.4e-08, 2.94829e-34
5.9e-09, 6.8e-08, 2.73769e-34
5.9e-09, 7.2e-08, 2.5271e-34
5.9e-09, 7.6e-08, 2.31651e-34
5.9e-09, 8e-08, 2.10592e-34
5.9e-09, 8.4e-08, 1.89533e-34
5.9e-09, 8.8e-08, 1.68473e-34
5.9e-09, 9.2e-08, 1.47414e-34
5.9e-09, 9.6e-08, 1.26355e-34
5.9e-09, 1e-07, 1.05296e-34
5.9e-09, 1.04e-07, 8.42367e-35
5.9e-09, 1.08e-07, 6.31776e-35
5.9e-09, 1.12e-07, 4.21184e-35
5.9e-09, 1.16e-07, 2.10592e-35
5.9e-09, 1.2e-07, 2.37744e-43
6e-09, 0, 6.31775e-34
6e-09, 4e-09, 6.10716e-34
6e-09, 8e-09, 5.89657e-34
6e-09, 1.2e-08, 5.68598e-34
6e-09, 1.6e-08, 5.47539e-34
6e-09, 2e-08, 5.2648e-34
6e-09, 2.4e-08, 5.0542e-34
6e-09, 2.8e-08, 4.84361e-34
6e-09, 3.2e-08, 4.63302e-34
6e-09, 3.6e-08, 4.42243e-34
6e-09, 4e-08, 4.21184e-34
6e-09, 4.4e-08, 4.00124e-34
6e-09, 4.8e-08, 3.79065e-34
6e-09, 5.2e-08, 3.58006e-34
6e-09, 5.6e-08, 3.36947e-34
6e-09, 6e-08, 3.15888e-34
6e-09, 6.4e-08, 2.94829e-34
6e-09, 6.8e-08, 2.73769e-34
6e-09, 7.2e-08, 2.5271e-34
6e-09, 7.6e-08, 2.31651e-34
6e-09, 8e-08, 2.10592e-34
6e-09, 8.4e-08, 1.89533e-34
6e-09, 8.8e-08, 1.68473e-34
6e-09, 9.2e-08, 1.47414e-34
6e-09, 9.6e-08, 1.26355e-34
6e-09, 1e-07, 1.05296e-34
6e-09, 1.04e-07, 8.42367e-35
6e-09, 1.08e-07, 6.31776e-35
6e-09, 1.12e-07, 4.21184e-35
6e-09, 1.16e-07, 2.10592e-35
6e-09, 1.2e-07, 2.37744e-43
