0.909209
0.575488
0.575475
0.575475
0.575475
0.575475
0.575475
0.575475
0.575475
0.57547
0.43374
0.43374
0.43374
0.43374
0.43374
0.43374
0.43374
0.43374
0.43374
0.43374
0.43374
0.57547
0.575475
0.575475
0.575475
0.575475
0.575475
0.575475
0.575475
0.575492
1.00921
0.909209
0.575488
0.575475
0.575475
0.575475
0.575475
0.575475
0.575475
0.575475
0.57547
0.433739
0.433732
0.433732
0.433732
0.433732
0.433732
0.433732
0.433732
0.433732
0.433732
0.433739
0.57547
0.575475
0.575475
0.575475
0.575475
0.575475
0.575475
0.575475
0.575492
1.00921
0.90921
0.575488
0.575475
0.575475
0.575475
0.575475
0.575475
0.575475
0.575475
0.57547
0.433737
0.433723
0.433723
0.433723
0.433723
0.433723
0.433723
0.433723
0.433723
0.433723
0.433737
0.57547
0.575475
0.575475
0.575475
0.575475
0.575475
0.575475
0.575475
0.575491
1.00921
0.909211
0.575487
0.575475
0.575475
0.575475
0.575475
0.575475
0.575475
0.575475
0.57547
0.433736
0.433715
0.433715
0.433715
0.433715
0.433715
0.433715
0.433715
0.433715
0.433715
0.433736
0.57547
0.575475
0.575475
0.575475
0.575475
0.575475
0.575475
0.575475
0.575491
1.00921
0.909213
0.575486
0.575475
0.575475
0.575475
0.575475
0.575475
0.575475
0.575475
0.575471
0.433734
0.433706
0.433706
0.433706
0.433706
0.433706
0.433706
0.433706
0.433706
0.433706
0.433734
0.575471
0.575475
0.575475
0.575475
0.575475
0.575475
0.575475
0.575475
0.57549
1.00921
0.909215
0.575485
0.575475
0.575475
0.575475
0.575475
0.575475
0.575475
0.575475
0.575471
0.433733
0.433698
0.433698
0.433698
0.433698
0.433698
0.433698
0.433698
0.433698
0.433698
0.433733
0.575471
0.575475
0.575475
0.575475
0.575475
0.575475
0.575475
0.575475
0.575488
1.00921
0.909215
0.575485
0.575475
0.575475
0.575475
0.575475
0.575475
0.575475
0.575475
0.575471
0.433732
0.433695
0.433695
0.433695
0.433695
0.433695
0.433695
0.433695
0.433695
0.433695
0.433732
0.575471
0.575475
0.575475
0.575475
0.575475
0.575475
0.575475
0.575475
0.575488
1.00922
0.909215
0.575485
0.575475
0.575475
0.575475
0.575475
0.575475
0.575475
0.575475
0.575471
0.433732
0.433692
0.433692
0.433692
0.433692
0.433692
0.433692
0.433692
0.433692
0.433692
0.433732
0.575471
0.575475
0.575475
0.575475
0.575475
0.575475
0.575475
0.575475
0.575487
1.00922
0.909215
0.575484
0.575475
0.575475
0.575475
0.575475
0.575475
0.575475
0.575475
0.575471
0.433731
0.43369
0.43369
0.43369
0.43369
0.43369
0.43369
0.43369
0.43369
0.43369
0.433731
0.575471
0.575475
0.575475
0.575475
0.575475
0.575475
0.575475
0.575475
0.575487
1.00922
0.909215
0.575484
0.575475
0.575475
0.575475
0.575475
0.575475
0.575475
0.575475
0.575472
0.433731
0.433687
0.433687
0.433687
0.433687
0.433687
0.433687
0.433687
0.433687
0.433687
0.433731
0.575472
0.575475
0.575475
0.575475
0.575475
0.575475
0.575475
0.575475
0.575487
1.00922
0.909215
0.575484
0.575475
0.575475
0.575475
0.575475
0.575475
0.575475
0.575475
0.575472
0.43373
0.433685
0.433685
0.433685
0.433685
0.433685
0.433685
0.433685
0.433685
0.433685
0.43373
0.575472
0.575475
0.575475
0.575475
0.575475
0.575475
0.575475
0.575475
0.575487
1.00922
0.909215
0.575484
0.575475
0.575475
0.575475
0.575475
0.575475
0.575475
0.575475
0.575472
0.43373
0.433683
0.433683
0.433683
0.433683
0.433683
0.433683
0.433683
0.433683
0.433683
0.43373
0.575472
0.575475
0.575475
0.575475
0.575475
0.575475
0.575475
0.575475
0.575486
1.00922
0.909215
0.575484
0.575475
0.575475
0.575475
0.575475
0.575475
0.575475
0.575475
0.575472
0.433729
0.433681
0.433681
0.433681
0.433681
0.433681
0.433681
0.433681
0.433681
0.433681
0.433729
0.575472
0.575475
0.575475
0.575475
0.575475
0.575475
0.575475
0.575475
0.575486
1.00922
0.909215
0.575484
0.575475
0.575475
0.575475
0.575475
0.575475
0.575475
0.575475
0.575472
0.433729
0.433679
0.433679
0.433679
0.433679
0.433679
0.433679
0.433679
0.433679
0.433679
0.433729
0.575472
0.575475
0.575475
0.575475
0.575475
0.575475
0.575475
0.575475
0.575486
1.00922
0.909215
0.575484
0.575475
0.575475
0.575475
0.575475
0.575475
0.575475
0.575475
0.575472
0.433728
0.433677
0.433677
0.433677
0.433677
0.433677
0.433677
0.433677
0.433677
0.433677
0.433728
0.575472
0.575475
0.575475
0.575475
0.575475
0.575475
0.575475
0.575475
0.575486
1.00922
0.909215
0.575483
0.575475
0.575475
0.575475
0.575475
0.575475
0.575475
0.575475
0.575472
0.433728
0.433675
0.433675
0.433675
0.433675
0.433675
0.433675
0.433675
0.433675
0.433675
0.433728
0.575472
0.575475
0.575475
0.575475
0.575475
0.575475
0.575475
0.575475
0.575486
1.00922
0.909215
0.575483
0.575475
0.575475
0.575475
0.575475
0.575475
0.575475
0.575475
0.575472
0.433728
0.433674
0.433673
0.433673
0.433673
0.433673
0.433673
0.433673
0.433673
0.433674
0.433728
0.575472
0.575475
0.575475
0.575475
0.575475
0.575475
0.575475
0.575475
0.575486
1.00922
0.909215
0.575483
0.575475
0.575475
0.575475
0.575475
0.575475
0.575475
0.575475
0.575472
0.433727
0.433672
0.433672
0.433672
0.433672
0.433672
0.433672
0.433672
0.433672
0.433672
0.433727
0.575472
0.575475
0.575475
0.575475
0.575475
0.575475
0.575475
0.575475
0.575486
1.00922
0.909215
0.575483
0.575475
0.575475
0.575475
0.575475
0.575475
0.575475
0.575475
0.575472
0.433727
0.433671
0.433671
0.433671
0.433671
0.433671
0.433671
0.433671
0.433671
0.433671
0.433727
0.575472
0.575475
0.575475
0.575475
0.575475
0.575475
0.575475
0.575475
0.575486
1.00922
0.909215
0.575483
0.575475
0.575475
0.575475
0.575475
0.575475
0.575475
0.575475
0.575472
0.433727
0.433669
0.433669
0.433669
0.433669
0.433669
0.433669
0.433669
0.433669
0.433669
0.433727
0.575472
0.575475
0.575475
0.575475
0.575475
0.575475
0.575475
0.575475
0.575486
1.00922
0.909215
0.575483
0.575475
0.575475
0.575475
0.575475
0.575475
0.575475
0.575475
0.575472
0.433727
0.433668
0.433668
0.433668
0.433668
0.433668
0.433668
0.433668
0.433668
0.433668
0.433727
0.575472
0.575475
0.575475
0.575475
0.575475
0.575475
0.575475
0.575475
0.575486
1.00922
0.909215
0.575483
0.575475
0.575475
0.575475
0.575475
0.575475
0.575475
0.575475
0.575472
0.433726
0.433667
0.433667
0.433667
0.433667
0.433667
0.433667
0.433667
0.433667
0.433667
0.433726
0.575472
0.575475
0.575475
0.575475
0.575475
0.575475
0.575475
0.575475
0.575486
1.00922
0.909215
0.575483
0.575475
0.575475
0.575475
0.575475
0.575475
0.575475
0.575475
0.575472
0.433726
0.433666
0.433666
0.433666
0.433666
0.433666
0.433666
0.433666
0.433666
0.433666
0.433726
0.575472
0.575475
0.575475
0.575475
0.575475
0.575475
0.575475
0.575475
0.575486
1.00922
0.909215
0.575483
0.575475
0.575475
0.575475
0.575475
0.575475
0.575475
0.575475
0.575472
0.433726
0.433665
0.433665
0.433665
0.433665
0.433665
0.433665
0.433665
0.433665
0.433665
0.433726
0.575472
0.575475
0.575475
0.575475
0.575475
0.575475
0.575475
0.575475
0.575486
1.00922
0.909215
0.575483
0.575475
0.575475
0.575475
0.575475
0.575475
0.575475
0.575475
0.575472
0.433726
0.433664
0.433664
0.433664
0.433664
0.433664
0.433664
0.433664
0.433664
0.433664
0.433726
0.575472
0.575475
0.575475
0.575475
0.575475
0.575475
0.575475
0.575475
0.575486
1.00922
0.909215
0.575483
0.575475
0.575475
0.575475
0.575475
0.575475
0.575475
0.575475
0.575472
0.433726
0.433664
0.433664
0.433664
0.433664
0.433664
0.433664
0.433664
0.433664
0.433664
0.433726
0.575472
0.575475
0.575475
0.575475
0.575475
0.575475
0.575475
0.575475
0.575485
1.00922
0.909215
0.575483
0.575475
0.575475
0.575475
0.575475
0.575475
0.575475
0.575475
0.575472
0.433726
0.433663
0.433663
0.433663
0.433663
0.433663
0.433663
0.433663
0.433663
0.433663
0.433726
0.575472
0.575475
0.575475
0.575475
0.575475
0.575475
0.575475
0.575475
0.575485
1.00922
0.909215
0.575483
0.575475
0.575475
0.575475
0.575475
0.575475
0.575475
0.575475
0.575472
0.433726
0.433663
0.433663
0.433663
0.433663
0.433663
0.433663
0.433663
0.433663
0.433663
0.433726
0.575472
0.575475
0.575475
0.575475
0.575475
0.575475
0.575475
0.575475
0.575485
1.00922
0.909215
0.575483
0.575475
0.575475
0.575475
0.575475
0.575475
0.575475
0.575475
0.575472
0.433726
0.433663
0.433663
0.433663
0.433663
0.433663
0.433663
0.433663
0.433663
0.433663
0.433726
0.575472
0.575475
0.575475
0.575475
0.575475
0.575475
0.575475
0.575475
0.575485
1.00922
0.909215
0.575483
0.575475
0.575475
0.575475
0.575475
0.575475
0.575475
0.575475
0.575472
0.433726
0.433662
0.433662
0.433662
0.433662
0.433662
0.433662
0.433662
0.433662
0.433662
0.433726
0.575472
0.575475
0.575475
0.575475
0.575475
0.575475
0.575475
0.575475
0.575485
1.00922
0.909215
0.575483
0.575475
0.575475
0.575475
0.575475
0.575475
0.575475
0.575475
0.575472
0.433726
0.433662
0.433662
0.433662
0.433662
0.433662
0.433662
0.433662
0.433662
0.433662
0.433726
0.575472
0.575475
0.575475
0.575475
0.575475
0.575475
0.575475
0.575475
0.575485
1.00922
0.909215
0.575483
0.575475
0.575475
0.575475
0.575475
0.575475
0.575475
0.575475
0.575472
0.433726
0.433662
0.433662
0.433662
0.433662
0.433662
0.433662
0.433662
0.433662
0.433662
0.433726
0.575472
0.575475
0.575475
0.575475
0.575475
0.575475
0.575475
0.575475
0.575485
1.00922
0.909215
0.575483
0.575475
0.575475
0.575475
0.575475
0.575475
0.575475
0.575475
0.575472
0.433726
0.433663
0.433663
0.433663
0.433663
0.433663
0.433663
0.433663
0.433663
0.433663
0.433726
0.575472
0.575475
0.575475
0.575475
0.575475
0.575475
0.575475
0.575475
0.575485
1.00922
0.909215
0.575483
0.575475
0.575475
0.575475
0.575475
0.575475
0.575475
0.575475
0.575472
0.433726
0.433663
0.433663
0.433663
0.433663
0.433663
0.433663
0.433663
0.433663
0.433663
0.433726
0.575472
0.575475
0.575475
0.575475
0.575475
0.575475
0.575475
0.575475
0.575485
1.00922
0.909215
0.575483
0.575475
0.575475
0.575475
0.575475
0.575475
0.575475
0.575475
0.575472
0.433726
0.433663
0.433663
0.433663
0.433663
0.433663
0.433663
0.433663
0.433663
0.433663
0.433726
0.575472
0.575475
0.575475
0.575475
0.575475
0.575475
0.575475
0.575475
0.575485
1.00922
0.909215
0.575483
0.575475
0.575475
0.575475
0.575475
0.575475
0.575475
0.575475
0.575472
0.433726
0.433664
0.433664
0.433664
0.433664
0.433664
0.433664
0.433664
0.433664
0.433664
0.433726
0.575472
0.575475
0.575475
0.575475
0.575475
0.575475
0.575475
0.575475
0.575485
1.00922
0.909215
0.575483
0.575475
0.575475
0.575475
0.575475
0.575475
0.575475
0.575475
0.575472
0.433726
0.433664
0.433664
0.433664
0.433664
0.433664
0.433664
0.433664
0.433664
0.433664
0.433726
0.575472
0.575475
0.575475
0.575475
0.575475
0.575475
0.575475
0.575475
0.575486
1.00922
0.909215
0.575483
0.575475
0.575475
0.575475
0.575475
0.575475
0.575475
0.575475
0.575472
0.433726
0.433665
0.433665
0.433665
0.433665
0.433665
0.433665
0.433665
0.433665
0.433665
0.433726
0.575472
0.575475
0.575475
0.575475
0.575475
0.575475
0.575475
0.575475
0.575486
1.00922
0.909215
0.575483
0.575475
0.575475
0.575475
0.575475
0.575475
0.575475
0.575475
0.575472
0.433726
0.433666
0.433666
0.433666
0.433666
0.433666
0.433666
0.433666
0.433666
0.433666
0.433726
0.575472
0.575475
0.575475
0.575475
0.575475
0.575475
0.575475
0.575475
0.575486
1.00922
0.909215
0.575483
0.575475
0.575475
0.575475
0.575475
0.575475
0.575475
0.575475
0.575472
0.433726
0.433667
0.433667
0.433667
0.433667
0.433667
0.433667
0.433667
0.433667
0.433667
0.433726
0.575472
0.575475
0.575475
0.575475
0.575475
0.575475
0.575475
0.575475
0.575486
1.00922
0.909215
0.575483
0.575475
0.575475
0.575475
0.575475
0.575475
0.575475
0.575475
0.575472
0.433727
0.433668
0.433668
0.433668
0.433668
0.433668
0.433668
0.433668
0.433668
0.433668
0.433727
0.575472
0.575475
0.575475
0.575475
0.575475
0.575475
0.575475
0.575475
0.575486
1.00922
0.909215
0.575483
0.575475
0.575475
0.575475
0.575475
0.575475
0.575475
0.575475
0.575472
0.433727
0.433669
0.433669
0.433669
0.433669
0.433669
0.433669
0.433669
0.433669
0.433669
0.433727
0.575472
0.575475
0.575475
0.575475
0.575475
0.575475
0.575475
0.575475
0.575486
1.00922
0.909215
0.575483
0.575475
0.575475
0.575475
0.575475
0.575475
0.575475
0.575475
0.575472
0.433727
0.433671
0.433671
0.433671
0.433671
0.433671
0.433671
0.433671
0.433671
0.433671
0.433727
0.575472
0.575475
0.575475
0.575475
0.575475
0.575475
0.575475
0.575475
0.575486
1.00922
0.909215
0.575483
0.575475
0.575475
0.575475
0.575475
0.575475
0.575475
0.575475
0.575472
0.433727
0.433672
0.433672
0.433672
0.433672
0.433672
0.433672
0.433672
0.433672
0.433672
0.433727
0.575472
0.575475
0.575475
0.575475
0.575475
0.575475
0.575475
0.575475
0.575486
1.00922
0.909215
0.575483
0.575475
0.575475
0.575475
0.575475
0.575475
0.575475
0.575475
0.575472
0.433728
0.433674
0.433673
0.433673
0.433673
0.433673
0.433673
0.433673
0.433673
0.433674
0.433728
0.575472
0.575475
0.575475
0.575475
0.575475
0.575475
0.575475
0.575475
0.575486
1.00922
0.909215
0.575483
0.575475
0.575475
0.575475
0.575475
0.575475
0.575475
0.575475
0.575472
0.433728
0.433675
0.433675
0.433675
0.433675
0.433675
0.433675
0.433675
0.433675
0.433675
0.433728
0.575472
0.575475
0.575475
0.575475
0.575475
0.575475
0.575475
0.575475
0.575486
1.00922
0.909215
0.575484
0.575475
0.575475
0.575475
0.575475
0.575475
0.575475
0.575475
0.575472
0.433728
0.433677
0.433677
0.433677
0.433677
0.433677
0.433677
0.433677
0.433677
0.433677
0.433728
0.575472
0.575475
0.575475
0.575475
0.575475
0.575475
0.575475
0.575475
0.575486
1.00922
0.909215
0.575484
0.575475
0.575475
0.575475
0.575475
0.575475
0.575475
0.575475
0.575472
0.433729
0.433679
0.433679
0.433679
0.433679
0.433679
0.433679
0.433679
0.433679
0.433679
0.433729
0.575472
0.575475
0.575475
0.575475
0.575475
0.575475
0.575475
0.575475
0.575486
1.00922
0.909215
0.575484
0.575475
0.575475
0.575475
0.575475
0.575475
0.575475
0.575475
0.575472
0.433729
0.433681
0.433681
0.433681
0.433681
0.433681
0.433681
0.433681
0.433681
0.433681
0.433729
0.575472
0.575475
0.575475
0.575475
0.575475
0.575475
0.575475
0.575475
0.575486
1.00922
0.909215
0.575484
0.575475
0.575475
0.575475
0.575475
0.575475
0.575475
0.575475
0.575472
0.43373
0.433683
0.433683
0.433683
0.433683
0.433683
0.433683
0.433683
0.433683
0.433683
0.43373
0.575472
0.575475
0.575475
0.575475
0.575475
0.575475
0.575475
0.575475
0.575486
1.00922
0.909215
0.575484
0.575475
0.575475
0.575475
0.575475
0.575475
0.575475
0.575475
0.575472
0.43373
0.433685
0.433685
0.433685
0.433685
0.433685
0.433685
0.433685
0.433685
0.433685
0.43373
0.575472
0.575475
0.575475
0.575475
0.575475
0.575475
0.575475
0.575475
0.575487
1.00922
0.909215
0.575484
0.575475
0.575475
0.575475
0.575475
0.575475
0.575475
0.575475
0.575472
0.433731
0.433687
0.433687
0.433687
0.433687
0.433687
0.433687
0.433687
0.433687
0.433687
0.433731
0.575472
0.575475
0.575475
0.575475
0.575475
0.575475
0.575475
0.575475
0.575487
1.00922
0.909215
0.575484
0.575475
0.575475
0.575475
0.575475
0.575475
0.575475
0.575475
0.575471
0.433731
0.43369
0.43369
0.43369
0.43369
0.43369
0.43369
0.43369
0.43369
0.43369
0.433731
0.575471
0.575475
0.575475
0.575475
0.575475
0.575475
0.575475
0.575475
0.575487
1.00922
0.909215
0.575485
0.575475
0.575475
0.575475
0.575475
0.575475
0.575475
0.575475
0.575471
0.433732
0.433692
0.433692
0.433692
0.433692
0.433692
0.433692
0.433692
0.433692
0.433692
0.433732
0.575471
0.575475
0.575475
0.575475
0.575475
0.575475
0.575475
0.575475
0.575487
1.00922
0.909215
0.575485
0.575475
0.575475
0.575475
0.575475
0.575475
0.575475
0.575475
0.575471
0.433732
0.433695
0.433695
0.433695
0.433695
0.433695
0.433695
0.433695
0.433695
0.433695
0.433732
0.575471
0.575475
0.575475
0.575475
0.575475
0.575475
0.575475
0.575475
0.575488
1.00922
0.909215
0.575485
0.575475
0.575475
0.575475
0.575475
0.575475
0.575475
0.575475
0.575471
0.433733
0.433698
0.433698
0.433698
0.433698
0.433698
0.433698
0.433698
0.433698
0.433698
0.433733
0.575471
0.575475
0.575475
0.575475
0.575475
0.575475
0.575475
0.575475
0.575488
1.00921
0.909213
0.575486
0.575475
0.575475
0.575475
0.575475
0.575475
0.575475
0.575475
0.575471
0.433734
0.433706
0.433706
0.433706
0.433706
0.433706
0.433706
0.433706
0.433706
0.433706
0.433734
0.575471
0.575475
0.575475
0.575475
0.575475
0.575475
0.575475
0.575475
0.57549
1.00921
0.909211
0.575487
0.575475
0.575475
0.575475
0.575475
0.575475
0.575475
0.575475
0.57547
0.433736
0.433715
0.433715
0.433715
0.433715
0.433715
0.433715
0.433715
0.433715
0.433715
0.433736
0.57547
0.575475
0.575475
0.575475
0.575475
0.575475
0.575475
0.575475
0.575491
1.00921
0.90921
0.575488
0.575475
0.575475
0.575475
0.575475
0.575475
0.575475
0.575475
0.57547
0.433737
0.433723
0.433723
0.433723
0.433723
0.433723
0.433723
0.433723
0.433723
0.433723
0.433737
0.57547
0.575475
0.575475
0.575475
0.575475
0.575475
0.575475
0.575475
0.575491
1.00921
0.909209
0.575488
0.575475
0.575475
0.575475
0.575475
0.575475
0.575475
0.575475
0.57547
0.433739
0.433732
0.433732
0.433732
0.433732
0.433732
0.433732
0.433732
0.433732
0.433732
0.433739
0.57547
0.575475
0.575475
0.575475
0.575475
0.575475
0.575475
0.575475
0.575492
1.00921
0.909209
0.575488
0.575475
0.575475
0.575475
0.575475
0.575475
0.575475
0.575475
0.57547
0.43374
0.43374
0.43374
0.43374
0.43374
0.43374
0.43374
0.43374
0.43374
0.43374
0.43374
0.57547
0.575475
0.575475
0.575475
0.575475
0.575475
0.575475
0.575475
0.575492
1.00921
