0.909209
0.575488
0.575475
0.575475
0.575475
0.575475
0.575475
0.575475
0.575475
0.575482
0.83374
0.83374
0.83374
0.83374
0.83374
0.83374
0.83374
0.83374
0.83374
0.83374
0.83374
0.575482
0.575475
0.575475
0.575475
0.575475
0.575475
0.575475
0.575475
0.575492
1.00921
0.909209
0.575488
0.575475
0.575475
0.575475
0.575475
0.575475
0.575475
0.575475
0.575482
0.811135
0.811147
0.811147
0.811147
0.811147
0.811147
0.811147
0.811147
0.811147
0.811147
0.811135
0.575482
0.575475
0.575475
0.575475
0.575475
0.575475
0.575475
0.575475
0.575492
1.00921
0.90921
0.575488
0.575475
0.575475
0.575475
0.575475
0.575475
0.575475
0.575475
0.575481
0.788531
0.788554
0.788554
0.788554
0.788554
0.788554
0.788554
0.788554
0.788554
0.788554
0.788531
0.575481
0.575475
0.575475
0.575475
0.575475
0.575475
0.575475
0.575475
0.575491
1.00921
0.909211
0.575487
0.575475
0.575475
0.575475
0.575475
0.575475
0.575475
0.575475
0.575481
0.765927
0.765961
0.765961
0.765961
0.765961
0.765961
0.765961
0.765961
0.765961
0.765961
0.765927
0.575481
0.575475
0.575475
0.575475
0.575475
0.575475
0.575475
0.575475
0.575491
1.00921
0.909213
0.575486
0.575475
0.575475
0.575475
0.575475
0.575475
0.575475
0.575475
0.57548
0.743323
0.743368
0.743368
0.743368
0.743368
0.743368
0.743368
0.743368
0.743368
0.743368
0.743323
0.57548
0.575475
0.575475
0.575475
0.575475
0.575475
0.575475
0.575475
0.57549
1.00921
0.909215
0.575485
0.575475
0.575475
0.575475
0.575475
0.575475
0.575475
0.575475
0.57548
0.720719
0.720775
0.720775
0.720775
0.720775
0.720775
0.720775
0.720775
0.720775
0.720775
0.720719
0.57548
0.575475
0.575475
0.575475
0.575475
0.575475
0.575475
0.575475
0.575488
1.00921
0.909215
0.575485
0.575475
0.575475
0.575475
0.575475
0.575475
0.575475
0.575475
0.57548
0.713184
0.713244
0.713244
0.713244
0.713244
0.713244
0.713244
0.713244
0.713244
0.713244
0.713184
0.57548
0.575475
0.575475
0.575475
0.575475
0.575475
0.575475
0.575475
0.575488
1.00922
0.909215
0.575485
0.575475
0.575475
0.575475
0.575475
0.575475
0.575475
0.575475
0.575479
0.71166
0.711725
0.711725
0.711725
0.711725
0.711725
0.711725
0.711725
0.711725
0.711725
0.71166
0.575479
0.575475
0.575475
0.575475
0.575475
0.575475
0.575475
0.575475
0.575487
1.00922
0.909215
0.575484
0.575475
0.575475
0.575475
0.575475
0.575475
0.575475
0.575475
0.575479
0.71062
0.710688
0.710688
0.710688
0.710688
0.710688
0.710688
0.710688
0.710688
0.710688
0.71062
0.575479
0.575475
0.575475
0.575475
0.575475
0.575475
0.575475
0.575475
0.575487
1.00922
0.909215
0.575484
0.575475
0.575475
0.575475
0.575475
0.575475
0.575475
0.575475
0.575479
0.709653
0.709724
0.709724
0.709724
0.709724
0.709724
0.709724
0.709724
0.709724
0.709724
0.709653
0.575479
0.575475
0.575475
0.575475
0.575475
0.575475
0.575475
0.575475
0.575487
1.00922
0.909215
0.575484
0.575475
0.575475
0.575475
0.575475
0.575475
0.575475
0.575475
0.575479
0.708734
0.708808
0.708808
0.708808
0.708808
0.708808
0.708808
0.708808
0.708808
0.708808
0.708734
0.575479
0.575475
0.575475
0.575475
0.575475
0.575475
0.575475
0.575475
0.575487
1.00922
0.909215
0.575484
0.575475
0.575475
0.575475
0.575475
0.575475
0.575475
0.575475
0.575479
0.70786
0.707937
0.707937
0.707937
0.707937
0.707937
0.707937
0.707937
0.707937
0.707937
0.70786
0.575479
0.575475
0.575475
0.575475
0.575475
0.575475
0.575475
0.575475
0.575486
1.00922
0.909215
0.575484
0.575475
0.575475
0.575475
0.575475
0.575475
0.575475
0.575475
0.575479
0.707031
0.707111
0.707111
0.707111
0.707111
0.707111
0.707111
0.707111
0.707111
0.707111
0.707031
0.575479
0.575475
0.575475
0.575475
0.575475
0.575475
0.575475
0.575475
0.575486
1.00922
0.909215
0.575484
0.575475
0.575475
0.575475
0.575475
0.575475
0.575475
0.575475
0.575479
0.706248
0.70633
0.70633
0.70633
0.70633
0.70633
0.70633
0.70633
0.70633
0.70633
0.706248
0.575479
0.575475
0.575475
0.575475
0.575475
0.575475
0.575475
0.575475
0.575486
1.00922
0.909215
0.575484
0.575475
0.575475
0.575475
0.575475
0.575475
0.575475
0.575475
0.575479
0.70551
0.705595
0.705595
0.705595
0.705595
0.705595
0.705595
0.705595
0.705595
0.705595
0.70551
0.575479
0.575475
0.575475
0.575475
0.575475
0.575475
0.575475
0.575475
0.575486
1.00922
0.909215
0.575483
0.575475
0.575475
0.575475
0.575475
0.575475
0.575475
0.575475
0.575479
0.704818
0.704905
0.704905
0.704905
0.704905
0.704905
0.704905
0.704905
0.704905
0.704905
0.704818
0.575479
0.575475
0.575475
0.575475
0.575475
0.575475
0.575475
0.575475
0.575486
1.00922
0.909215
0.575483
0.575475
0.575475
0.575475
0.575475
0.575475
0.575475
0.575475
0.575479
0.70417
0.704259
0.704259
0.704259
0.704259
0.704259
0.704259
0.704259
0.704259
0.704259
0.70417
0.575479
0.575475
0.575475
0.575475
0.575475
0.575475
0.575475
0.575475
0.575486
1.00922
0.909215
0.575483
0.575475
0.575475
0.575475
0.575475
0.575475
0.575475
0.575475
0.575478
0.703568
0.703659
0.703659
0.703659
0.703659
0.703659
0.703659
0.703659
0.703659
0.703659
0.703568
0.575478
0.575475
0.575475
0.575475
0.575475
0.575475
0.575475
0.575475
0.575486
1.00922
0.909215
0.575483
0.575475
0.575475
0.575475
0.575475
0.575475
0.575475
0.575475
0.575478
0.70301
0.703103
0.703103
0.703103
0.703103
0.703103
0.703103
0.703103
0.703103
0.703103
0.70301
0.575478
0.575475
0.575475
0.575475
0.575475
0.575475
0.575475
0.575475
0.575486
1.00922
0.909215
0.575483
0.575475
0.575475
0.575475
0.575475
0.575475
0.575475
0.575475
0.575478
0.702497
0.702592
0.702592
0.702592
0.702592
0.702592
0.702592
0.702592
0.702592
0.702592
0.702497
0.575478
0.575475
0.575475
0.575475
0.575475
0.575475
0.575475
0.575475
0.575486
1.00922
0.909215
0.575483
0.575475
0.575475
0.575475
0.575475
0.575475
0.575475
0.575475
0.575478
0.702029
0.702125
0.702125
0.702125
0.702125
0.702125
0.702125
0.702125
0.702125
0.702125
0.702029
0.575478
0.575475
0.575475
0.575475
0.575475
0.575475
0.575475
0.575475
0.575486
1.00922
0.909215
0.575483
0.575475
0.575475
0.575475
0.575475
0.575475
0.575475
0.575475
0.575478
0.701606
0.701703
0.701703
0.701703
0.701703
0.701703
0.701703
0.701703
0.701703
0.701703
0.701606
0.575478
0.575475
0.575475
0.575475
0.575475
0.575475
0.575475
0.575475
0.575486
1.00922
0.909215
0.575483
0.575475
0.575475
0.575475
0.575475
0.575475
0.575475
0.575475
0.575478
0.701227
0.701326
0.701326
0.701326
0.701326
0.701326
0.701326
0.701326
0.701326
0.701326
0.701227
0.575478
0.575475
0.575475
0.575475
0.575475
0.575475
0.575475
0.575475
0.575486
1.00922
0.909215
0.575483
0.575475
0.575475
0.575475
0.575475
0.575475
0.575475
0.575475
0.575478
0.700893
0.700993
0.700993
0.700993
0.700993
0.700993
0.700993
0.700993
0.700993
0.700993
0.700893
0.575478
0.575475
0.575475
0.575475
0.575475
0.575475
0.575475
0.575475
0.575486
1.00922
0.909215
0.575483
0.575475
0.575475
0.575475
0.575475
0.575475
0.575475
0.575475
0.575478
0.700604
0.700705
0.700705
0.700705
0.700705
0.700705
0.700705
0.700705
0.700705
0.700705
0.700604
0.575478
0.575475
0.575475
0.575475
0.575475
0.575475
0.575475
0.575475
0.575486
1.00922
0.909215
0.575483
0.575475
0.575475
0.575475
0.575475
0.575475
0.575475
0.575475
0.575478
0.700359
0.700461
0.700461
0.700461
0.700461
0.700461
0.700461
0.700461
0.700461
0.700461
0.700359
0.575478
0.575475
0.575475
0.575475
0.575475
0.575475
0.575475
0.575475
0.575485
1.00922
0.909215
0.575483
0.575475
0.575475
0.575475
0.575475
0.575475
0.575475
0.575475
0.575478
0.700159
0.700261
0.700261
0.700261
0.700261
0.700261
0.700261
0.700261
0.700261
0.700261
0.700159
0.575478
0.575475
0.575475
0.575475
0.575475
0.575475
0.575475
0.575475
0.575485
1.00922
0.909215
0.575483
0.575475
0.575475
0.575475
0.575475
0.575475
0.575475
0.575475
0.575478
0.700003
0.700106
0.700106
0.700106
0.700106
0.700106
0.700106
0.700106
0.700106
0.700106
0.700003
0.575478
0.575475
0.575475
0.575475
0.575475
0.575475
0.575475
0.575475
0.575485
1.00922
0.909215
0.575483
0.575475
0.575475
0.575475
0.575475
0.575475
0.575475
0.575475
0.575478
0.699892
0.699995
0.699995
0.699995
0.699995
0.699995
0.699995
0.699995
0.699995
0.699995
0.699892
0.575478
0.575475
0.575475
0.575475
0.575475
0.575475
0.575475
0.575475
0.575485
1.00922
0.909215
0.575483
0.575475
0.575475
0.575475
0.575475
0.575475
0.575475
0.575475
0.575478
0.699825
0.699929
0.699929
0.699929
0.699929
0.699929
0.699929
0.699929
0.699929
0.699929
0.699825
0.575478
0.575475
0.575475
0.575475
0.575475
0.575475
0.575475
0.575475
0.575485
1.00922
0.909215
0.575483
0.575475
0.575475
0.575475
0.575475
0.575475
0.575475
0.575475
0.575478
0.699803
0.699906
0.699907
0.699907
0.699907
0.699907
0.699907
0.699907
0.699907
0.699906
0.699803
0.575478
0.575475
0.575475
0.575475
0.575475
0.575475
0.575475
0.575475
0.575485
1.00922
0.909215
0.575483
0.575475
0.575475
0.575475
0.575475
0.575475
0.575475
0.575475
0.575478
0.699825
0.699929
0.699929
0.699929
0.699929
0.699929
0.699929
0.699929
0.699929
0.699929
0.699825
0.575478
0.575475
0.575475
0.575475
0.575475
0.575475
0.575475
0.575475
0.575485
1.00922
0.909215
0.575483
0.575475
0.575475
0.575475
0.575475
0.575475
0.575475
0.575475
0.575478
0.699892
0.699995
0.699995
0.699995
0.699995
0.699995
0.699995
0.699995
0.699995
0.699995
0.699892
0.575478
0.575475
0.575475
0.575475
0.575475
0.575475
0.575475
0.575475
0.575485
1.00922
0.909215
0.575483
0.575475
0.575475
0.575475
0.575475
0.575475
0.575475
0.575475
0.575478
0.700003
0.700106
0.700106
0.700106
0.700106
0.700106
0.700106
0.700106
0.700106
0.700106
0.700003
0.575478
0.575475
0.575475
0.575475
0.575475
0.575475
0.575475
0.575475
0.575485
1.00922
0.909215
0.575483
0.575475
0.575475
0.575475
0.575475
0.575475
0.575475
0.575475
0.575478
0.700159
0.700261
0.700261
0.700261
0.700261
0.700261
0.700261
0.700261
0.700261
0.700261
0.700159
0.575478
0.575475
0.575475
0.575475
0.575475
0.575475
0.575475
0.575475
0.575485
1.00922
0.909215
0.575483
0.575475
0.575475
0.575475
0.575475
0.575475
0.575475
0.575475
0.575478
0.700359
0.700461
0.700461
0.700461
0.700461
0.700461
0.700461
0.700461
0.700461
0.700461
0.700359
0.575478
0.575475
0.575475
0.575475
0.575475
0.575475
0.575475
0.575475
0.575485
1.00922
0.909215
0.575483
0.575475
0.575475
0.575475
0.575475
0.575475
0.575475
0.575475
0.575478
0.700604
0.700705
0.700705
0.700705
0.700705
0.700705
0.700705
0.700705
0.700705
0.700705
0.700604
0.575478
0.575475
0.575475
0.575475
0.575475
0.575475
0.575475
0.575475
0.575486
1.00922
0.909215
0.575483
0.575475
0.575475
0.575475
0.575475
0.575475
0.575475
0.575475
0.575478
0.700893
0.700993
0.700993
0.700993
0.700993
0.700993
0.700993
0.700993
0.700993
0.700993
0.700893
0.575478
0.575475
0.575475
0.575475
0.575475
0.575475
0.575475
0.575475
0.575486
1.00922
0.909215
0.575483
0.575475
0.575475
0.575475
0.575475
0.575475
0.575475
0.575475
0.575478
0.701227
0.701326
0.701326
0.701326
0.701326
0.701326
0.701326
0.701326
0.701326
0.701326
0.701227
0.575478
0.575475
0.575475
0.575475
0.575475
0.575475
0.575475
0.575475
0.575486
1.00922
0.909215
0.575483
0.575475
0.575475
0.575475
0.575475
0.575475
0.575475
0.575475
0.575478
0.701606
0.701703
0.701703
0.701703
0.701703
0.701703
0.701703
0.701703
0.701703
0.701703
0.701606
0.575478
0.575475
0.575475
0.575475
0.575475
0.575475
0.575475
0.575475
0.575486
1.00922
0.909215
0.575483
0.575475
0.575475
0.575475
0.575475
0.575475
0.575475
0.575475
0.575478
0.702029
0.702125
0.702125
0.702125
0.702125
0.702125
0.702125
0.702125
0.702125
0.702125
0.702029
0.575478
0.575475
0.575475
0.575475
0.575475
0.575475
0.575475
0.575475
0.575486
1.00922
0.909215
0.575483
0.575475
0.575475
0.575475
0.575475
0.575475
0.575475
0.575475
0.575478
0.702497
0.702592
0.702592
0.702592
0.702592
0.702592
0.702592
0.702592
0.702592
0.702592
0.702497
0.575478
0.575475
0.575475
0.575475
0.575475
0.575475
0.575475
0.575475
0.575486
1.00922
0.909215
0.575483
0.575475
0.575475
0.575475
0.575475
0.575475
0.575475
0.575475
0.575478
0.70301
0.703103
0.703103
0.703103
0.703103
0.703103
0.703103
0.703103
0.703103
0.703103
0.70301
0.575478
0.575475
0.575475
0.575475
0.575475
0.575475
0.575475
0.575475
0.575486
1.00922
0.909215
0.575483
0.575475
0.575475
0.575475
0.575475
0.575475
0.575475
0.575475
0.575478
0.703568
0.703659
0.703659
0.703659
0.703659
0.703659
0.703659
0.703659
0.703659
0.703659
0.703568
0.575478
0.575475
0.575475
0.575475
0.575475
0.575475
0.575475
0.575475
0.575486
1.00922
0.909215
0.575483
0.575475
0.575475
0.575475
0.575475
0.575475
0.575475
0.575475
0.575479
0.70417
0.704259
0.704259
0.704259
0.704259
0.704259
0.704259
0.704259
0.704259
0.704259
0.70417
0.575479
0.575475
0.575475
0.575475
0.575475
0.575475
0.575475
0.575475
0.575486
1.00922
0.909215
0.575483
0.575475
0.575475
0.575475
0.575475
0.575475
0.575475
0.575475
0.575479
0.704818
0.704905
0.704905
0.704905
0.704905
0.704905
0.704905
0.704905
0.704905
0.704905
0.704818
0.575479
0.575475
0.575475
0.575475
0.575475
0.575475
0.575475
0.575475
0.575486
1.00922
0.909215
0.575484
0.575475
0.575475
0.575475
0.575475
0.575475
0.575475
0.575475
0.575479
0.70551
0.705595
0.705595
0.705595
0.705595
0.705595
0.705595
0.705595
0.705595
0.705595
0.70551
0.575479
0.575475
0.575475
0.575475
0.575475
0.575475
0.575475
0.575475
0.575486
1.00922
0.909215
0.575484
0.575475
0.575475
0.575475
0.575475
0.575475
0.575475
0.575475
0.575479
0.706248
0.70633
0.70633
0.70633
0.70633
0.70633
0.70633
0.70633
0.70633
0.70633
0.706248
0.575479
0.575475
0.575475
0.575475
0.575475
0.575475
0.575475
0.575475
0.575486
1.00922
0.909215
0.575484
0.575475
0.575475
0.575475
0.575475
0.575475
0.575475
0.575475
0.575479
0.707031
0.707111
0.707111
0.707111
0.707111
0.707111
0.707111
0.707111
0.707111
0.707111
0.707031
0.575479
0.575475
0.575475
0.575475
0.575475
0.575475
0.575475
0.575475
0.575486
1.00922
0.909215
0.575484
0.575475
0.575475
0.575475
0.575475
0.575475
0.575475
0.575475
0.575479
0.70786
0.707937
0.707937
0.707937
0.707937
0.707937
0.707937
0.707937
0.707937
0.707937
0.70786
0.575479
0.575475
0.575475
0.575475
0.575475
0.575475
0.575475
0.575475
0.575486
1.00922
0.909215
0.575484
0.575475
0.575475
0.575475
0.575475
0.575475
0.575475
0.575475
0.575479
0.708734
0.708808
0.708808
0.708808
0.708808
0.708808
0.708808
0.708808
0.708808
0.708808
0.708734
0.575479
0.575475
0.575475
0.575475
0.575475
0.575475
0.575475
0.575475
0.575487
1.00922
0.909215
0.575484
0.575475
0.575475
0.575475
0.575475
0.575475
0.575475
0.575475
0.575479
0.709653
0.709724
0.709724
0.709724
0.709724
0.709724
0.709724
0.709724
0.709724
0.709724
0.709653
0.575479
0.575475
0.575475
0.575475
0.575475
0.575475
0.575475
0.575475
0.575487
1.00922
0.909215
0.575484
0.575475
0.575475
0.575475
0.575475
0.575475
0.575475
0.575475
0.575479
0.71062
0.710688
0.710688
0.710688
0.710688
0.710688
0.710688
0.710688
0.710688
0.710688
0.71062
0.575479
0.575475
0.575475
0.575475
0.575475
0.575475
0.575475
0.575475
0.575487
1.00922
0.909215
0.575485
0.575475
0.575475
0.575475
0.575475
0.575475
0.575475
0.575475
0.575479
0.71166
0.711725
0.711725
0.711725
0.711725
0.711725
0.711725
0.711725
0.711725
0.711725
0.71166
0.575479
0.575475
0.575475
0.575475
0.575475
0.575475
0.575475
0.575475
0.575487
1.00922
0.909215
0.575485
0.575475
0.575475
0.575475
0.575475
0.575475
0.575475
0.575475
0.57548
0.713184
0.713244
0.713244
0.713244
0.713244
0.713244
0.713244
0.713244
0.713244
0.713244
0.713184
0.57548
0.575475
0.575475
0.575475
0.575475
0.575475
0.575475
0.575475
0.575488
1.00922
0.909215
0.575485
0.575475
0.575475
0.575475
0.575475
0.575475
0.575475
0.575475
0.57548
0.720719
0.720775
0.720775
0.720775
0.720775
0.720775
0.720775
0.720775
0.720775
0.720775
0.720719
0.57548
0.575475
0.575475
0.575475
0.575475
0.575475
0.575475
0.575475
0.575488
1.00921
0.909213
0.575486
0.575475
0.575475
0.575475
0.575475
0.575475
0.575475
0.575475
0.57548
0.743323
0.743368
0.743368
0.743368
0.743368
0.743368
0.743368
0.743368
0.743368
0.743368
0.743323
0.57548
0.575475
0.575475
0.575475
0.575475
0.575475
0.575475
0.575475
0.57549
1.00921
0.909211
0.575487
0.575475
0.575475
0.575475
0.575475
0.575475
0.575475
0.575475
0.575481
0.765927
0.765961
0.765961
0.765961
0.765961
0.765961
0.765961
0.765961
0.765961
0.765961
0.765927
0.575481
0.575475
0.575475
0.575475
0.575475
0.575475
0.575475
0.575475
0.575491
1.00921
0.90921
0.575488
0.575475
0.575475
0.575475
0.575475
0.575475
0.575475
0.575475
0.575481
0.788531
0.788554
0.788554
0.788554
0.788554
0.788554
0.788554
0.788554
0.788554
0.788554
0.788531
0.575481
0.575475
0.575475
0.575475
0.575475
0.575475
0.575475
0.575475
0.575491
1.00921
0.909209
0.575488
0.575475
0.575475
0.575475
0.575475
0.575475
0.575475
0.575475
0.575482
0.811135
0.811147
0.811147
0.811147
0.811147
0.811147
0.811147
0.811147
0.811147
0.811147
0.811135
0.575482
0.575475
0.575475
0.575475
0.575475
0.575475
0.575475
0.575475
0.575492
1.00921
0.909209
0.575488
0.575475
0.575475
0.575475
0.575475
0.575475
0.575475
0.575475
0.575482
0.83374
0.83374
0.83374
0.83374
0.83374
0.83374
0.83374
0.83374
0.83374
0.83374
0.83374
0.575482
0.575475
0.575475
0.575475
0.575475
0.575475
0.575475
0.575475
0.575492
1.00921
