0, 0, 6.31775e-34
0, 4e-09, 7.3304e-28
0, 8e-09, 1.40447e-27
0, 1.2e-08, 2.0759e-27
0, 1.6e-08, 2.74733e-27
0, 2e-08, 3.41876e-27
0, 2.4e-08, 4.0902e-27
0, 2.8e-08, 4.76163e-27
0, 3.2e-08, 5.43306e-27
0, 3.6e-08, 6.10449e-27
0, 4e-08, 6.82263e-27
0, 4.4e-08, 7.59445e-27
0, 4.8e-08, 8.36628e-27
0, 5.2e-08, 9.1381e-27
0, 5.6e-08, 9.90993e-27
0, 6e-08, 1.06818e-26
0, 6.4e-08, 1.14536e-26
0, 6.8e-08, 1.22254e-26
0, 7.2e-08, 1.29972e-26
0, 7.6e-08, 1.3769e-26
0, 8e-08, 1.45409e-26
0, 8.4e-08, 1.5259e-26
0, 8.8e-08, 1.59304e-26
0, 9.2e-08, 1.66019e-26
0, 9.6e-08, 1.72733e-26
0, 1e-07, 1.79447e-26
0, 1.04e-07, 1.86162e-26
0, 1.08e-07, 1.92876e-26
0, 1.12e-07, 1.9959e-26
0, 1.16e-07, 2.06305e-26
0, 1.2e-07, 2.13842e-26
1e-10, 0, 6.31775e-34
1e-10, 4e-09, 7.36773e-28
1e-10, 8e-09, 1.41162e-27
1e-10, 1.2e-08, 2.08647e-27
1e-10, 1.6e-08, 2.76133e-27
1e-10, 2e-08, 3.43618e-27
1e-10, 2.4e-08, 4.11103e-27
1e-10, 2.8e-08, 4.78588e-27
1e-10, 3.2e-08, 5.46073e-27
1e-10, 3.6e-08, 6.13558e-27
1e-10, 4e-08, 6.853e-27
1e-10, 4.4e-08, 7.61874e-27
1e-10, 4.8e-08, 8.38448e-27
1e-10, 5.2e-08, 9.15022e-27
1e-10, 5.6e-08, 9.91596e-27
1e-10, 6e-08, 1.06817e-26
1e-10, 6.4e-08, 1.14474e-26
1e-10, 6.8e-08, 1.22132e-26
1e-10, 7.2e-08, 1.29789e-26
1e-10, 7.6e-08, 1.37447e-26
1e-10, 8e-08, 1.45104e-26
1e-10, 8.4e-08, 1.52278e-26
1e-10, 8.8e-08, 1.59027e-26
1e-10, 9.2e-08, 1.65775e-26
1e-10, 9.6e-08, 1.72524e-26
1e-10, 1e-07, 1.79272e-26
1e-10, 1.04e-07, 1.86021e-26
1e-10, 1.08e-07, 1.92769e-26
1e-10, 1.12e-07, 1.99518e-26
1e-10, 1.16e-07, 2.06266e-26
1e-10, 1.2e-07, 2.13842e-26
2e-10, 0, 6.31775e-34
2e-10, 4e-09, 7.40452e-28
2e-10, 8e-09, 1.41867e-27
2e-10, 1.2e-08, 2.09689e-27
2e-10, 1.6e-08, 2.77511e-27
2e-10, 2e-08, 3.45333e-27
2e-10, 2.4e-08, 4.13155e-27
2e-10, 2.8e-08, 4.80977e-27
2e-10, 3.2e-08, 5.48799e-27
2e-10, 3.6e-08, 6.16621e-27
2e-10, 4e-08, 6.88288e-27
2e-10, 4.4e-08, 7.64263e-27
2e-10, 4.8e-08, 8.40239e-27
2e-10, 5.2e-08, 9.16214e-27
2e-10, 5.6e-08, 9.92189e-27
2e-10, 6e-08, 1.06816e-26
2e-10, 6.4e-08, 1.14414e-26
2e-10, 6.8e-08, 1.22012e-26
2e-10, 7.2e-08, 1.29609e-26
2e-10, 7.6e-08, 1.37207e-26
2e-10, 8e-08, 1.44804e-26
2e-10, 8.4e-08, 1.51971e-26
2e-10, 8.8e-08, 1.58753e-26
2e-10, 9.2e-08, 1.65535e-26
2e-10, 9.6e-08, 1.72317e-26
2e-10, 1e-07, 1.791e-26
2e-10, 1.04e-07, 1.85882e-26
2e-10, 1.08e-07, 1.92664e-26
2e-10, 1.12e-07, 1.99446e-26
2e-10, 1.16e-07, 2.06228e-26
2e-10, 1.2e-07, 2.13842e-26
3e-10, 0, 6.31775e-34
3e-10, 4e-09, 7.44077e-28
3e-10, 8e-09, 1.42562e-27
3e-10, 1.2e-08, 2.10716e-27
3e-10, 1.6e-08, 2.7887e-27
3e-10, 2e-08, 3.47024e-27
3e-10, 2.4e-08, 4.15178e-27
3e-10, 2.8e-08, 4.83332e-27
3e-10, 3.2e-08, 5.51486e-27
3e-10, 3.6e-08, 6.19641e-27
3e-10, 4e-08, 6.91228e-27
3e-10, 4.4e-08, 7.66614e-27
3e-10, 4.8e-08, 8.42e-27
3e-10, 5.2e-08, 9.17387e-27
3e-10, 5.6e-08, 9.92773e-27
3e-10, 6e-08, 1.06816e-26
3e-10, 6.4e-08, 1.14355e-26
3e-10, 6.8e-08, 1.21893e-26
3e-10, 7.2e-08, 1.29432e-26
3e-10, 7.6e-08, 1.36971e-26
3e-10, 8e-08, 1.44509e-26
3e-10, 8.4e-08, 1.51668e-26
3e-10, 8.8e-08, 1.58483e-26
3e-10, 9.2e-08, 1.65299e-26
3e-10, 9.6e-08, 1.72114e-26
3e-10, 1e-07, 1.78929e-26
3e-10, 1.04e-07, 1.85745e-26
3e-10, 1.08e-07, 1.9256e-26
3e-10, 1.12e-07, 1.99376e-26
3e-10, 1.16e-07, 2.06191e-26
3e-10, 1.2e-07, 2.13842e-26
4e-10, 0, 6.31775e-34
4e-10, 4e-09, 7.47651e-28
4e-10, 8e-09, 1.43247e-27
4e-10, 1.2e-08, 2.11728e-27
4e-10, 1.6e-08, 2.8021e-27
4e-10, 2e-08, 3.48691e-27
4e-10, 2.4e-08, 4.17172e-27
4e-10, 2.8e-08, 4.85654e-27
4e-10, 3.2e-08, 5.54135e-27
4e-10, 3.6e-08, 6.22617e-27
4e-10, 4e-08, 6.94121e-27
4e-10, 4.4e-08, 7.68927e-27
4e-10, 4.8e-08, 8.43734e-27
4e-10, 5.2e-08, 9.1854e-27
4e-10, 5.6e-08, 9.93347e-27
4e-10, 6e-08, 1.06815e-26
4e-10, 6.4e-08, 1.14296e-26
4e-10, 6.8e-08, 1.21777e-26
4e-10, 7.2e-08, 1.29258e-26
4e-10, 7.6e-08, 1.36738e-26
4e-10, 8e-08, 1.44219e-26
4e-10, 8.4e-08, 1.51369e-26
4e-10, 8.8e-08, 1.58217e-26
4e-10, 9.2e-08, 1.65065e-26
4e-10, 9.6e-08, 1.71914e-26
4e-10, 1e-07, 1.78762e-26
4e-10, 1.04e-07, 1.8561e-26
4e-10, 1.08e-07, 1.92458e-26
4e-10, 1.12e-07, 1.99306e-26
4e-10, 1.16e-07, 2.06154e-26
4e-10, 1.2e-07, 2.13842e-26
5e-10, 0, 6.31775e-34
5e-10, 4e-09, 7.51175e-28
5e-10, 8e-09, 1.43922e-27
5e-10, 1.2e-08, 2.12726e-27
5e-10, 1.6e-08, 2.8153e-27
5e-10, 2e-08, 3.50334e-27
5e-10, 2.4e-08, 4.19138e-27
5e-10, 2.8e-08, 4.87942e-27
5e-10, 3.2e-08, 5.56746e-27
5e-10, 3.6e-08, 6.25551e-27
5e-10, 4e-08, 6.96967e-27
5e-10, 4.4e-08, 7.71203e-27
5e-10, 4.8e-08, 8.45439e-27
5e-10, 5.2e-08, 9.19676e-27
5e-10, 5.6e-08, 9.93913e-27
5e-10, 6e-08, 1.06815e-26
5e-10, 6.4e-08, 1.14239e-26
5e-10, 6.8e-08, 1.21662e-26
5e-10, 7.2e-08, 1.29086e-26
5e-10, 7.6e-08, 1.3651e-26
5e-10, 8e-08, 1.43933e-26
5e-10, 8.4e-08, 1.51075e-26
5e-10, 8.8e-08, 1.57955e-26
5e-10, 9.2e-08, 1.64836e-26
5e-10, 9.6e-08, 1.71716e-26
5e-10, 1e-07, 1.78596e-26
5e-10, 1.04e-07, 1.85477e-26
5e-10, 1.08e-07, 1.92357e-26
5e-10, 1.12e-07, 1.99238e-26
5e-10, 1.16e-07, 2.06118e-26
5e-10, 1.2e-07, 2.13842e-26
6e-10, 0, 6.31775e-34
6e-10, 4e-09, 7.52629e-28
6e-10, 8e-09, 1.442e-27
6e-10, 1.2e-08, 2.13138e-27
6e-10, 1.6e-08, 2.82075e-27
6e-10, 2e-08, 3.51012e-27
6e-10, 2.4e-08, 4.1995e-27
6e-10, 2.8e-08, 4.88887e-27
6e-10, 3.2e-08, 5.57824e-27
6e-10, 3.6e-08, 6.26762e-27
6e-10, 4e-08, 6.98176e-27
6e-10, 4.4e-08, 7.72252e-27
6e-10, 4.8e-08, 8.46329e-27
6e-10, 5.2e-08, 9.20406e-27
6e-10, 5.6e-08, 9.94484e-27
6e-10, 6e-08, 1.06856e-26
6e-10, 6.4e-08, 1.14264e-26
6e-10, 6.8e-08, 1.21672e-26
6e-10, 7.2e-08, 1.29079e-26
6e-10, 7.6e-08, 1.36487e-26
6e-10, 8e-08, 1.43895e-26
6e-10, 8.4e-08, 1.51036e-26
6e-10, 8.8e-08, 1.5793e-26
6e-10, 9.2e-08, 1.64823e-26
6e-10, 9.6e-08, 1.71717e-26
6e-10, 1e-07, 1.78611e-26
6e-10, 1.04e-07, 1.85505e-26
6e-10, 1.08e-07, 1.92398e-26
6e-10, 1.12e-07, 1.99292e-26
6e-10, 1.16e-07, 2.06186e-26
6e-10, 1.2e-07, 2.13925e-26
7e-10, 0, 6.31775e-34
7e-10, 4e-09, 7.52863e-28
7e-10, 8e-09, 1.44245e-27
7e-10, 1.2e-08, 2.13204e-27
7e-10, 1.6e-08, 2.82163e-27
7e-10, 2e-08, 3.51122e-27
7e-10, 2.4e-08, 4.2008e-27
7e-10, 2.8e-08, 4.89039e-27
7e-10, 3.2e-08, 5.57998e-27
7e-10, 3.6e-08, 6.26957e-27
7e-10, 4e-08, 6.98365e-27
7e-10, 4.4e-08, 7.72403e-27
7e-10, 4.8e-08, 8.46442e-27
7e-10, 5.2e-08, 9.20482e-27
7e-10, 5.6e-08, 9.94521e-27
7e-10, 6e-08, 1.06856e-26
7e-10, 6.4e-08, 1.1426e-26
7e-10, 6.8e-08, 1.21664e-26
7e-10, 7.2e-08, 1.29068e-26
7e-10, 7.6e-08, 1.36472e-26
7e-10, 8e-08, 1.43876e-26
7e-10, 8.4e-08, 1.51016e-26
7e-10, 8.8e-08, 1.57912e-26
7e-10, 9.2e-08, 1.64808e-26
7e-10, 9.6e-08, 1.71704e-26
7e-10, 1e-07, 1.786e-26
7e-10, 1.04e-07, 1.85496e-26
7e-10, 1.08e-07, 1.92392e-26
7e-10, 1.12e-07, 1.99288e-26
7e-10, 1.16e-07, 2.06184e-26
7e-10, 1.2e-07, 2.13925e-26
8e-10, 0, 6.31775e-34
8e-10, 4e-09, 7.53023e-28
8e-10, 8e-09, 1.44276e-27
8e-10, 1.2e-08, 2.13249e-27
8e-10, 1.6e-08, 2.82223e-27
8e-10, 2e-08, 3.51196e-27
8e-10, 2.4e-08, 4.20169e-27
8e-10, 2.8e-08, 4.89143e-27
8e-10, 3.2e-08, 5.58116e-27
8e-10, 3.6e-08, 6.2709e-27
8e-10, 4e-08, 6.98493e-27
8e-10, 4.4e-08, 7.72506e-27
8e-10, 4.8e-08, 8.46519e-27
8e-10, 5.2e-08, 9.20533e-27
8e-10, 5.6e-08, 9.94547e-27
8e-10, 6e-08, 1.06856e-26
8e-10, 6.4e-08, 1.14257e-26
8e-10, 6.8e-08, 1.21659e-26
8e-10, 7.2e-08, 1.2906e-26
8e-10, 7.6e-08, 1.36462e-26
8e-10, 8e-08, 1.43863e-26
8e-10, 8.4e-08, 1.51003e-26
8e-10, 8.8e-08, 1.579e-26
8e-10, 9.2e-08, 1.64798e-26
8e-10, 9.6e-08, 1.71695e-26
8e-10, 1e-07, 1.78592e-26
8e-10, 1.04e-07, 1.8549e-26
8e-10, 1.08e-07, 1.92387e-26
8e-10, 1.12e-07, 1.99284e-26
8e-10, 1.16e-07, 2.06182e-26
8e-10, 1.2e-07, 2.13925e-26
9e-10, 0, 6.31775e-34
9e-10, 4e-09, 7.53171e-28
9e-10, 8e-09, 1.44304e-27
9e-10, 1.2e-08, 2.13291e-27
9e-10, 1.6e-08, 2.82278e-27
9e-10, 2e-08, 3.51265e-27
9e-10, 2.4e-08, 4.20252e-27
9e-10, 2.8e-08, 4.89239e-27
9e-10, 3.2e-08, 5.58226e-27
9e-10, 3.6e-08, 6.27213e-27
9e-10, 4e-08, 6.98613e-27
9e-10, 4.4e-08, 7.72601e-27
9e-10, 4.8e-08, 8.46591e-27
9e-10, 5.2e-08, 9.20581e-27
9e-10, 5.6e-08, 9.9457e-27
9e-10, 6e-08, 1.06856e-26
9e-10, 6.4e-08, 1.14255e-26
9e-10, 6.8e-08, 1.21654e-26
9e-10, 7.2e-08, 1.29053e-26
9e-10, 7.6e-08, 1.36452e-26
9e-10, 8e-08, 1.43851e-26
9e-10, 8.4e-08, 1.50991e-26
9e-10, 8.8e-08, 1.57889e-26
9e-10, 9.2e-08, 1.64788e-26
9e-10, 9.6e-08, 1.71687e-26
9e-10, 1e-07, 1.78586e-26
9e-10, 1.04e-07, 1.85484e-26
9e-10, 1.08e-07, 1.92383e-26
9e-10, 1.12e-07, 1.99282e-26
9e-10, 1.16e-07, 2.0618e-26
9e-10, 1.2e-07, 2.13925e-26
1e-09, 0, 6.31775e-34
1e-09, 4e-09, 7.53312e-28
1e-09, 8e-09, 1.44331e-27
1e-09, 1.2e-08, 2.13331e-27
1e-09, 1.6e-08, 2.82331e-27
1e-09, 2e-08, 3.51331e-27
1e-09, 2.4e-08, 4.20331e-27
1e-09, 2.8e-08, 4.89331e-27
1e-09, 3.2e-08, 5.58331e-27
1e-09, 3.6e-08, 6.27331e-27
1e-09, 4e-08, 6.98727e-27
1e-09, 4.4e-08, 7.72692e-27
1e-09, 4.8e-08, 8.46659e-27
1e-09, 5.2e-08, 9.20626e-27
1e-09, 5.6e-08, 9.94593e-27
1e-09, 6e-08, 1.06856e-26
1e-09, 6.4e-08, 1.14253e-26
1e-09, 6.8e-08, 1.21649e-26
1e-09, 7.2e-08, 1.29046e-26
1e-09, 7.6e-08, 1.36443e-26
1e-09, 8e-08, 1.43839e-26
1e-09, 8.4e-08, 1.50979e-26
1e-09, 8.8e-08, 1.57879e-26
1e-09, 9.2e-08, 1.64779e-26
1e-09, 9.6e-08, 1.71679e-26
1e-09, 1e-07, 1.78579e-26
1e-09, 1.04e-07, 1.85479e-26
1e-09, 1.08e-07, 1.92379e-26
1e-09, 1.12e-07, 1.99279e-26
1e-09, 1.16e-07, 2.06179e-26
1e-09, 1.2e-07, 2.13925e-26
1.1e-09, 0, 6.31775e-34
1.1e-09, 4e-09, 7.53446e-28
1.1e-09, 8e-09, 1.44357e-27
1.1e-09, 1.2e-08, 2.13369e-27
1.1e-09, 1.6e-08, 2.82381e-27
1.1e-09, 2e-08, 3.51393e-27
1.1e-09, 2.4e-08, 4.20406e-27
1.1e-09, 2.8e-08, 4.89418e-27
1.1e-09, 3.2e-08, 5.5843e-27
1.1e-09, 3.6e-08, 6.27442e-27
1.1e-09, 4e-08, 6.98835e-27
1.1e-09, 4.4e-08, 7.72778e-27
1.1e-09, 4.8e-08, 8.46724e-27
1.1e-09, 5.2e-08, 9.20669e-27
1.1e-09, 5.6e-08, 9.94614e-27
1.1e-09, 6e-08, 1.06856e-26
1.1e-09, 6.4e-08, 1.14251e-26
1.1e-09, 6.8e-08, 1.21645e-26
1.1e-09, 7.2e-08, 1.2904e-26
1.1e-09, 7.6e-08, 1.36434e-26
1.1e-09, 8e-08, 1.43829e-26
1.1e-09, 8.4e-08, 1.50968e-26
1.1e-09, 8.8e-08, 1.57869e-26
1.1e-09, 9.2e-08, 1.6477e-26
1.1e-09, 9.6e-08, 1.71671e-26
1.1e-09, 1e-07, 1.78573e-26
1.1e-09, 1.04e-07, 1.85474e-26
1.1e-09, 1.08e-07, 1.92375e-26
1.1e-09, 1.12e-07, 1.99276e-26
1.1e-09, 1.16e-07, 2.06178e-26
1.1e-09, 1.2e-07, 2.13925e-26
1.2e-09, 0, 6.31775e-34
1.2e-09, 4e-09, 7.53573e-28
1.2e-09, 8e-09, 1.44381e-27
1.2e-09, 1.2e-08, 2.13405e-27
1.2e-09, 1.6e-08, 2.82429e-27
1.2e-09, 2e-08, 3.51453e-27
1.2e-09, 2.4e-08, 4.20477e-27
1.2e-09, 2.8e-08, 4.895e-27
1.2e-09, 3.2e-08, 5.58524e-27
1.2e-09, 3.6e-08, 6.27548e-27
1.2e-09, 4e-08, 6.98937e-27
1.2e-09, 4.4e-08, 7.7286e-27
1.2e-09, 4.8e-08, 8.46785e-27
1.2e-09, 5.2e-08, 9.2071e-27
1.2e-09, 5.6e-08, 9.94635e-27
1.2e-09, 6e-08, 1.06856e-26
1.2e-09, 6.4e-08, 1.14248e-26
1.2e-09, 6.8e-08, 1.21641e-26
1.2e-09, 7.2e-08, 1.29033e-26
1.2e-09, 7.6e-08, 1.36426e-26
1.2e-09, 8e-08, 1.43818e-26
1.2e-09, 8.4e-08, 1.50957e-26
1.2e-09, 8.8e-08, 1.5786e-26
1.2e-09, 9.2e-08, 1.64762e-26
1.2e-09, 9.6e-08, 1.71664e-26
1.2e-09, 1e-07, 1.78567e-26
1.2e-09, 1.04e-07, 1.85469e-26
1.2e-09, 1.08e-07, 1.92371e-26
1.2e-09, 1.12e-07, 1.99274e-26
1.2e-09, 1.16e-07, 2.06176e-26
1.2e-09, 1.2e-07, 2.13925e-26
1.3e-09, 0, 6.31775e-34
1.3e-09, 4e-09, 7.53693e-28
1.3e-09, 8e-09, 1.44404e-27
1.3e-09, 1.2e-08, 2.13439e-27
1.3e-09, 1.6e-08, 2.82474e-27
1.3e-09, 2e-08, 3.51509e-27
1.3e-09, 2.4e-08, 4.20543e-27
1.3e-09, 2.8e-08, 4.89578e-27
1.3e-09, 3.2e-08, 5.58613e-27
1.3e-09, 3.6e-08, 6.27648e-27
1.3e-09, 4e-08, 6.99034e-27
1.3e-09, 4.4e-08, 7.72937e-27
1.3e-09, 4.8e-08, 8.46843e-27
1.3e-09, 5.2e-08, 9.20748e-27
1.3e-09, 5.6e-08, 9.94654e-27
1.3e-09, 6e-08, 1.06856e-26
1.3e-09, 6.4e-08, 1.14246e-26
1.3e-09, 6.8e-08, 1.21637e-26
1.3e-09, 7.2e-08, 1.29028e-26
1.3e-09, 7.6e-08, 1.36418e-26
1.3e-09, 8e-08, 1.43809e-26
1.3e-09, 8.4e-08, 1.50947e-26
1.3e-09, 8.8e-08, 1.57851e-26
1.3e-09, 9.2e-08, 1.64754e-26
1.3e-09, 9.6e-08, 1.71658e-26
1.3e-09, 1e-07, 1.78561e-26
1.3e-09, 1.04e-07, 1.85465e-26
1.3e-09, 1.08e-07, 1.92368e-26
1.3e-09, 1.12e-07, 1.99271e-26
1.3e-09, 1.16e-07, 2.06175e-26
1.3e-09, 1.2e-07, 2.13925e-26
1.4e-09, 0, 6.31775e-34
1.4e-09, 4e-09, 7.53806e-28
1.4e-09, 8e-09, 1.44426e-27
1.4e-09, 1.2e-08, 2.13471e-27
1.4e-09, 1.6e-08, 2.82516e-27
1.4e-09, 2e-08, 3.51561e-27
1.4e-09, 2.4e-08, 4.20606e-27
1.4e-09, 2.8e-08, 4.89652e-27
1.4e-09, 3.2e-08, 5.58697e-27
1.4e-09, 3.6e-08, 6.27742e-27
1.4e-09, 4e-08, 6.99125e-27
1.4e-09, 4.4e-08, 7.7301e-27
1.4e-09, 4.8e-08, 8.46897e-27
1.4e-09, 5.2e-08, 9.20785e-27
1.4e-09, 5.6e-08, 9.94672e-27
1.4e-09, 6e-08, 1.06856e-26
1.4e-09, 6.4e-08, 1.14245e-26
1.4e-09, 6.8e-08, 1.21633e-26
1.4e-09, 7.2e-08, 1.29022e-26
1.4e-09, 7.6e-08, 1.36411e-26
1.4e-09, 8e-08, 1.43799e-26
1.4e-09, 8.4e-08, 1.50938e-26
1.4e-09, 8.8e-08, 1.57842e-26
1.4e-09, 9.2e-08, 1.64747e-26
1.4e-09, 9.6e-08, 1.71651e-26
1.4e-09, 1e-07, 1.78556e-26
1.4e-09, 1.04e-07, 1.8546e-26
1.4e-09, 1.08e-07, 1.92365e-26
1.4e-09, 1.12e-07, 1.99269e-26
1.4e-09, 1.16e-07, 2.06174e-26
1.4e-09, 1.2e-07, 2.13925e-26
1.5e-09, 0, 6.31775e-34
1.5e-09, 4e-09, 7.53912e-28
1.5e-09, 8e-09, 1.44446e-27
1.5e-09, 1.2e-08, 2.13501e-27
1.5e-09, 1.6e-08, 2.82556e-27
1.5e-09, 2e-08, 3.51611e-27
1.5e-09, 2.4e-08, 4.20665e-27
1.5e-09, 2.8e-08, 4.8972e-27
1.5e-09, 3.2e-08, 5.58775e-27
1.5e-09, 3.6e-08, 6.2783e-27
1.5e-09, 4e-08, 6.9921e-27
1.5e-09, 4.4e-08, 7.73078e-27
1.5e-09, 4.8e-08, 8.46949e-27
1.5e-09, 5.2e-08, 9.20819e-27
1.5e-09, 5.6e-08, 9.94689e-27
1.5e-09, 6e-08, 1.06856e-26
1.5e-09, 6.4e-08, 1.14243e-26
1.5e-09, 6.8e-08, 1.2163e-26
1.5e-09, 7.2e-08, 1.29017e-26
1.5e-09, 7.6e-08, 1.36404e-26
1.5e-09, 8e-08, 1.43791e-26
1.5e-09, 8.4e-08, 1.50929e-26
1.5e-09, 8.8e-08, 1.57834e-26
1.5e-09, 9.2e-08, 1.6474e-26
1.5e-09, 9.6e-08, 1.71645e-26
1.5e-09, 1e-07, 1.78551e-26
1.5e-09, 1.04e-07, 1.85456e-26
1.5e-09, 1.08e-07, 1.92362e-26
1.5e-09, 1.12e-07, 1.99267e-26
1.5e-09, 1.16e-07, 2.06173e-26
1.5e-09, 1.2e-07, 2.13925e-26
1.6e-09, 0, 6.31775e-34
1.6e-09, 4e-09, 7.54011e-28
1.6e-09, 8e-09, 1.44465e-27
1.6e-09, 1.2e-08, 2.13529e-27
1.6e-09, 1.6e-08, 2.82593e-27
1.6e-09, 2e-08, 3.51657e-27
1.6e-09, 2.4e-08, 4.20721e-27
1.6e-09, 2.8e-08, 4.89785e-27
1.6e-09, 3.2e-08, 5.58849e-27
1.6e-09, 3.6e-08, 6.27913e-27
1.6e-09, 4e-08, 6.9929e-27
1.6e-09, 4.4e-08, 7.73142e-27
1.6e-09, 4.8e-08, 8.46996e-27
1.6e-09, 5.2e-08, 9.20851e-27
1.6e-09, 5.6e-08, 9.94705e-27
1.6e-09, 6e-08, 1.06856e-26
1.6e-09, 6.4e-08, 1.14241e-26
1.6e-09, 6.8e-08, 1.21627e-26
1.6e-09, 7.2e-08, 1.29012e-26
1.6e-09, 7.6e-08, 1.36398e-26
1.6e-09, 8e-08, 1.43783e-26
1.6e-09, 8.4e-08, 1.50921e-26
1.6e-09, 8.8e-08, 1.57827e-26
1.6e-09, 9.2e-08, 1.64733e-26
1.6e-09, 9.6e-08, 1.7164e-26
1.6e-09, 1e-07, 1.78546e-26
1.6e-09, 1.04e-07, 1.85453e-26
1.6e-09, 1.08e-07, 1.92359e-26
1.6e-09, 1.12e-07, 1.99265e-26
1.6e-09, 1.16e-07, 2.06172e-26
1.6e-09, 1.2e-07, 2.13925e-26
1.7e-09, 0, 6.31775e-34
1.7e-09, 4e-09, 7.54103e-28
1.7e-09, 8e-09, 1.44483e-27
1.7e-09, 1.2e-08, 2.13555e-27
1.7e-09, 1.6e-08, 2.82627e-27
1.7e-09, 2e-08, 3.517e-27
1.7e-09, 2.4e-08, 4.20772e-27
1.7e-09, 2.8e-08, 4.89844e-27
1.7e-09, 3.2e-08, 5.58917e-27
1.7e-09, 3.6e-08, 6.27989e-27
1.7e-09, 4e-08, 6.99364e-27
1.7e-09, 4.4e-08, 7.73201e-27
1.7e-09, 4.8e-08, 8.47041e-27
1.7e-09, 5.2e-08, 9.2088e-27
1.7e-09, 5.6e-08, 9.9472e-27
1.7e-09, 6e-08, 1.06856e-26
1.7e-09, 6.4e-08, 1.1424e-26
1.7e-09, 6.8e-08, 1.21624e-26
1.7e-09, 7.2e-08, 1.29008e-26
1.7e-09, 7.6e-08, 1.36392e-26
1.7e-09, 8e-08, 1.43775e-26
1.7e-09, 8.4e-08, 1.50913e-26
1.7e-09, 8.8e-08, 1.5782e-26
1.7e-09, 9.2e-08, 1.64727e-26
1.7e-09, 9.6e-08, 1.71635e-26
1.7e-09, 1e-07, 1.78542e-26
1.7e-09, 1.04e-07, 1.85449e-26
1.7e-09, 1.08e-07, 1.92356e-26
1.7e-09, 1.12e-07, 1.99263e-26
1.7e-09, 1.16e-07, 2.06171e-26
1.7e-09, 1.2e-07, 2.13925e-26
1.8e-09, 0, 6.31775e-34
1.8e-09, 4e-09, 7.54188e-28
1.8e-09, 8e-09, 1.44499e-27
1.8e-09, 1.2e-08, 2.13579e-27
1.8e-09, 1.6e-08, 2.82659e-27
1.8e-09, 2e-08, 3.5174e-27
1.8e-09, 2.4e-08, 4.2082e-27
1.8e-09, 2.8e-08, 4.899e-27
1.8e-09, 3.2e-08, 5.5898e-27
1.8e-09, 3.6e-08, 6.2806e-27
1.8e-09, 4e-08, 6.99433e-27
1.8e-09, 4.4e-08, 7.73256e-27
1.8e-09, 4.8e-08, 8.47082e-27
1.8e-09, 5.2e-08, 9.20908e-27
1.8e-09, 5.6e-08, 9.94733e-27
1.8e-09, 6e-08, 1.06856e-26
1.8e-09, 6.4e-08, 1.14238e-26
1.8e-09, 6.8e-08, 1.21621e-26
1.8e-09, 7.2e-08, 1.29004e-26
1.8e-09, 7.6e-08, 1.36386e-26
1.8e-09, 8e-08, 1.43768e-26
1.8e-09, 8.4e-08, 1.50906e-26
1.8e-09, 8.8e-08, 1.57814e-26
1.8e-09, 9.2e-08, 1.64722e-26
1.8e-09, 9.6e-08, 1.7163e-26
1.8e-09, 1e-07, 1.78538e-26
1.8e-09, 1.04e-07, 1.85446e-26
1.8e-09, 1.08e-07, 1.92354e-26
1.8e-09, 1.12e-07, 1.99262e-26
1.8e-09, 1.16e-07, 2.0617e-26
1.8e-09, 1.2e-07, 2.13925e-26
1.9e-09, 0, 6.31775e-34
1.9e-09, 4e-09, 7.54266e-28
1.9e-09, 8e-09, 1.44514e-27
1.9e-09, 1.2e-08, 2.13601e-27
1.9e-09, 1.6e-08, 2.82689e-27
1.9e-09, 2e-08, 3.51776e-27
1.9e-09, 2.4e-08, 4.20863e-27
1.9e-09, 2.8e-08, 4.89951e-27
1.9e-09, 3.2e-08, 5.59038e-27
1.9e-09, 3.6e-08, 6.28125e-27
1.9e-09, 4e-08, 6.99496e-27
1.9e-09, 4.4e-08, 7.73307e-27
1.9e-09, 4.8e-08, 8.4712e-27
1.9e-09, 5.2e-08, 9.20933e-27
1.9e-09, 5.6e-08, 9.94746e-27
1.9e-09, 6e-08, 1.06856e-26
1.9e-09, 6.4e-08, 1.14237e-26
1.9e-09, 6.8e-08, 1.21618e-26
1.9e-09, 7.2e-08, 1.29e-26
1.9e-09, 7.6e-08, 1.36381e-26
1.9e-09, 8e-08, 1.43762e-26
1.9e-09, 8.4e-08, 1.50899e-26
1.9e-09, 8.8e-08, 1.57808e-26
1.9e-09, 9.2e-08, 1.64717e-26
1.9e-09, 9.6e-08, 1.71625e-26
1.9e-09, 1e-07, 1.78534e-26
1.9e-09, 1.04e-07, 1.85443e-26
1.9e-09, 1.08e-07, 1.92352e-26
1.9e-09, 1.12e-07, 1.9926e-26
1.9e-09, 1.16e-07, 2.06169e-26
1.9e-09, 1.2e-07, 2.13925e-26
2e-09, 0, 6.31775e-34
2e-09, 4e-09, 7.54338e-28
2e-09, 8e-09, 1.44528e-27
2e-09, 1.2e-08, 2.13622e-27
2e-09, 1.6e-08, 2.82716e-27
2e-09, 2e-08, 3.51809e-27
2e-09, 2.4e-08, 4.20903e-27
2e-09, 2.8e-08, 4.89997e-27
2e-09, 3.2e-08, 5.59091e-27
2e-09, 3.6e-08, 6.28185e-27
2e-09, 4e-08, 6.99553e-27
2e-09, 4.4e-08, 7.73353e-27
2e-09, 4.8e-08, 8.47154e-27
2e-09, 5.2e-08, 9.20956e-27
2e-09, 5.6e-08, 9.94757e-27
2e-09, 6e-08, 1.06856e-26
2e-09, 6.4e-08, 1.14236e-26
2e-09, 6.8e-08, 1.21616e-26
2e-09, 7.2e-08, 1.28996e-26
2e-09, 7.6e-08, 1.36376e-26
2e-09, 8e-08, 1.43756e-26
2e-09, 8.4e-08, 1.50893e-26
2e-09, 8.8e-08, 1.57803e-26
2e-09, 9.2e-08, 1.64712e-26
2e-09, 9.6e-08, 1.71621e-26
2e-09, 1e-07, 1.78531e-26
2e-09, 1.04e-07, 1.8544e-26
2e-09, 1.08e-07, 1.9235e-26
2e-09, 1.12e-07, 1.99259e-26
2e-09, 1.16e-07, 2.06168e-26
2e-09, 1.2e-07, 2.13925e-26
2.1e-09, 0, 6.31775e-34
2.1e-09, 4e-09, 7.54402e-28
2.1e-09, 8e-09, 1.4454e-27
2.1e-09, 1.2e-08, 2.1364e-27
2.1e-09, 1.6e-08, 2.8274e-27
2.1e-09, 2e-08, 3.5184e-27
2.1e-09, 2.4e-08, 4.20939e-27
2.1e-09, 2.8e-08, 4.90039e-27
2.1e-09, 3.2e-08, 5.59139e-27
2.1e-09, 3.6e-08, 6.28239e-27
2.1e-09, 4e-08, 6.99605e-27
2.1e-09, 4.4e-08, 7.73395e-27
2.1e-09, 4.8e-08, 8.47185e-27
2.1e-09, 5.2e-08, 9.20976e-27
2.1e-09, 5.6e-08, 9.94767e-27
2.1e-09, 6e-08, 1.06856e-26
2.1e-09, 6.4e-08, 1.14235e-26
2.1e-09, 6.8e-08, 1.21614e-26
2.1e-09, 7.2e-08, 1.28993e-26
2.1e-09, 7.6e-08, 1.36372e-26
2.1e-09, 8e-08, 1.43751e-26
2.1e-09, 8.4e-08, 1.50888e-26
2.1e-09, 8.8e-08, 1.57798e-26
2.1e-09, 9.2e-08, 1.64708e-26
2.1e-09, 9.6e-08, 1.71618e-26
2.1e-09, 1e-07, 1.78528e-26
2.1e-09, 1.04e-07, 1.85438e-26
2.1e-09, 1.08e-07, 1.92348e-26
2.1e-09, 1.12e-07, 1.99258e-26
2.1e-09, 1.16e-07, 2.06168e-26
2.1e-09, 1.2e-07, 2.13925e-26
2.2e-09, 0, 6.31775e-34
2.2e-09, 4e-09, 7.5446e-28
2.2e-09, 8e-09, 1.44551e-27
2.2e-09, 1.2e-08, 2.13656e-27
2.2e-09, 1.6e-08, 2.82761e-27
2.2e-09, 2e-08, 3.51866e-27
2.2e-09, 2.4e-08, 4.20972e-27
2.2e-09, 2.8e-08, 4.90077e-27
2.2e-09, 3.2e-08, 5.59182e-27
2.2e-09, 3.6e-08, 6.28287e-27
2.2e-09, 4e-08, 6.99652e-27
2.2e-09, 4.4e-08, 7.73432e-27
2.2e-09, 4.8e-08, 8.47213e-27
2.2e-09, 5.2e-08, 9.20995e-27
2.2e-09, 5.6e-08, 9.94777e-27
2.2e-09, 6e-08, 1.06856e-26
2.2e-09, 6.4e-08, 1.14234e-26
2.2e-09, 6.8e-08, 1.21612e-26
2.2e-09, 7.2e-08, 1.2899e-26
2.2e-09, 7.6e-08, 1.36369e-26
2.2e-09, 8e-08, 1.43746e-26
2.2e-09, 8.4e-08, 1.50883e-26
2.2e-09, 8.8e-08, 1.57793e-26
2.2e-09, 9.2e-08, 1.64704e-26
2.2e-09, 9.6e-08, 1.71615e-26
2.2e-09, 1e-07, 1.78525e-26
2.2e-09, 1.04e-07, 1.85436e-26
2.2e-09, 1.08e-07, 1.92346e-26
2.2e-09, 1.12e-07, 1.99257e-26
2.2e-09, 1.16e-07, 2.06167e-26
2.2e-09, 1.2e-07, 2.13925e-26
2.3e-09, 0, 6.31775e-34
2.3e-09, 4e-09, 7.54511e-28
2.3e-09, 8e-09, 1.44561e-27
2.3e-09, 1.2e-08, 2.13671e-27
2.3e-09, 1.6e-08, 2.82781e-27
2.3e-09, 2e-08, 3.5189e-27
2.3e-09, 2.4e-08, 4.21e-27
2.3e-09, 2.8e-08, 4.9011e-27
2.3e-09, 3.2e-08, 5.5922e-27
2.3e-09, 3.6e-08, 6.28329e-27
2.3e-09, 4e-08, 6.99693e-27
2.3e-09, 4.4e-08, 7.73465e-27
2.3e-09, 4.8e-08, 8.47238e-27
2.3e-09, 5.2e-08, 9.21011e-27
2.3e-09, 5.6e-08, 9.94785e-27
2.3e-09, 6e-08, 1.06856e-26
2.3e-09, 6.4e-08, 1.14233e-26
2.3e-09, 6.8e-08, 1.21611e-26
2.3e-09, 7.2e-08, 1.28988e-26
2.3e-09, 7.6e-08, 1.36365e-26
2.3e-09, 8e-08, 1.43742e-26
2.3e-09, 8.4e-08, 1.50879e-26
2.3e-09, 8.8e-08, 1.5779e-26
2.3e-09, 9.2e-08, 1.64701e-26
2.3e-09, 9.6e-08, 1.71612e-26
2.3e-09, 1e-07, 1.78523e-26
2.3e-09, 1.04e-07, 1.85434e-26
2.3e-09, 1.08e-07, 1.92345e-26
2.3e-09, 1.12e-07, 1.99256e-26
2.3e-09, 1.16e-07, 2.06167e-26
2.3e-09, 1.2e-07, 2.13925e-26
2.4e-09, 0, 6.31775e-34
2.4e-09, 4e-09, 7.54555e-28
2.4e-09, 8e-09, 1.44569e-27
2.4e-09, 1.2e-08, 2.13683e-27
2.4e-09, 1.6e-08, 2.82797e-27
2.4e-09, 2e-08, 3.51911e-27
2.4e-09, 2.4e-08, 4.21025e-27
2.4e-09, 2.8e-08, 4.90138e-27
2.4e-09, 3.2e-08, 5.59252e-27
2.4e-09, 3.6e-08, 6.28366e-27
2.4e-09, 4e-08, 6.99729e-27
2.4e-09, 4.4e-08, 7.73493e-27
2.4e-09, 4.8e-08, 8.47259e-27
2.4e-09, 5.2e-08, 9.21026e-27
2.4e-09, 5.6e-08, 9.94792e-27
2.4e-09, 6e-08, 1.06856e-26
2.4e-09, 6.4e-08, 1.14232e-26
2.4e-09, 6.8e-08, 1.21609e-26
2.4e-09, 7.2e-08, 1.28986e-26
2.4e-09, 7.6e-08, 1.36362e-26
2.4e-09, 8e-08, 1.43739e-26
2.4e-09, 8.4e-08, 1.50875e-26
2.4e-09, 8.8e-08, 1.57786e-26
2.4e-09, 9.2e-08, 1.64698e-26
2.4e-09, 9.6e-08, 1.71609e-26
2.4e-09, 1e-07, 1.78521e-26
2.4e-09, 1.04e-07, 1.85432e-26
2.4e-09, 1.08e-07, 1.92343e-26
2.4e-09, 1.12e-07, 1.99255e-26
2.4e-09, 1.16e-07, 2.06166e-26
2.4e-09, 1.2e-07, 2.13925e-26
2.5e-09, 0, 6.31775e-34
2.5e-09, 4e-09, 7.54593e-28
2.5e-09, 8e-09, 1.44577e-27
2.5e-09, 1.2e-08, 2.13694e-27
2.5e-09, 1.6e-08, 2.82811e-27
2.5e-09, 2e-08, 3.51928e-27
2.5e-09, 2.4e-08, 4.21045e-27
2.5e-09, 2.8e-08, 4.90163e-27
2.5e-09, 3.2e-08, 5.5928e-27
2.5e-09, 3.6e-08, 6.28397e-27
2.5e-09, 4e-08, 6.99759e-27
2.5e-09, 4.4e-08, 7.73517e-27
2.5e-09, 4.8e-08, 8.47277e-27
2.5e-09, 5.2e-08, 9.21038e-27
2.5e-09, 5.6e-08, 9.94798e-27
2.5e-09, 6e-08, 1.06856e-26
2.5e-09, 6.4e-08, 1.14232e-26
2.5e-09, 6.8e-08, 1.21608e-26
2.5e-09, 7.2e-08, 1.28984e-26
2.5e-09, 7.6e-08, 1.3636e-26
2.5e-09, 8e-08, 1.43736e-26
2.5e-09, 8.4e-08, 1.50872e-26
2.5e-09, 8.8e-08, 1.57784e-26
2.5e-09, 9.2e-08, 1.64695e-26
2.5e-09, 9.6e-08, 1.71607e-26
2.5e-09, 1e-07, 1.78519e-26
2.5e-09, 1.04e-07, 1.85431e-26
2.5e-09, 1.08e-07, 1.92342e-26
2.5e-09, 1.12e-07, 1.99254e-26
2.5e-09, 1.16e-07, 2.06166e-26
2.5e-09, 1.2e-07, 2.13925e-26
2.6e-09, 0, 6.31775e-34
2.6e-09, 4e-09, 7.54623e-28
2.6e-09, 8e-09, 1.44582e-27
2.6e-09, 1.2e-08, 2.13702e-27
2.6e-09, 1.6e-08, 2.82823e-27
2.6e-09, 2e-08, 3.51943e-27
2.6e-09, 2.4e-08, 4.21063e-27
2.6e-09, 2.8e-08, 4.90183e-27
2.6e-09, 3.2e-08, 5.59303e-27
2.6e-09, 3.6e-08, 6.28423e-27
2.6e-09, 4e-08, 6.99783e-27
2.6e-09, 4.4e-08, 7.73537e-27
2.6e-09, 4.8e-08, 8.47292e-27
2.6e-09, 5.2e-08, 9.21047e-27
2.6e-09, 5.6e-08, 9.94803e-27
2.6e-09, 6e-08, 1.06856e-26
2.6e-09, 6.4e-08, 1.14231e-26
2.6e-09, 6.8e-08, 1.21607e-26
2.6e-09, 7.2e-08, 1.28982e-26
2.6e-09, 7.6e-08, 1.36358e-26
2.6e-09, 8e-08, 1.43733e-26
2.6e-09, 8.4e-08, 1.50869e-26
2.6e-09, 8.8e-08, 1.57781e-26
2.6e-09, 9.2e-08, 1.64693e-26
2.6e-09, 9.6e-08, 1.71605e-26
2.6e-09, 1e-07, 1.78517e-26
2.6e-09, 1.04e-07, 1.85429e-26
2.6e-09, 1.08e-07, 1.92341e-26
2.6e-09, 1.12e-07, 1.99253e-26
2.6e-09, 1.16e-07, 2.06165e-26
2.6e-09, 1.2e-07, 2.13925e-26
2.7e-09, 0, 6.31775e-34
2.7e-09, 4e-09, 7.54647e-28
2.7e-09, 8e-09, 1.44587e-27
2.7e-09, 1.2e-08, 2.13709e-27
2.7e-09, 1.6e-08, 2.82831e-27
2.7e-09, 2e-08, 3.51954e-27
2.7e-09, 2.4e-08, 4.21076e-27
2.7e-09, 2.8e-08, 4.90198e-27
2.7e-09, 3.2e-08, 5.5932e-27
2.7e-09, 3.6e-08, 6.28442e-27
2.7e-09, 4e-08, 6.99802e-27
2.7e-09, 4.4e-08, 7.73552e-27
2.7e-09, 4.8e-08, 8.47303e-27
2.7e-09, 5.2e-08, 9.21055e-27
2.7e-09, 5.6e-08, 9.94807e-27
2.7e-09, 6e-08, 1.06856e-26
2.7e-09, 6.4e-08, 1.14231e-26
2.7e-09, 6.8e-08, 1.21606e-26
2.7e-09, 7.2e-08, 1.28981e-26
2.7e-09, 7.6e-08, 1.36356e-26
2.7e-09, 8e-08, 1.43731e-26
2.7e-09, 8.4e-08, 1.50867e-26
2.7e-09, 8.8e-08, 1.5778e-26
2.7e-09, 9.2e-08, 1.64692e-26
2.7e-09, 9.6e-08, 1.71604e-26
2.7e-09, 1e-07, 1.78516e-26
2.7e-09, 1.04e-07, 1.85428e-26
2.7e-09, 1.08e-07, 1.92341e-26
2.7e-09, 1.12e-07, 1.99253e-26
2.7e-09, 1.16e-07, 2.06165e-26
2.7e-09, 1.2e-07, 2.13925e-26
2.8e-09, 0, 6.31775e-34
2.8e-09, 4e-09, 7.54664e-28
2.8e-09, 8e-09, 1.4459e-27
2.8e-09, 1.2e-08, 2.13714e-27
2.8e-09, 1.6e-08, 2.82838e-27
2.8e-09, 2e-08, 3.51961e-27
2.8e-09, 2.4e-08, 4.21085e-27
2.8e-09, 2.8e-08, 4.90209e-27
2.8e-09, 3.2e-08, 5.59333e-27
2.8e-09, 3.6e-08, 6.28457e-27
2.8e-09, 4e-08, 6.99816e-27
2.8e-09, 4.4e-08, 7.73563e-27
2.8e-09, 4.8e-08, 8.47312e-27
2.8e-09, 5.2e-08, 9.2106e-27
2.8e-09, 5.6e-08, 9.94809e-27
2.8e-09, 6e-08, 1.06856e-26
2.8e-09, 6.4e-08, 1.14231e-26
2.8e-09, 6.8e-08, 1.21606e-26
2.8e-09, 7.2e-08, 1.2898e-26
2.8e-09, 7.6e-08, 1.36355e-26
2.8e-09, 8e-08, 1.4373e-26
2.8e-09, 8.4e-08, 1.50866e-26
2.8e-09, 8.8e-08, 1.57778e-26
2.8e-09, 9.2e-08, 1.64691e-26
2.8e-09, 9.6e-08, 1.71603e-26
2.8e-09, 1e-07, 1.78515e-26
2.8e-09, 1.04e-07, 1.85428e-26
2.8e-09, 1.08e-07, 1.9234e-26
2.8e-09, 1.12e-07, 1.99253e-26
2.8e-09, 1.16e-07, 2.06165e-26
2.8e-09, 1.2e-07, 2.13925e-26
2.9e-09, 0, 6.31775e-34
2.9e-09, 4e-09, 7.54674e-28
2.9e-09, 8e-09, 1.44592e-27
2.9e-09, 1.2e-08, 2.13717e-27
2.9e-09, 1.6e-08, 2.82842e-27
2.9e-09, 2e-08, 3.51966e-27
2.9e-09, 2.4e-08, 4.21091e-27
2.9e-09, 2.8e-08, 4.90216e-27
2.9e-09, 3.2e-08, 5.5934e-27
2.9e-09, 3.6e-08, 6.28465e-27
2.9e-09, 4e-08, 6.99824e-27
2.9e-09, 4.4e-08, 7.73569e-27
2.9e-09, 4.8e-08, 8.47317e-27
2.9e-09, 5.2e-08, 9.21064e-27
2.9e-09, 5.6e-08, 9.94811e-27
2.9e-09, 6e-08, 1.06856e-26
2.9e-09, 6.4e-08, 1.14231e-26
2.9e-09, 6.8e-08, 1.21605e-26
2.9e-09, 7.2e-08, 1.2898e-26
2.9e-09, 7.6e-08, 1.36355e-26
2.9e-09, 8e-08, 1.43729e-26
2.9e-09, 8.4e-08, 1.50865e-26
2.9e-09, 8.8e-08, 1.57778e-26
2.9e-09, 9.2e-08, 1.6469e-26
2.9e-09, 9.6e-08, 1.71603e-26
2.9e-09, 1e-07, 1.78515e-26
2.9e-09, 1.04e-07, 1.85427e-26
2.9e-09, 1.08e-07, 1.9234e-26
2.9e-09, 1.12e-07, 1.99252e-26
2.9e-09, 1.16e-07, 2.06165e-26
2.9e-09, 1.2e-07, 2.13925e-26
3e-09, 0, 6.31775e-34
3e-09, 4e-09, 7.54677e-28
3e-09, 8e-09, 1.44593e-27
3e-09, 1.2e-08, 2.13718e-27
3e-09, 1.6e-08, 2.82843e-27
3e-09, 2e-08, 3.51968e-27
3e-09, 2.4e-08, 4.21093e-27
3e-09, 2.8e-08, 4.90218e-27
3e-09, 3.2e-08, 5.59343e-27
3e-09, 3.6e-08, 6.28468e-27
3e-09, 4e-08, 6.99827e-27
3e-09, 4.4e-08, 7.73572e-27
3e-09, 4.8e-08, 8.47318e-27
3e-09, 5.2e-08, 9.21065e-27
3e-09, 5.6e-08, 9.94811e-27
3e-09, 6e-08, 1.06856e-26
3e-09, 6.4e-08, 1.1423e-26
3e-09, 6.8e-08, 1.21605e-26
3e-09, 7.2e-08, 1.2898e-26
3e-09, 7.6e-08, 1.36354e-26
3e-09, 8e-08, 1.43729e-26
3e-09, 8.4e-08, 1.50865e-26
3e-09, 8.8e-08, 1.57777e-26
3e-09, 9.2e-08, 1.6469e-26
3e-09, 9.6e-08, 1.71602e-26
3e-09, 1e-07, 1.78515e-26
3e-09, 1.04e-07, 1.85427e-26
3e-09, 1.08e-07, 1.9234e-26
3e-09, 1.12e-07, 1.99252e-26
3e-09, 1.16e-07, 2.06165e-26
3e-09, 1.2e-07, 2.13925e-26
3.1e-09, 0, 6.31775e-34
3.1e-09, 4e-09, 7.54674e-28
3.1e-09, 8e-09, 1.44592e-27
3.1e-09, 1.2e-08, 2.13717e-27
3.1e-09, 1.6e-08, 2.82842e-27
3.1e-09, 2e-08, 3.51966e-27
3.1e-09, 2.4e-08, 4.21091e-27
3.1e-09, 2.8e-08, 4.90216e-27
3.1e-09, 3.2e-08, 5.5934e-27
3.1e-09, 3.6e-08, 6.28465e-27
3.1e-09, 4e-08, 6.99824e-27
3.1e-09, 4.4e-08, 7.73569e-27
3.1e-09, 4.8e-08, 8.47317e-27
3.1e-09, 5.2e-08, 9.21064e-27
3.1e-09, 5.6e-08, 9.94811e-27
3.1e-09, 6e-08, 1.06856e-26
3.1e-09, 6.4e-08, 1.14231e-26
3.1e-09, 6.8e-08, 1.21605e-26
3.1e-09, 7.2e-08, 1.2898e-26
3.1e-09, 7.6e-08, 1.36355e-26
3.1e-09, 8e-08, 1.43729e-26
3.1e-09, 8.4e-08, 1.50865e-26
3.1e-09, 8.8e-08, 1.57778e-26
3.1e-09, 9.2e-08, 1.6469e-26
3.1e-09, 9.6e-08, 1.71603e-26
3.1e-09, 1e-07, 1.78515e-26
3.1e-09, 1.04e-07, 1.85427e-26
3.1e-09, 1.08e-07, 1.9234e-26
3.1e-09, 1.12e-07, 1.99252e-26
3.1e-09, 1.16e-07, 2.06165e-26
3.1e-09, 1.2e-07, 2.13925e-26
3.2e-09, 0, 6.31775e-34
3.2e-09, 4e-09, 7.54664e-28
3.2e-09, 8e-09, 1.4459e-27
3.2e-09, 1.2e-08, 2.13714e-27
3.2e-09, 1.6e-08, 2.82838e-27
3.2e-09, 2e-08, 3.51961e-27
3.2e-09, 2.4e-08, 4.21085e-27
3.2e-09, 2.8e-08, 4.90209e-27
3.2e-09, 3.2e-08, 5.59333e-27
3.2e-09, 3.6e-08, 6.28457e-27
3.2e-09, 4e-08, 6.99816e-27
3.2e-09, 4.4e-08, 7.73563e-27
3.2e-09, 4.8e-08, 8.47312e-27
3.2e-09, 5.2e-08, 9.2106e-27
3.2e-09, 5.6e-08, 9.94809e-27
3.2e-09, 6e-08, 1.06856e-26
3.2e-09, 6.4e-08, 1.14231e-26
3.2e-09, 6.8e-08, 1.21606e-26
3.2e-09, 7.2e-08, 1.2898e-26
3.2e-09, 7.6e-08, 1.36355e-26
3.2e-09, 8e-08, 1.4373e-26
3.2e-09, 8.4e-08, 1.50866e-26
3.2e-09, 8.8e-08, 1.57778e-26
3.2e-09, 9.2e-08, 1.64691e-26
3.2e-09, 9.6e-08, 1.71603e-26
3.2e-09, 1e-07, 1.78515e-26
3.2e-09, 1.04e-07, 1.85428e-26
3.2e-09, 1.08e-07, 1.9234e-26
3.2e-09, 1.12e-07, 1.99253e-26
3.2e-09, 1.16e-07, 2.06165e-26
3.2e-09, 1.2e-07, 2.13925e-26
3.3e-09, 0, 6.31775e-34
3.3e-09, 4e-09, 7.54647e-28
3.3e-09, 8e-09, 1.44587e-27
3.3e-09, 1.2e-08, 2.13709e-27
3.3e-09, 1.6e-08, 2.82831e-27
3.3e-09, 2e-08, 3.51954e-27
3.3e-09, 2.4e-08, 4.21076e-27
3.3e-09, 2.8e-08, 4.90198e-27
3.3e-09, 3.2e-08, 5.5932e-27
3.3e-09, 3.6e-08, 6.28442e-27
3.3e-09, 4e-08, 6.99802e-27
3.3e-09, 4.4e-08, 7.73552e-27
3.3e-09, 4.8e-08, 8.47303e-27
3.3e-09, 5.2e-08, 9.21055e-27
3.3e-09, 5.6e-08, 9.94807e-27
3.3e-09, 6e-08, 1.06856e-26
3.3e-09, 6.4e-08, 1.14231e-26
3.3e-09, 6.8e-08, 1.21606e-26
3.3e-09, 7.2e-08, 1.28981e-26
3.3e-09, 7.6e-08, 1.36356e-26
3.3e-09, 8e-08, 1.43731e-26
3.3e-09, 8.4e-08, 1.50867e-26
3.3e-09, 8.8e-08, 1.5778e-26
3.3e-09, 9.2e-08, 1.64692e-26
3.3e-09, 9.6e-08, 1.71604e-26
3.3e-09, 1e-07, 1.78516e-26
3.3e-09, 1.04e-07, 1.85428e-26
3.3e-09, 1.08e-07, 1.92341e-26
3.3e-09, 1.12e-07, 1.99253e-26
3.3e-09, 1.16e-07, 2.06165e-26
3.3e-09, 1.2e-07, 2.13925e-26
3.4e-09, 0, 6.31775e-34
3.4e-09, 4e-09, 7.54623e-28
3.4e-09, 8e-09, 1.44582e-27
3.4e-09, 1.2e-08, 2.13702e-27
3.4e-09, 1.6e-08, 2.82823e-27
3.4e-09, 2e-08, 3.51943e-27
3.4e-09, 2.4e-08, 4.21063e-27
3.4e-09, 2.8e-08, 4.90183e-27
3.4e-09, 3.2e-08, 5.59303e-27
3.4e-09, 3.6e-08, 6.28423e-27
3.4e-09, 4e-08, 6.99783e-27
3.4e-09, 4.4e-08, 7.73537e-27
3.4e-09, 4.8e-08, 8.47292e-27
3.4e-09, 5.2e-08, 9.21047e-27
3.4e-09, 5.6e-08, 9.94803e-27
3.4e-09, 6e-08, 1.06856e-26
3.4e-09, 6.4e-08, 1.14231e-26
3.4e-09, 6.8e-08, 1.21607e-26
3.4e-09, 7.2e-08, 1.28982e-26
3.4e-09, 7.6e-08, 1.36358e-26
3.4e-09, 8e-08, 1.43733e-26
3.4e-09, 8.4e-08, 1.50869e-26
3.4e-09, 8.8e-08, 1.57781e-26
3.4e-09, 9.2e-08, 1.64693e-26
3.4e-09, 9.6e-08, 1.71605e-26
3.4e-09, 1e-07, 1.78517e-26
3.4e-09, 1.04e-07, 1.85429e-26
3.4e-09, 1.08e-07, 1.92341e-26
3.4e-09, 1.12e-07, 1.99253e-26
3.4e-09, 1.16e-07, 2.06165e-26
3.4e-09, 1.2e-07, 2.13925e-26
3.5e-09, 0, 6.31775e-34
3.5e-09, 4e-09, 7.54593e-28
3.5e-09, 8e-09, 1.44577e-27
3.5e-09, 1.2e-08, 2.13694e-27
3.5e-09, 1.6e-08, 2.82811e-27
3.5e-09, 2e-08, 3.51928e-27
3.5e-09, 2.4e-08, 4.21045e-27
3.5e-09, 2.8e-08, 4.90163e-27
3.5e-09, 3.2e-08, 5.5928e-27
3.5e-09, 3.6e-08, 6.28397e-27
3.5e-09, 4e-08, 6.99759e-27
3.5e-09, 4.4e-08, 7.73517e-27
3.5e-09, 4.8e-08, 8.47277e-27
3.5e-09, 5.2e-08, 9.21038e-27
3.5e-09, 5.6e-08, 9.94798e-27
3.5e-09, 6e-08, 1.06856e-26
3.5e-09, 6.4e-08, 1.14232e-26
3.5e-09, 6.8e-08, 1.21608e-26
3.5e-09, 7.2e-08, 1.28984e-26
3.5e-09, 7.6e-08, 1.3636e-26
3.5e-09, 8e-08, 1.43736e-26
3.5e-09, 8.4e-08, 1.50872e-26
3.5e-09, 8.8e-08, 1.57784e-26
3.5e-09, 9.2e-08, 1.64695e-26
3.5e-09, 9.6e-08, 1.71607e-26
3.5e-09, 1e-07, 1.78519e-26
3.5e-09, 1.04e-07, 1.85431e-26
3.5e-09, 1.08e-07, 1.92342e-26
3.5e-09, 1.12e-07, 1.99254e-26
3.5e-09, 1.16e-07, 2.06166e-26
3.5e-09, 1.2e-07, 2.13925e-26
3.6e-09, 0, 6.31775e-34
3.6e-09, 4e-09, 7.54555e-28
3.6e-09, 8e-09, 1.44569e-27
3.6e-09, 1.2e-08, 2.13683e-27
3.6e-09, 1.6e-08, 2.82797e-27
3.6e-09, 2e-08, 3.51911e-27
3.6e-09, 2.4e-08, 4.21025e-27
3.6e-09, 2.8e-08, 4.90138e-27
3.6e-09, 3.2e-08, 5.59252e-27
3.6e-09, 3.6e-08, 6.28366e-27
3.6e-09, 4e-08, 6.99729e-27
3.6e-09, 4.4e-08, 7.73493e-27
3.6e-09, 4.8e-08, 8.47259e-27
3.6e-09, 5.2e-08, 9.21026e-27
3.6e-09, 5.6e-08, 9.94792e-27
3.6e-09, 6e-08, 1.06856e-26
3.6e-09, 6.4e-08, 1.14232e-26
3.6e-09, 6.8e-08, 1.21609e-26
3.6e-09, 7.2e-08, 1.28986e-26
3.6e-09, 7.6e-08, 1.36362e-26
3.6e-09, 8e-08, 1.43739e-26
3.6e-09, 8.4e-08, 1.50875e-26
3.6e-09, 8.8e-08, 1.57786e-26
3.6e-09, 9.2e-08, 1.64698e-26
3.6e-09, 9.6e-08, 1.71609e-26
3.6e-09, 1e-07, 1.78521e-26
3.6e-09, 1.04e-07, 1.85432e-26
3.6e-09, 1.08e-07, 1.92343e-26
3.6e-09, 1.12e-07, 1.99255e-26
3.6e-09, 1.16e-07, 2.06166e-26
3.6e-09, 1.2e-07, 2.13925e-26
3.7e-09, 0, 6.31775e-34
3.7e-09, 4e-09, 7.54511e-28
3.7e-09, 8e-09, 1.44561e-27
3.7e-09, 1.2e-08, 2.13671e-27
3.7e-09, 1.6e-08, 2.82781e-27
3.7e-09, 2e-08, 3.5189e-27
3.7e-09, 2.4e-08, 4.21e-27
3.7e-09, 2.8e-08, 4.9011e-27
3.7e-09, 3.2e-08, 5.5922e-27
3.7e-09, 3.6e-08, 6.28329e-27
3.7e-09, 4e-08, 6.99693e-27
3.7e-09, 4.4e-08, 7.73465e-27
3.7e-09, 4.8e-08, 8.47238e-27
3.7e-09, 5.2e-08, 9.21011e-27
3.7e-09, 5.6e-08, 9.94785e-27
3.7e-09, 6e-08, 1.06856e-26
3.7e-09, 6.4e-08, 1.14233e-26
3.7e-09, 6.8e-08, 1.21611e-26
3.7e-09, 7.2e-08, 1.28988e-26
3.7e-09, 7.6e-08, 1.36365e-26
3.7e-09, 8e-08, 1.43742e-26
3.7e-09, 8.4e-08, 1.50879e-26
3.7e-09, 8.8e-08, 1.5779e-26
3.7e-09, 9.2e-08, 1.64701e-26
3.7e-09, 9.6e-08, 1.71612e-26
3.7e-09, 1e-07, 1.78523e-26
3.7e-09, 1.04e-07, 1.85434e-26
3.7e-09, 1.08e-07, 1.92345e-26
3.7e-09, 1.12e-07, 1.99256e-26
3.7e-09, 1.16e-07, 2.06167e-26
3.7e-09, 1.2e-07, 2.13925e-26
3.8e-09, 0, 6.31775e-34
3.8e-09, 4e-09, 7.5446e-28
3.8e-09, 8e-09, 1.44551e-27
3.8e-09, 1.2e-08, 2.13656e-27
3.8e-09, 1.6e-08, 2.82761e-27
3.8e-09, 2e-08, 3.51866e-27
3.8e-09, 2.4e-08, 4.20972e-27
3.8e-09, 2.8e-08, 4.90077e-27
3.8e-09, 3.2e-08, 5.59182e-27
3.8e-09, 3.6e-08, 6.28287e-27
3.8e-09, 4e-08, 6.99652e-27
3.8e-09, 4.4e-08, 7.73432e-27
3.8e-09, 4.8e-08, 8.47213e-27
3.8e-09, 5.2e-08, 9.20995e-27
3.8e-09, 5.6e-08, 9.94777e-27
3.8e-09, 6e-08, 1.06856e-26
3.8e-09, 6.4e-08, 1.14234e-26
3.8e-09, 6.8e-08, 1.21612e-26
3.8e-09, 7.2e-08, 1.2899e-26
3.8e-09, 7.6e-08, 1.36369e-26
3.8e-09, 8e-08, 1.43746e-26
3.8e-09, 8.4e-08, 1.50883e-26
3.8e-09, 8.8e-08, 1.57793e-26
3.8e-09, 9.2e-08, 1.64704e-26
3.8e-09, 9.6e-08, 1.71615e-26
3.8e-09, 1e-07, 1.78525e-26
3.8e-09, 1.04e-07, 1.85436e-26
3.8e-09, 1.08e-07, 1.92346e-26
3.8e-09, 1.12e-07, 1.99257e-26
3.8e-09, 1.16e-07, 2.06167e-26
3.8e-09, 1.2e-07, 2.13925e-26
3.9e-09, 0, 6.31775e-34
3.9e-09, 4e-09, 7.54402e-28
3.9e-09, 8e-09, 1.4454e-27
3.9e-09, 1.2e-08, 2.1364e-27
3.9e-09, 1.6e-08, 2.8274e-27
3.9e-09, 2e-08, 3.5184e-27
3.9e-09, 2.4e-08, 4.20939e-27
3.9e-09, 2.8e-08, 4.90039e-27
3.9e-09, 3.2e-08, 5.59139e-27
3.9e-09, 3.6e-08, 6.28239e-27
3.9e-09, 4e-08, 6.99605e-27
3.9e-09, 4.4e-08, 7.73395e-27
3.9e-09, 4.8e-08, 8.47185e-27
3.9e-09, 5.2e-08, 9.20976e-27
3.9e-09, 5.6e-08, 9.94767e-27
3.9e-09, 6e-08, 1.06856e-26
3.9e-09, 6.4e-08, 1.14235e-26
3.9e-09, 6.8e-08, 1.21614e-26
3.9e-09, 7.2e-08, 1.28993e-26
3.9e-09, 7.6e-08, 1.36372e-26
3.9e-09, 8e-08, 1.43751e-26
3.9e-09, 8.4e-08, 1.50888e-26
3.9e-09, 8.8e-08, 1.57798e-26
3.9e-09, 9.2e-08, 1.64708e-26
3.9e-09, 9.6e-08, 1.71618e-26
3.9e-09, 1e-07, 1.78528e-26
3.9e-09, 1.04e-07, 1.85438e-26
3.9e-09, 1.08e-07, 1.92348e-26
3.9e-09, 1.12e-07, 1.99258e-26
3.9e-09, 1.16e-07, 2.06168e-26
3.9e-09, 1.2e-07, 2.13925e-26
4e-09, 0, 6.31775e-34
4e-09, 4e-09, 7.54338e-28
4e-09, 8e-09, 1.44528e-27
4e-09, 1.2e-08, 2.13622e-27
4e-09, 1.6e-08, 2.82716e-27
4e-09, 2e-08, 3.51809e-27
4e-09, 2.4e-08, 4.20903e-27
4e-09, 2.8e-08, 4.89997e-27
4e-09, 3.2e-08, 5.59091e-27
4e-09, 3.6e-08, 6.28185e-27
4e-09, 4e-08, 6.99553e-27
4e-09, 4.4e-08, 7.73353e-27
4e-09, 4.8e-08, 8.47154e-27
4e-09, 5.2e-08, 9.20956e-27
4e-09, 5.6e-08, 9.94757e-27
4e-09, 6e-08, 1.06856e-26
4e-09, 6.4e-08, 1.14236e-26
4e-09, 6.8e-08, 1.21616e-26
4e-09, 7.2e-08, 1.28996e-26
4e-09, 7.6e-08, 1.36376e-26
4e-09, 8e-08, 1.43756e-26
4e-09, 8.4e-08, 1.50893e-26
4e-09, 8.8e-08, 1.57803e-26
4e-09, 9.2e-08, 1.64712e-26
4e-09, 9.6e-08, 1.71621e-26
4e-09, 1e-07, 1.78531e-26
4e-09, 1.04e-07, 1.8544e-26
4e-09, 1.08e-07, 1.9235e-26
4e-09, 1.12e-07, 1.99259e-26
4e-09, 1.16e-07, 2.06168e-26
4e-09, 1.2e-07, 2.13925e-26
4.1e-09, 0, 6.31775e-34
4.1e-09, 4e-09, 7.54266e-28
4.1e-09, 8e-09, 1.44514e-27
4.1e-09, 1.2e-08, 2.13601e-27
4.1e-09, 1.6e-08, 2.82689e-27
4.1e-09, 2e-08, 3.51776e-27
4.1e-09, 2.4e-08, 4.20863e-27
4.1e-09, 2.8e-08, 4.89951e-27
4.1e-09, 3.2e-08, 5.59038e-27
4.1e-09, 3.6e-08, 6.28125e-27
4.1e-09, 4e-08, 6.99496e-27
4.1e-09, 4.4e-08, 7.73307e-27
4.1e-09, 4.8e-08, 8.4712e-27
4.1e-09, 5.2e-08, 9.20933e-27
4.1e-09, 5.6e-08, 9.94746e-27
4.1e-09, 6e-08, 1.06856e-26
4.1e-09, 6.4e-08, 1.14237e-26
4.1e-09, 6.8e-08, 1.21618e-26
4.1e-09, 7.2e-08, 1.29e-26
4.1e-09, 7.6e-08, 1.36381e-26
4.1e-09, 8e-08, 1.43762e-26
4.1e-09, 8.4e-08, 1.50899e-26
4.1e-09, 8.8e-08, 1.57808e-26
4.1e-09, 9.2e-08, 1.64717e-26
4.1e-09, 9.6e-08, 1.71625e-26
4.1e-09, 1e-07, 1.78534e-26
4.1e-09, 1.04e-07, 1.85443e-26
4.1e-09, 1.08e-07, 1.92352e-26
4.1e-09, 1.12e-07, 1.9926e-26
4.1e-09, 1.16e-07, 2.06169e-26
4.1e-09, 1.2e-07, 2.13925e-26
4.2e-09, 0, 6.31775e-34
4.2e-09, 4e-09, 7.54188e-28
4.2e-09, 8e-09, 1.44499e-27
4.2e-09, 1.2e-08, 2.13579e-27
4.2e-09, 1.6e-08, 2.82659e-27
4.2e-09, 2e-08, 3.5174e-27
4.2e-09, 2.4e-08, 4.2082e-27
4.2e-09, 2.8e-08, 4.899e-27
4.2e-09, 3.2e-08, 5.5898e-27
4.2e-09, 3.6e-08, 6.2806e-27
4.2e-09, 4e-08, 6.99433e-27
4.2e-09, 4.4e-08, 7.73256e-27
4.2e-09, 4.8e-08, 8.47082e-27
4.2e-09, 5.2e-08, 9.20908e-27
4.2e-09, 5.6e-08, 9.94733e-27
4.2e-09, 6e-08, 1.06856e-26
4.2e-09, 6.4e-08, 1.14238e-26
4.2e-09, 6.8e-08, 1.21621e-26
4.2e-09, 7.2e-08, 1.29004e-26
4.2e-09, 7.6e-08, 1.36386e-26
4.2e-09, 8e-08, 1.43768e-26
4.2e-09, 8.4e-08, 1.50906e-26
4.2e-09, 8.8e-08, 1.57814e-26
4.2e-09, 9.2e-08, 1.64722e-26
4.2e-09, 9.6e-08, 1.7163e-26
4.2e-09, 1e-07, 1.78538e-26
4.2e-09, 1.04e-07, 1.85446e-26
4.2e-09, 1.08e-07, 1.92354e-26
4.2e-09, 1.12e-07, 1.99262e-26
4.2e-09, 1.16e-07, 2.0617e-26
4.2e-09, 1.2e-07, 2.13925e-26
4.3e-09, 0, 6.31775e-34
4.3e-09, 4e-09, 7.54103e-28
4.3e-09, 8e-09, 1.44483e-27
4.3e-09, 1.2e-08, 2.13555e-27
4.3e-09, 1.6e-08, 2.82627e-27
4.3e-09, 2e-08, 3.517e-27
4.3e-09, 2.4e-08, 4.20772e-27
4.3e-09, 2.8e-08, 4.89844e-27
4.3e-09, 3.2e-08, 5.58917e-27
4.3e-09, 3.6e-08, 6.27989e-27
4.3e-09, 4e-08, 6.99364e-27
4.3e-09, 4.4e-08, 7.73201e-27
4.3e-09, 4.8e-08, 8.47041e-27
4.3e-09, 5.2e-08, 9.2088e-27
4.3e-09, 5.6e-08, 9.9472e-27
4.3e-09, 6e-08, 1.06856e-26
4.3e-09, 6.4e-08, 1.1424e-26
4.3e-09, 6.8e-08, 1.21624e-26
4.3e-09, 7.2e-08, 1.29008e-26
4.3e-09, 7.6e-08, 1.36392e-26
4.3e-09, 8e-08, 1.43775e-26
4.3e-09, 8.4e-08, 1.50913e-26
4.3e-09, 8.8e-08, 1.5782e-26
4.3e-09, 9.2e-08, 1.64727e-26
4.3e-09, 9.6e-08, 1.71635e-26
4.3e-09, 1e-07, 1.78542e-26
4.3e-09, 1.04e-07, 1.85449e-26
4.3e-09, 1.08e-07, 1.92356e-26
4.3e-09, 1.12e-07, 1.99263e-26
4.3e-09, 1.16e-07, 2.06171e-26
4.3e-09, 1.2e-07, 2.13925e-26
4.4e-09, 0, 6.31775e-34
4.4e-09, 4e-09, 7.54011e-28
4.4e-09, 8e-09, 1.44465e-27
4.4e-09, 1.2e-08, 2.13529e-27
4.4e-09, 1.6e-08, 2.82593e-27
4.4e-09, 2e-08, 3.51657e-27
4.4e-09, 2.4e-08, 4.20721e-27
4.4e-09, 2.8e-08, 4.89785e-27
4.4e-09, 3.2e-08, 5.58849e-27
4.4e-09, 3.6e-08, 6.27913e-27
4.4e-09, 4e-08, 6.9929e-27
4.4e-09, 4.4e-08, 7.73142e-27
4.4e-09, 4.8e-08, 8.46996e-27
4.4e-09, 5.2e-08, 9.20851e-27
4.4e-09, 5.6e-08, 9.94705e-27
4.4e-09, 6e-08, 1.06856e-26
4.4e-09, 6.4e-08, 1.14241e-26
4.4e-09, 6.8e-08, 1.21627e-26
4.4e-09, 7.2e-08, 1.29012e-26
4.4e-09, 7.6e-08, 1.36398e-26
4.4e-09, 8e-08, 1.43783e-26
4.4e-09, 8.4e-08, 1.50921e-26
4.4e-09, 8.8e-08, 1.57827e-26
4.4e-09, 9.2e-08, 1.64733e-26
4.4e-09, 9.6e-08, 1.7164e-26
4.4e-09, 1e-07, 1.78546e-26
4.4e-09, 1.04e-07, 1.85453e-26
4.4e-09, 1.08e-07, 1.92359e-26
4.4e-09, 1.12e-07, 1.99265e-26
4.4e-09, 1.16e-07, 2.06172e-26
4.4e-09, 1.2e-07, 2.13925e-26
4.5e-09, 0, 6.31775e-34
4.5e-09, 4e-09, 7.53912e-28
4.5e-09, 8e-09, 1.44446e-27
4.5e-09, 1.2e-08, 2.13501e-27
4.5e-09, 1.6e-08, 2.82556e-27
4.5e-09, 2e-08, 3.51611e-27
4.5e-09, 2.4e-08, 4.20665e-27
4.5e-09, 2.8e-08, 4.8972e-27
4.5e-09, 3.2e-08, 5.58775e-27
4.5e-09, 3.6e-08, 6.2783e-27
4.5e-09, 4e-08, 6.9921e-27
4.5e-09, 4.4e-08, 7.73078e-27
4.5e-09, 4.8e-08, 8.46949e-27
4.5e-09, 5.2e-08, 9.20819e-27
4.5e-09, 5.6e-08, 9.94689e-27
4.5e-09, 6e-08, 1.06856e-26
4.5e-09, 6.4e-08, 1.14243e-26
4.5e-09, 6.8e-08, 1.2163e-26
4.5e-09, 7.2e-08, 1.29017e-26
4.5e-09, 7.6e-08, 1.36404e-26
4.5e-09, 8e-08, 1.43791e-26
4.5e-09, 8.4e-08, 1.50929e-26
4.5e-09, 8.8e-08, 1.57834e-26
4.5e-09, 9.2e-08, 1.6474e-26
4.5e-09, 9.6e-08, 1.71645e-26
4.5e-09, 1e-07, 1.78551e-26
4.5e-09, 1.04e-07, 1.85456e-26
4.5e-09, 1.08e-07, 1.92362e-26
4.5e-09, 1.12e-07, 1.99267e-26
4.5e-09, 1.16e-07, 2.06173e-26
4.5e-09, 1.2e-07, 2.13925e-26
4.6e-09, 0, 6.31775e-34
4.6e-09, 4e-09, 7.53806e-28
4.6e-09, 8e-09, 1.44426e-27
4.6e-09, 1.2e-08, 2.13471e-27
4.6e-09, 1.6e-08, 2.82516e-27
4.6e-09, 2e-08, 3.51561e-27
4.6e-09, 2.4e-08, 4.20606e-27
4.6e-09, 2.8e-08, 4.89652e-27
4.6e-09, 3.2e-08, 5.58697e-27
4.6e-09, 3.6e-08, 6.27742e-27
4.6e-09, 4e-08, 6.99125e-27
4.6e-09, 4.4e-08, 7.7301e-27
4.6e-09, 4.8e-08, 8.46897e-27
4.6e-09, 5.2e-08, 9.20785e-27
4.6e-09, 5.6e-08, 9.94672e-27
4.6e-09, 6e-08, 1.06856e-26
4.6e-09, 6.4e-08, 1.14245e-26
4.6e-09, 6.8e-08, 1.21633e-26
4.6e-09, 7.2e-08, 1.29022e-26
4.6e-09, 7.6e-08, 1.36411e-26
4.6e-09, 8e-08, 1.43799e-26
4.6e-09, 8.4e-08, 1.50938e-26
4.6e-09, 8.8e-08, 1.57842e-26
4.6e-09, 9.2e-08, 1.64747e-26
4.6e-09, 9.6e-08, 1.71651e-26
4.6e-09, 1e-07, 1.78556e-26
4.6e-09, 1.04e-07, 1.8546e-26
4.6e-09, 1.08e-07, 1.92365e-26
4.6e-09, 1.12e-07, 1.99269e-26
4.6e-09, 1.16e-07, 2.06174e-26
4.6e-09, 1.2e-07, 2.13925e-26
4.7e-09, 0, 6.31775e-34
4.7e-09, 4e-09, 7.53693e-28
4.7e-09, 8e-09, 1.44404e-27
4.7e-09, 1.2e-08, 2.13439e-27
4.7e-09, 1.6e-08, 2.82474e-27
4.7e-09, 2e-08, 3.51509e-27
4.7e-09, 2.4e-08, 4.20543e-27
4.7e-09, 2.8e-08, 4.89578e-27
4.7e-09, 3.2e-08, 5.58613e-27
4.7e-09, 3.6e-08, 6.27648e-27
4.7e-09, 4e-08, 6.99034e-27
4.7e-09, 4.4e-08, 7.72937e-27
4.7e-09, 4.8e-08, 8.46843e-27
4.7e-09, 5.2e-08, 9.20748e-27
4.7e-09, 5.6e-08, 9.94654e-27
4.7e-09, 6e-08, 1.06856e-26
4.7e-09, 6.4e-08, 1.14246e-26
4.7e-09, 6.8e-08, 1.21637e-26
4.7e-09, 7.2e-08, 1.29028e-26
4.7e-09, 7.6e-08, 1.36418e-26
4.7e-09, 8e-08, 1.43809e-26
4.7e-09, 8.4e-08, 1.50947e-26
4.7e-09, 8.8e-08, 1.57851e-26
4.7e-09, 9.2e-08, 1.64754e-26
4.7e-09, 9.6e-08, 1.71658e-26
4.7e-09, 1e-07, 1.78561e-26
4.7e-09, 1.04e-07, 1.85465e-26
4.7e-09, 1.08e-07, 1.92368e-26
4.7e-09, 1.12e-07, 1.99271e-26
4.7e-09, 1.16e-07, 2.06175e-26
4.7e-09, 1.2e-07, 2.13925e-26
4.8e-09, 0, 6.31775e-34
4.8e-09, 4e-09, 7.53573e-28
4.8e-09, 8e-09, 1.44381e-27
4.8e-09, 1.2e-08, 2.13405e-27
4.8e-09, 1.6e-08, 2.82429e-27
4.8e-09, 2e-08, 3.51453e-27
4.8e-09, 2.4e-08, 4.20477e-27
4.8e-09, 2.8e-08, 4.895e-27
4.8e-09, 3.2e-08, 5.58524e-27
4.8e-09, 3.6e-08, 6.27548e-27
4.8e-09, 4e-08, 6.98937e-27
4.8e-09, 4.4e-08, 7.7286e-27
4.8e-09, 4.8e-08, 8.46785e-27
4.8e-09, 5.2e-08, 9.2071e-27
4.8e-09, 5.6e-08, 9.94635e-27
4.8e-09, 6e-08, 1.06856e-26
4.8e-09, 6.4e-08, 1.14248e-26
4.8e-09, 6.8e-08, 1.21641e-26
4.8e-09, 7.2e-08, 1.29033e-26
4.8e-09, 7.6e-08, 1.36426e-26
4.8e-09, 8e-08, 1.43818e-26
4.8e-09, 8.4e-08, 1.50957e-26
4.8e-09, 8.8e-08, 1.5786e-26
4.8e-09, 9.2e-08, 1.64762e-26
4.8e-09, 9.6e-08, 1.71664e-26
4.8e-09, 1e-07, 1.78567e-26
4.8e-09, 1.04e-07, 1.85469e-26
4.8e-09, 1.08e-07, 1.92371e-26
4.8e-09, 1.12e-07, 1.99274e-26
4.8e-09, 1.16e-07, 2.06176e-26
4.8e-09, 1.2e-07, 2.13925e-26
4.9e-09, 0, 6.31775e-34
4.9e-09, 4e-09, 7.53446e-28
4.9e-09, 8e-09, 1.44357e-27
4.9e-09, 1.2e-08, 2.13369e-27
4.9e-09, 1.6e-08, 2.82381e-27
4.9e-09, 2e-08, 3.51393e-27
4.9e-09, 2.4e-08, 4.20406e-27
4.9e-09, 2.8e-08, 4.89418e-27
4.9e-09, 3.2e-08, 5.5843e-27
4.9e-09, 3.6e-08, 6.27442e-27
4.9e-09, 4e-08, 6.98835e-27
4.9e-09, 4.4e-08, 7.72778e-27
4.9e-09, 4.8e-08, 8.46724e-27
4.9e-09, 5.2e-08, 9.20669e-27
4.9e-09, 5.6e-08, 9.94614e-27
4.9e-09, 6e-08, 1.06856e-26
4.9e-09, 6.4e-08, 1.14251e-26
4.9e-09, 6.8e-08, 1.21645e-26
4.9e-09, 7.2e-08, 1.2904e-26
4.9e-09, 7.6e-08, 1.36434e-26
4.9e-09, 8e-08, 1.43829e-26
4.9e-09, 8.4e-08, 1.50968e-26
4.9e-09, 8.8e-08, 1.57869e-26
4.9e-09, 9.2e-08, 1.6477e-26
4.9e-09, 9.6e-08, 1.71671e-26
4.9e-09, 1e-07, 1.78573e-26
4.9e-09, 1.04e-07, 1.85474e-26
4.9e-09, 1.08e-07, 1.92375e-26
4.9e-09, 1.12e-07, 1.99276e-26
4.9e-09, 1.16e-07, 2.06178e-26
4.9e-09, 1.2e-07, 2.13925e-26
5e-09, 0, 6.31775e-34
5e-09, 4e-09, 7.53312e-28
5e-09, 8e-09, 1.44331e-27
5e-09, 1.2e-08, 2.13331e-27
5e-09, 1.6e-08, 2.82331e-27
5e-09, 2e-08, 3.51331e-27
5e-09, 2.4e-08, 4.20331e-27
5e-09, 2.8e-08, 4.89331e-27
5e-09, 3.2e-08, 5.58331e-27
5e-09, 3.6e-08, 6.27331e-27
5e-09, 4e-08, 6.98727e-27
5e-09, 4.4e-08, 7.72692e-27
5e-09, 4.8e-08, 8.46659e-27
5e-09, 5.2e-08, 9.20626e-27
5e-09, 5.6e-08, 9.94593e-27
5e-09, 6e-08, 1.06856e-26
5e-09, 6.4e-08, 1.14253e-26
5e-09, 6.8e-08, 1.21649e-26
5e-09, 7.2e-08, 1.29046e-26
5e-09, 7.6e-08, 1.36443e-26
5e-09, 8e-08, 1.43839e-26
5e-09, 8.4e-08, 1.50979e-26
5e-09, 8.8e-08, 1.57879e-26
5e-09, 9.2e-08, 1.64779e-26
5e-09, 9.6e-08, 1.71679e-26
5e-09, 1e-07, 1.78579e-26
5e-09, 1.04e-07, 1.85479e-26
5e-09, 1.08e-07, 1.92379e-26
5e-09, 1.12e-07, 1.99279e-26
5e-09, 1.16e-07, 2.06179e-26
5e-09, 1.2e-07, 2.13925e-26
5.1e-09, 0, 6.31775e-34
5.1e-09, 4e-09, 7.53171e-28
5.1e-09, 8e-09, 1.44304e-27
5.1e-09, 1.2e-08, 2.13291e-27
5.1e-09, 1.6e-08, 2.82278e-27
5.1e-09, 2e-08, 3.51265e-27
5.1e-09, 2.4e-08, 4.20252e-27
5.1e-09, 2.8e-08, 4.89239e-27
5.1e-09, 3.2e-08, 5.58226e-27
5.1e-09, 3.6e-08, 6.27213e-27
5.1e-09, 4e-08, 6.98613e-27
5.1e-09, 4.4e-08, 7.72601e-27
5.1e-09, 4.8e-08, 8.46591e-27
5.1e-09, 5.2e-08, 9.20581e-27
5.1e-09, 5.6e-08, 9.9457e-27
5.1e-09, 6e-08, 1.06856e-26
5.1e-09, 6.4e-08, 1.14255e-26
5.1e-09, 6.8e-08, 1.21654e-26
5.1e-09, 7.2e-08, 1.29053e-26
5.1e-09, 7.6e-08, 1.36452e-26
5.1e-09, 8e-08, 1.43851e-26
5.1e-09, 8.4e-08, 1.50991e-26
5.1e-09, 8.8e-08, 1.57889e-26
5.1e-09, 9.2e-08, 1.64788e-26
5.1e-09, 9.6e-08, 1.71687e-26
5.1e-09, 1e-07, 1.78586e-26
5.1e-09, 1.04e-07, 1.85484e-26
5.1e-09, 1.08e-07, 1.92383e-26
5.1e-09, 1.12e-07, 1.99282e-26
5.1e-09, 1.16e-07, 2.0618e-26
5.1e-09, 1.2e-07, 2.13925e-26
5.2e-09, 0, 6.31775e-34
5.2e-09, 4e-09, 7.53023e-28
5.2e-09, 8e-09, 1.44276e-27
5.2e-09, 1.2e-08, 2.13249e-27
5.2e-09, 1.6e-08, 2.82223e-27
5.2e-09, 2e-08, 3.51196e-27
5.2e-09, 2.4e-08, 4.20169e-27
5.2e-09, 2.8e-08, 4.89143e-27
5.2e-09, 3.2e-08, 5.58116e-27
5.2e-09, 3.6e-08, 6.2709e-27
5.2e-09, 4e-08, 6.98493e-27
5.2e-09, 4.4e-08, 7.72506e-27
5.2e-09, 4.8e-08, 8.46519e-27
5.2e-09, 5.2e-08, 9.20533e-27
5.2e-09, 5.6e-08, 9.94547e-27
5.2e-09, 6e-08, 1.06856e-26
5.2e-09, 6.4e-08, 1.14257e-26
5.2e-09, 6.8e-08, 1.21659e-26
5.2e-09, 7.2e-08, 1.2906e-26
5.2e-09, 7.6e-08, 1.36462e-26
5.2e-09, 8e-08, 1.43863e-26
5.2e-09, 8.4e-08, 1.51003e-26
5.2e-09, 8.8e-08, 1.579e-26
5.2e-09, 9.2e-08, 1.64798e-26
5.2e-09, 9.6e-08, 1.71695e-26
5.2e-09, 1e-07, 1.78592e-26
5.2e-09, 1.04e-07, 1.8549e-26
5.2e-09, 1.08e-07, 1.92387e-26
5.2e-09, 1.12e-07, 1.99284e-26
5.2e-09, 1.16e-07, 2.06182e-26
5.2e-09, 1.2e-07, 2.13925e-26
5.3e-09, 0, 6.31775e-34
5.3e-09, 4e-09, 7.52863e-28
5.3e-09, 8e-09, 1.44245e-27
5.3e-09, 1.2e-08, 2.13204e-27
5.3e-09, 1.6e-08, 2.82163e-27
5.3e-09, 2e-08, 3.51122e-27
5.3e-09, 2.4e-08, 4.2008e-27
5.3e-09, 2.8e-08, 4.89039e-27
5.3e-09, 3.2e-08, 5.57998e-27
5.3e-09, 3.6e-08, 6.26957e-27
5.3e-09, 4e-08, 6.98365e-27
5.3e-09, 4.4e-08, 7.72403e-27
5.3e-09, 4.8e-08, 8.46442e-27
5.3e-09, 5.2e-08, 9.20482e-27
5.3e-09, 5.6e-08, 9.94521e-27
5.3e-09, 6e-08, 1.06856e-26
5.3e-09, 6.4e-08, 1.1426e-26
5.3e-09, 6.8e-08, 1.21664e-26
5.3e-09, 7.2e-08, 1.29068e-26
5.3e-09, 7.6e-08, 1.36472e-26
5.3e-09, 8e-08, 1.43876e-26
5.3e-09, 8.4e-08, 1.51016e-26
5.3e-09, 8.8e-08, 1.57912e-26
5.3e-09, 9.2e-08, 1.64808e-26
5.3e-09, 9.6e-08, 1.71704e-26
5.3e-09, 1e-07, 1.786e-26
5.3e-09, 1.04e-07, 1.85496e-26
5.3e-09, 1.08e-07, 1.92392e-26
5.3e-09, 1.12e-07, 1.99288e-26
5.3e-09, 1.16e-07, 2.06184e-26
5.3e-09, 1.2e-07, 2.13925e-26
5.4e-09, 0, 6.31775e-34
5.4e-09, 4e-09, 7.52629e-28
5.4e-09, 8e-09, 1.442e-27
5.4e-09, 1.2e-08, 2.13138e-27
5.4e-09, 1.6e-08, 2.82075e-27
5.4e-09, 2e-08, 3.51012e-27
5.4e-09, 2.4e-08, 4.1995e-27
5.4e-09, 2.8e-08, 4.88887e-27
5.4e-09, 3.2e-08, 5.57824e-27
5.4e-09, 3.6e-08, 6.26762e-27
5.4e-09, 4e-08, 6.98176e-27
5.4e-09, 4.4e-08, 7.72252e-27
5.4e-09, 4.8e-08, 8.46329e-27
5.4e-09, 5.2e-08, 9.20406e-27
5.4e-09, 5.6e-08, 9.94484e-27
5.4e-09, 6e-08, 1.06856e-26
5.4e-09, 6.4e-08, 1.14264e-26
5.4e-09, 6.8e-08, 1.21672e-26
5.4e-09, 7.2e-08, 1.29079e-26
5.4e-09, 7.6e-08, 1.36487e-26
5.4e-09, 8e-08, 1.43895e-26
5.4e-09, 8.4e-08, 1.51036e-26
5.4e-09, 8.8e-08, 1.5793e-26
5.4e-09, 9.2e-08, 1.64823e-26
5.4e-09, 9.6e-08, 1.71717e-26
5.4e-09, 1e-07, 1.78611e-26
5.4e-09, 1.04e-07, 1.85505e-26
5.4e-09, 1.08e-07, 1.92398e-26
5.4e-09, 1.12e-07, 1.99292e-26
5.4e-09, 1.16e-07, 2.06186e-26
5.4e-09, 1.2e-07, 2.13925e-26
5.5e-09, 0, 6.31775e-34
5.5e-09, 4e-09, 7.51175e-28
5.5e-09, 8e-09, 1.43922e-27
5.5e-09, 1.2e-08, 2.12726e-27
5.5e-09, 1.6e-08, 2.8153e-27
5.5e-09, 2e-08, 3.50334e-27
5.5e-09, 2.4e-08, 4.19138e-27
5.5e-09, 2.8e-08, 4.87942e-27
5.5e-09, 3.2e-08, 5.56746e-27
5.5e-09, 3.6e-08, 6.25551e-27
5.5e-09, 4e-08, 6.96967e-27
5.5e-09, 4.4e-08, 7.71203e-27
5.5e-09, 4.8e-08, 8.45439e-27
5.5e-09, 5.2e-08, 9.19676e-27
5.5e-09, 5.6e-08, 9.93913e-27
5.5e-09, 6e-08, 1.06815e-26
5.5e-09, 6.4e-08, 1.14239e-26
5.5e-09, 6.8e-08, 1.21662e-26
5.5e-09, 7.2e-08, 1.29086e-26
5.5e-09, 7.6e-08, 1.3651e-26
5.5e-09, 8e-08, 1.43933e-26
5.5e-09, 8.4e-08, 1.51075e-26
5.5e-09, 8.8e-08, 1.57955e-26
5.5e-09, 9.2e-08, 1.64836e-26
5.5e-09, 9.6e-08, 1.71716e-26
5.5e-09, 1e-07, 1.78596e-26
5.5e-09, 1.04e-07, 1.85477e-26
5.5e-09, 1.08e-07, 1.92357e-26
5.5e-09, 1.12e-07, 1.99238e-26
5.5e-09, 1.16e-07, 2.06118e-26
5.5e-09, 1.2e-07, 2.13842e-26
5.6e-09, 0, 6.31775e-34
5.6e-09, 4e-09, 7.47651e-28
5.6e-09, 8e-09, 1.43247e-27
5.6e-09, 1.2e-08, 2.11728e-27
5.6e-09, 1.6e-08, 2.8021e-27
5.6e-09, 2e-08, 3.48691e-27
5.6e-09, 2.4e-08, 4.17172e-27
5.6e-09, 2.8e-08, 4.85654e-27
5.6e-09, 3.2e-08, 5.54135e-27
5.6e-09, 3.6e-08, 6.22617e-27
5.6e-09, 4e-08, 6.94121e-27
5.6e-09, 4.4e-08, 7.68927e-27
5.6e-09, 4.8e-08, 8.43734e-27
5.6e-09, 5.2e-08, 9.1854e-27
5.6e-09, 5.6e-08, 9.93347e-27
5.6e-09, 6e-08, 1.06815e-26
5.6e-09, 6.4e-08, 1.14296e-26
5.6e-09, 6.8e-08, 1.21777e-26
5.6e-09, 7.2e-08, 1.29258e-26
5.6e-09, 7.6e-08, 1.36738e-26
5.6e-09, 8e-08, 1.44219e-26
5.6e-09, 8.4e-08, 1.51369e-26
5.6e-09, 8.8e-08, 1.58217e-26
5.6e-09, 9.2e-08, 1.65065e-26
5.6e-09, 9.6e-08, 1.71914e-26
5.6e-09, 1e-07, 1.78762e-26
5.6e-09, 1.04e-07, 1.8561e-26
5.6e-09, 1.08e-07, 1.92458e-26
5.6e-09, 1.12e-07, 1.99306e-26
5.6e-09, 1.16e-07, 2.06154e-26
5.6e-09, 1.2e-07, 2.13842e-26
5.7e-09, 0, 6.31775e-34
5.7e-09, 4e-09, 7.44077e-28
5.7e-09, 8e-09, 1.42562e-27
5.7e-09, 1.2e-08, 2.10716e-27
5.7e-09, 1.6e-08, 2.7887e-27
5.7e-09, 2e-08, 3.47024e-27
5.7e-09, 2.4e-08, 4.15178e-27
5.7e-09, 2.8e-08, 4.83332e-27
5.7e-09, 3.2e-08, 5.51486e-27
5.7e-09, 3.6e-08, 6.19641e-27
5.7e-09, 4e-08, 6.91228e-27
5.7e-09, 4.4e-08, 7.66614e-27
5.7e-09, 4.8e-08, 8.42e-27
5.7e-09, 5.2e-08, 9.17387e-27
5.7e-09, 5.6e-08, 9.92773e-27
5.7e-09, 6e-08, 1.06816e-26
5.7e-09, 6.4e-08, 1.14355e-26
5.7e-09, 6.8e-08, 1.21893e-26
5.7e-09, 7.2e-08, 1.29432e-26
5.7e-09, 7.6e-08, 1.36971e-26
5.7e-09, 8e-08, 1.44509e-26
5.7e-09, 8.4e-08, 1.51668e-26
5.7e-09, 8.8e-08, 1.58483e-26
5.7e-09, 9.2e-08, 1.65299e-26
5.7e-09, 9.6e-08, 1.72114e-26
5.7e-09, 1e-07, 1.78929e-26
5.7e-09, 1.04e-07, 1.85745e-26
5.7e-09, 1.08e-07, 1.9256e-26
5.7e-09, 1.12e-07, 1.99376e-26
5.7e-09, 1.16e-07, 2.06191e-26
5.7e-09, 1.2e-07, 2.13842e-26
5.8e-09, 0, 6.31775e-34
5.8e-09, 4e-09, 7.40452e-28
5.8e-09, 8e-09, 1.41867e-27
5.8e-09, 1.2e-08, 2.09689e-27
5.8e-09, 1.6e-08, 2.77511e-27
5.8e-09, 2e-08, 3.45333e-27
5.8e-09, 2.4e-08, 4.13155e-27
5.8e-09, 2.8e-08, 4.80977e-27
5.8e-09, 3.2e-08, 5.48799e-27
5.8e-09, 3.6e-08, 6.16621e-27
5.8e-09, 4e-08, 6.88288e-27
5.8e-09, 4.4e-08, 7.64263e-27
5.8e-09, 4.8e-08, 8.40239e-27
5.8e-09, 5.2e-08, 9.16214e-27
5.8e-09, 5.6e-08, 9.92189e-27
5.8e-09, 6e-08, 1.06816e-26
5.8e-09, 6.4e-08, 1.14414e-26
5.8e-09, 6.8e-08, 1.22012e-26
5.8e-09, 7.2e-08, 1.29609e-26
5.8e-09, 7.6e-08, 1.37207e-26
5.8e-09, 8e-08, 1.44804e-26
5.8e-09, 8.4e-08, 1.51971e-26
5.8e-09, 8.8e-08, 1.58753e-26
5.8e-09, 9.2e-08, 1.65535e-26
5.8e-09, 9.6e-08, 1.72317e-26
5.8e-09, 1e-07, 1.791e-26
5.8e-09, 1.04e-07, 1.85882e-26
5.8e-09, 1.08e-07, 1.92664e-26
5.8e-09, 1.12e-07, 1.99446e-26
5.8e-09, 1.16e-07, 2.06228e-26
5.8e-09, 1.2e-07, 2.13842e-26
5.9e-09, 0, 6.31775e-34
5.9e-09, 4e-09, 7.36773e-28
5.9e-09, 8e-09, 1.41162e-27
5.9e-09, 1.2e-08, 2.08647e-27
5.9e-09, 1.6e-08, 2.76133e-27
5.9e-09, 2e-08, 3.43618e-27
5.9e-09, 2.4e-08, 4.11103e-27
5.9e-09, 2.8e-08, 4.78588e-27
5.9e-09, 3.2e-08, 5.46073e-27
5.9e-09, 3.6e-08, 6.13558e-27
5.9e-09, 4e-08, 6.853e-27
5.9e-09, 4.4e-08, 7.61874e-27
5.9e-09, 4.8e-08, 8.38448e-27
5.9e-09, 5.2e-08, 9.15022e-27
5.9e-09, 5.6e-08, 9.91596e-27
5.9e-09, 6e-08, 1.06817e-26
5.9e-09, 6.4e-08, 1.14474e-26
5.9e-09, 6.8e-08, 1.22132e-26
5.9e-09, 7.2e-08, 1.29789e-26
5.9e-09, 7.6e-08, 1.37447e-26
5.9e-09, 8e-08, 1.45104e-26
5.9e-09, 8.4e-08, 1.52278e-26
5.9e-09, 8.8e-08, 1.59027e-26
5.9e-09, 9.2e-08, 1.65775e-26
5.9e-09, 9.6e-08, 1.72524e-26
5.9e-09, 1e-07, 1.79272e-26
5.9e-09, 1.04e-07, 1.86021e-26
5.9e-09, 1.08e-07, 1.92769e-26
5.9e-09, 1.12e-07, 1.99518e-26
5.9e-09, 1.16e-07, 2.06266e-26
5.9e-09, 1.2e-07, 2.13842e-26
6e-09, 0, 6.31775e-34
6e-09, 4e-09, 7.3304e-28
6e-09, 8e-09, 1.40447e-27
6e-09, 1.2e-08, 2.0759e-27
6e-09, 1.6e-08, 2.74733e-27
6e-09, 2e-08, 3.41876e-27
6e-09, 2.4e-08, 4.0902e-27
6e-09, 2.8e-08, 4.76163e-27
6e-09, 3.2e-08, 5.43306e-27
6e-09, 3.6e-08, 6.10449e-27
6e-09, 4e-08, 6.82263e-27
6e-09, 4.4e-08, 7.59445e-27
6e-09, 4.8e-08, 8.36628e-27
6e-09, 5.2e-08, 9.1381e-27
6e-09, 5.6e-08, 9.90993e-27
6e-09, 6e-08, 1.06818e-26
6e-09, 6.4e-08, 1.14536e-26
6e-09, 6.8e-08, 1.22254e-26
6e-09, 7.2e-08, 1.29972e-26
6e-09, 7.6e-08, 1.3769e-26
6e-09, 8e-08, 1.45409e-26
6e-09, 8.4e-08, 1.5259e-26
6e-09, 8.8e-08, 1.59304e-26
6e-09, 9.2e-08, 1.66019e-26
6e-09, 9.6e-08, 1.72733e-26
6e-09, 1e-07, 1.79447e-26
6e-09, 1.04e-07, 1.86162e-26
6e-09, 1.08e-07, 1.92876e-26
6e-09, 1.12e-07, 1.9959e-26
6e-09, 1.16e-07, 2.06305e-26
6e-09, 1.2e-07, 2.13842e-26
