0, 0, 6.31775e-34
0, 4e-09, 3.82575e-21
0, 8e-09, 7.32998e-21
0, 1.2e-08, 1.08342e-20
0, 1.6e-08, 1.43384e-20
0, 2e-08, 1.78426e-20
0, 2.4e-08, 2.13469e-20
0, 2.8e-08, 2.48511e-20
0, 3.2e-08, 2.83553e-20
0, 3.6e-08, 3.18595e-20
0, 4e-08, 3.56075e-20
0, 4.4e-08, 3.96357e-20
0, 4.8e-08, 4.36639e-20
0, 5.2e-08, 4.7692e-20
0, 5.6e-08, 5.17202e-20
0, 6e-08, 5.57484e-20
0, 6.4e-08, 5.97766e-20
0, 6.8e-08, 6.38047e-20
0, 7.2e-08, 6.78329e-20
0, 7.6e-08, 7.18611e-20
0, 8e-08, 7.58893e-20
0, 8.4e-08, 7.96373e-20
0, 8.8e-08, 8.31415e-20
0, 9.2e-08, 8.66457e-20
0, 9.6e-08, 9.01499e-20
0, 1e-07, 9.36541e-20
0, 1.04e-07, 9.71584e-20
0, 1.08e-07, 1.00663e-19
0, 1.12e-07, 1.04167e-19
0, 1.16e-07, 1.07671e-19
0, 1.2e-07, 1.12107e-19
1e-10, 0, 6.31775e-34
1e-10, 4e-09, 3.84515e-21
1e-10, 8e-09, 7.36714e-21
1e-10, 1.2e-08, 1.08891e-20
1e-10, 1.6e-08, 1.44111e-20
1e-10, 2e-08, 1.79331e-20
1e-10, 2.4e-08, 2.14551e-20
1e-10, 2.8e-08, 2.49771e-20
1e-10, 3.2e-08, 2.8499e-20
1e-10, 3.6e-08, 3.2021e-20
1e-10, 4e-08, 3.57652e-20
1e-10, 4.4e-08, 3.97615e-20
1e-10, 4.8e-08, 4.37579e-20
1e-10, 5.2e-08, 4.77542e-20
1e-10, 5.6e-08, 5.17505e-20
1e-10, 6e-08, 5.57468e-20
1e-10, 6.4e-08, 5.97432e-20
1e-10, 6.8e-08, 6.37395e-20
1e-10, 7.2e-08, 6.77358e-20
1e-10, 7.6e-08, 7.17322e-20
1e-10, 8e-08, 7.57285e-20
1e-10, 8.4e-08, 7.94727e-20
1e-10, 8.8e-08, 8.29946e-20
1e-10, 9.2e-08, 8.65166e-20
1e-10, 9.6e-08, 9.00386e-20
1e-10, 1e-07, 9.35606e-20
1e-10, 1.04e-07, 9.70826e-20
1e-10, 1.08e-07, 1.00605e-19
1e-10, 1.12e-07, 1.04127e-19
1e-10, 1.16e-07, 1.07649e-19
1e-10, 1.2e-07, 1.12107e-19
2e-10, 0, 6.31775e-34
2e-10, 4e-09, 3.86426e-21
2e-10, 8e-09, 7.40376e-21
2e-10, 1.2e-08, 1.09433e-20
2e-10, 1.6e-08, 1.44827e-20
2e-10, 2e-08, 1.80222e-20
2e-10, 2.4e-08, 2.15617e-20
2e-10, 2.8e-08, 2.51012e-20
2e-10, 3.2e-08, 2.86407e-20
2e-10, 3.6e-08, 3.21802e-20
2e-10, 4e-08, 3.59204e-20
2e-10, 4.4e-08, 3.98853e-20
2e-10, 4.8e-08, 4.38503e-20
2e-10, 5.2e-08, 4.78153e-20
2e-10, 5.6e-08, 5.17803e-20
2e-10, 6e-08, 5.57453e-20
2e-10, 6.4e-08, 5.97103e-20
2e-10, 6.8e-08, 6.36753e-20
2e-10, 7.2e-08, 6.76403e-20
2e-10, 7.6e-08, 7.16053e-20
2e-10, 8e-08, 7.55703e-20
2e-10, 8.4e-08, 7.93105e-20
2e-10, 8.8e-08, 8.28499e-20
2e-10, 9.2e-08, 8.63894e-20
2e-10, 9.6e-08, 8.99289e-20
2e-10, 1e-07, 9.34684e-20
2e-10, 1.04e-07, 9.70079e-20
2e-10, 1.08e-07, 1.00547e-19
2e-10, 1.12e-07, 1.04087e-19
2e-10, 1.16e-07, 1.07626e-19
2e-10, 1.2e-07, 1.12107e-19
3e-10, 0, 6.31775e-34
3e-10, 4e-09, 3.8831e-21
3e-10, 8e-09, 7.43985e-21
3e-10, 1.2e-08, 1.09966e-20
3e-10, 1.6e-08, 1.45533e-20
3e-10, 2e-08, 1.81101e-20
3e-10, 2.4e-08, 2.16668e-20
3e-10, 2.8e-08, 2.52236e-20
3e-10, 3.2e-08, 2.87803e-20
3e-10, 3.6e-08, 3.23371e-20
3e-10, 4e-08, 3.6073e-20
3e-10, 4.4e-08, 4.00071e-20
3e-10, 4.8e-08, 4.39413e-20
3e-10, 5.2e-08, 4.78755e-20
3e-10, 5.6e-08, 5.18096e-20
3e-10, 6e-08, 5.57438e-20
3e-10, 6.4e-08, 5.9678e-20
3e-10, 6.8e-08, 6.36122e-20
3e-10, 7.2e-08, 6.75464e-20
3e-10, 7.6e-08, 7.14805e-20
3e-10, 8e-08, 7.54147e-20
3e-10, 8.4e-08, 7.91506e-20
3e-10, 8.8e-08, 8.27073e-20
3e-10, 9.2e-08, 8.62641e-20
3e-10, 9.6e-08, 8.98208e-20
3e-10, 1e-07, 9.33776e-20
3e-10, 1.04e-07, 9.69343e-20
3e-10, 1.08e-07, 1.00491e-19
3e-10, 1.12e-07, 1.04048e-19
3e-10, 1.16e-07, 1.07605e-19
3e-10, 1.2e-07, 1.12107e-19
4e-10, 0, 6.31775e-34
4e-10, 4e-09, 3.90317e-21
4e-10, 8e-09, 7.47831e-21
4e-10, 1.2e-08, 1.10534e-20
4e-10, 1.6e-08, 1.46286e-20
4e-10, 2e-08, 1.82037e-20
4e-10, 2.4e-08, 2.17788e-20
4e-10, 2.8e-08, 2.5354e-20
4e-10, 3.2e-08, 2.89291e-20
4e-10, 3.6e-08, 3.25042e-20
4e-10, 4e-08, 3.62371e-20
4e-10, 4.4e-08, 4.01425e-20
4e-10, 4.8e-08, 4.40478e-20
4e-10, 5.2e-08, 4.79532e-20
4e-10, 5.6e-08, 5.18585e-20
4e-10, 6e-08, 5.57639e-20
4e-10, 6.4e-08, 5.96693e-20
4e-10, 6.8e-08, 6.35746e-20
4e-10, 7.2e-08, 6.748e-20
4e-10, 7.6e-08, 7.13854e-20
4e-10, 8e-08, 7.52907e-20
4e-10, 8.4e-08, 7.90236e-20
4e-10, 8.8e-08, 8.25987e-20
4e-10, 9.2e-08, 8.61738e-20
4e-10, 9.6e-08, 8.9749e-20
4e-10, 1e-07, 9.33241e-20
4e-10, 1.04e-07, 9.68992e-20
4e-10, 1.08e-07, 1.00474e-19
4e-10, 1.12e-07, 1.0405e-19
4e-10, 1.16e-07, 1.07625e-19
4e-10, 1.2e-07, 1.1215e-19
5e-10, 0, 6.31775e-34
5e-10, 4e-09, 3.92148e-21
5e-10, 8e-09, 7.51339e-21
5e-10, 1.2e-08, 1.11053e-20
5e-10, 1.6e-08, 1.46972e-20
5e-10, 2e-08, 1.82891e-20
5e-10, 2.4e-08, 2.1881e-20
5e-10, 2.8e-08, 2.54729e-20
5e-10, 3.2e-08, 2.90648e-20
5e-10, 3.6e-08, 3.26567e-20
5e-10, 4e-08, 3.6385e-20
5e-10, 4.4e-08, 4.02604e-20
5e-10, 4.8e-08, 4.41359e-20
5e-10, 5.2e-08, 4.80114e-20
5e-10, 5.6e-08, 5.18869e-20
5e-10, 6e-08, 5.57625e-20
5e-10, 6.4e-08, 5.9638e-20
5e-10, 6.8e-08, 6.35135e-20
5e-10, 7.2e-08, 6.7389e-20
5e-10, 7.6e-08, 7.12645e-20
5e-10, 8e-08, 7.51399e-20
5e-10, 8.4e-08, 7.88682e-20
5e-10, 8.8e-08, 8.24601e-20
5e-10, 9.2e-08, 8.6052e-20
5e-10, 9.6e-08, 8.96439e-20
5e-10, 1e-07, 9.32358e-20
5e-10, 1.04e-07, 9.68277e-20
5e-10, 1.08e-07, 1.0042e-19
5e-10, 1.12e-07, 1.04012e-19
5e-10, 1.16e-07, 1.07603e-19
5e-10, 1.2e-07, 1.1215e-19
6e-10, 0, 6.31775e-34
6e-10, 4e-09, 3.92905e-21
6e-10, 8e-09, 7.52789e-21
6e-10, 1.2e-08, 1.11267e-20
6e-10, 1.6e-08, 1.47255e-20
6e-10, 2e-08, 1.83244e-20
6e-10, 2.4e-08, 2.19232e-20
6e-10, 2.8e-08, 2.5522e-20
6e-10, 3.2e-08, 2.91209e-20
6e-10, 3.6e-08, 3.27197e-20
6e-10, 4e-08, 3.64478e-20
6e-10, 4.4e-08, 4.03149e-20
6e-10, 4.8e-08, 4.41821e-20
6e-10, 5.2e-08, 4.80492e-20
6e-10, 5.6e-08, 5.19164e-20
6e-10, 6e-08, 5.57835e-20
6e-10, 6.4e-08, 5.96507e-20
6e-10, 6.8e-08, 6.35179e-20
6e-10, 7.2e-08, 6.7385e-20
6e-10, 7.6e-08, 7.12522e-20
6e-10, 8e-08, 7.51193e-20
6e-10, 8.4e-08, 7.88474e-20
6e-10, 8.8e-08, 8.24462e-20
6e-10, 9.2e-08, 8.6045e-20
6e-10, 9.6e-08, 8.96439e-20
6e-10, 1e-07, 9.32427e-20
6e-10, 1.04e-07, 9.68415e-20
6e-10, 1.08e-07, 1.0044e-19
6e-10, 1.12e-07, 1.04039e-19
6e-10, 1.16e-07, 1.07638e-19
6e-10, 1.2e-07, 1.12193e-19
7e-10, 0, 6.31775e-34
7e-10, 4e-09, 3.93027e-21
7e-10, 8e-09, 7.53022e-21
7e-10, 1.2e-08, 1.11302e-20
7e-10, 1.6e-08, 1.47301e-20
7e-10, 2e-08, 1.833e-20
7e-10, 2.4e-08, 2.193e-20
7e-10, 2.8e-08, 2.55299e-20
7e-10, 3.2e-08, 2.91299e-20
7e-10, 3.6e-08, 3.27298e-20
7e-10, 4e-08, 3.64576e-20
7e-10, 4.4e-08, 4.03227e-20
7e-10, 4.8e-08, 4.41879e-20
7e-10, 5.2e-08, 4.80531e-20
7e-10, 5.6e-08, 5.19183e-20
7e-10, 6e-08, 5.57834e-20
7e-10, 6.4e-08, 5.96486e-20
7e-10, 6.8e-08, 6.35138e-20
7e-10, 7.2e-08, 6.7379e-20
7e-10, 7.6e-08, 7.12442e-20
7e-10, 8e-08, 7.51093e-20
7e-10, 8.4e-08, 7.88371e-20
7e-10, 8.8e-08, 8.2437e-20
7e-10, 9.2e-08, 8.60369e-20
7e-10, 9.6e-08, 8.96369e-20
7e-10, 1e-07, 9.32368e-20
7e-10, 1.04e-07, 9.68368e-20
7e-10, 1.08e-07, 1.00437e-19
7e-10, 1.12e-07, 1.04037e-19
7e-10, 1.16e-07, 1.07637e-19
7e-10, 1.2e-07, 1.12193e-19
8e-10, 0, 6.31775e-34
8e-10, 4e-09, 3.93109e-21
8e-10, 8e-09, 7.53181e-21
8e-10, 1.2e-08, 1.11325e-20
8e-10, 1.6e-08, 1.47332e-20
8e-10, 2e-08, 1.83339e-20
8e-10, 2.4e-08, 2.19346e-20
8e-10, 2.8e-08, 2.55353e-20
8e-10, 3.2e-08, 2.9136e-20
8e-10, 3.6e-08, 3.27367e-20
8e-10, 4e-08, 3.64643e-20
8e-10, 4.4e-08, 4.03281e-20
8e-10, 4.8e-08, 4.41919e-20
8e-10, 5.2e-08, 4.80557e-20
8e-10, 5.6e-08, 5.19195e-20
8e-10, 6e-08, 5.57834e-20
8e-10, 6.4e-08, 5.96472e-20
8e-10, 6.8e-08, 6.3511e-20
8e-10, 7.2e-08, 6.73749e-20
8e-10, 7.6e-08, 7.12387e-20
8e-10, 8e-08, 7.51024e-20
8e-10, 8.4e-08, 7.883e-20
8e-10, 8.8e-08, 8.24307e-20
8e-10, 9.2e-08, 8.60314e-20
8e-10, 9.6e-08, 8.96321e-20
8e-10, 1e-07, 9.32328e-20
8e-10, 1.04e-07, 9.68335e-20
8e-10, 1.08e-07, 1.00434e-19
8e-10, 1.12e-07, 1.04035e-19
8e-10, 1.16e-07, 1.07636e-19
8e-10, 1.2e-07, 1.12193e-19
9e-10, 0, 6.31775e-34
9e-10, 4e-09, 3.93187e-21
9e-10, 8e-09, 7.53328e-21
9e-10, 1.2e-08, 1.11347e-20
9e-10, 1.6e-08, 1.47361e-20
9e-10, 2e-08, 1.83375e-20
9e-10, 2.4e-08, 2.19389e-20
9e-10, 2.8e-08, 2.55403e-20
9e-10, 3.2e-08, 2.91417e-20
9e-10, 3.6e-08, 3.27432e-20
9e-10, 4e-08, 3.64705e-20
9e-10, 4.4e-08, 4.0333e-20
9e-10, 4.8e-08, 4.41956e-20
9e-10, 5.2e-08, 4.80582e-20
9e-10, 5.6e-08, 5.19207e-20
9e-10, 6e-08, 5.57833e-20
9e-10, 6.4e-08, 5.96459e-20
9e-10, 6.8e-08, 6.35085e-20
9e-10, 7.2e-08, 6.7371e-20
9e-10, 7.6e-08, 7.12336e-20
9e-10, 8e-08, 7.50961e-20
9e-10, 8.4e-08, 7.88235e-20
9e-10, 8.8e-08, 8.24249e-20
9e-10, 9.2e-08, 8.60263e-20
9e-10, 9.6e-08, 8.96277e-20
9e-10, 1e-07, 9.32291e-20
9e-10, 1.04e-07, 9.68305e-20
9e-10, 1.08e-07, 1.00432e-19
9e-10, 1.12e-07, 1.04033e-19
9e-10, 1.16e-07, 1.07635e-19
9e-10, 1.2e-07, 1.12193e-19
1e-09, 0, 6.31775e-34
1e-09, 4e-09, 3.9326e-21
1e-09, 8e-09, 7.53469e-21
1e-09, 1.2e-08, 1.11368e-20
1e-09, 1.6e-08, 1.47389e-20
1e-09, 2e-08, 1.83409e-20
1e-09, 2.4e-08, 2.1943e-20
1e-09, 2.8e-08, 2.55451e-20
1e-09, 3.2e-08, 2.91472e-20
1e-09, 3.6e-08, 3.27493e-20
1e-09, 4e-08, 3.64764e-20
1e-09, 4.4e-08, 4.03377e-20
1e-09, 4.8e-08, 4.41991e-20
1e-09, 5.2e-08, 4.80605e-20
1e-09, 5.6e-08, 5.19219e-20
1e-09, 6e-08, 5.57833e-20
1e-09, 6.4e-08, 5.96446e-20
1e-09, 6.8e-08, 6.3506e-20
1e-09, 7.2e-08, 6.73674e-20
1e-09, 7.6e-08, 7.12288e-20
1e-09, 8e-08, 7.50901e-20
1e-09, 8.4e-08, 7.88173e-20
1e-09, 8.8e-08, 8.24193e-20
1e-09, 9.2e-08, 8.60214e-20
1e-09, 9.6e-08, 8.96235e-20
1e-09, 1e-07, 9.32256e-20
1e-09, 1.04e-07, 9.68277e-20
1e-09, 1.08e-07, 1.0043e-19
1e-09, 1.12e-07, 1.04032e-19
1e-09, 1.16e-07, 1.07634e-19
1e-09, 1.2e-07, 1.12193e-19
1.1e-09, 0, 6.31775e-34
1.1e-09, 4e-09, 3.93329e-21
1.1e-09, 8e-09, 7.53602e-21
1.1e-09, 1.2e-08, 1.11387e-20
1.1e-09, 1.6e-08, 1.47415e-20
1.1e-09, 2e-08, 1.83442e-20
1.1e-09, 2.4e-08, 2.19469e-20
1.1e-09, 2.8e-08, 2.55496e-20
1.1e-09, 3.2e-08, 2.91523e-20
1.1e-09, 3.6e-08, 3.27551e-20
1.1e-09, 4e-08, 3.6482e-20
1.1e-09, 4.4e-08, 4.03422e-20
1.1e-09, 4.8e-08, 4.42024e-20
1.1e-09, 5.2e-08, 4.80627e-20
1.1e-09, 5.6e-08, 5.1923e-20
1.1e-09, 6e-08, 5.57832e-20
1.1e-09, 6.4e-08, 5.96435e-20
1.1e-09, 6.8e-08, 6.35037e-20
1.1e-09, 7.2e-08, 6.7364e-20
1.1e-09, 7.6e-08, 7.12242e-20
1.1e-09, 8e-08, 7.50844e-20
1.1e-09, 8.4e-08, 7.88113e-20
1.1e-09, 8.8e-08, 8.24141e-20
1.1e-09, 9.2e-08, 8.60168e-20
1.1e-09, 9.6e-08, 8.96195e-20
1.1e-09, 1e-07, 9.32222e-20
1.1e-09, 1.04e-07, 9.68249e-20
1.1e-09, 1.08e-07, 1.00428e-19
1.1e-09, 1.12e-07, 1.0403e-19
1.1e-09, 1.16e-07, 1.07633e-19
1.1e-09, 1.2e-07, 1.12193e-19
1.2e-09, 0, 6.31775e-34
1.2e-09, 4e-09, 3.93395e-21
1.2e-09, 8e-09, 7.53729e-21
1.2e-09, 1.2e-08, 1.11406e-20
1.2e-09, 1.6e-08, 1.47439e-20
1.2e-09, 2e-08, 1.83473e-20
1.2e-09, 2.4e-08, 2.19506e-20
1.2e-09, 2.8e-08, 2.55539e-20
1.2e-09, 3.2e-08, 2.91572e-20
1.2e-09, 3.6e-08, 3.27606e-20
1.2e-09, 4e-08, 3.64873e-20
1.2e-09, 4.4e-08, 4.03464e-20
1.2e-09, 4.8e-08, 4.42056e-20
1.2e-09, 5.2e-08, 4.80648e-20
1.2e-09, 5.6e-08, 5.1924e-20
1.2e-09, 6e-08, 5.57831e-20
1.2e-09, 6.4e-08, 5.96423e-20
1.2e-09, 6.8e-08, 6.35015e-20
1.2e-09, 7.2e-08, 6.73607e-20
1.2e-09, 7.6e-08, 7.12199e-20
1.2e-09, 8e-08, 7.5079e-20
1.2e-09, 8.4e-08, 7.88057e-20
1.2e-09, 8.8e-08, 8.24091e-20
1.2e-09, 9.2e-08, 8.60124e-20
1.2e-09, 9.6e-08, 8.96157e-20
1.2e-09, 1e-07, 9.3219e-20
1.2e-09, 1.04e-07, 9.68224e-20
1.2e-09, 1.08e-07, 1.00426e-19
1.2e-09, 1.12e-07, 1.04029e-19
1.2e-09, 1.16e-07, 1.07632e-19
1.2e-09, 1.2e-07, 1.12193e-19
1.3e-09, 0, 6.31775e-34
1.3e-09, 4e-09, 3.93458e-21
1.3e-09, 8e-09, 7.53848e-21
1.3e-09, 1.2e-08, 1.11424e-20
1.3e-09, 1.6e-08, 1.47463e-20
1.3e-09, 2e-08, 1.83502e-20
1.3e-09, 2.4e-08, 2.19541e-20
1.3e-09, 2.8e-08, 2.5558e-20
1.3e-09, 3.2e-08, 2.91618e-20
1.3e-09, 3.6e-08, 3.27657e-20
1.3e-09, 4e-08, 3.64924e-20
1.3e-09, 4.4e-08, 4.03504e-20
1.3e-09, 4.8e-08, 4.42086e-20
1.3e-09, 5.2e-08, 4.80668e-20
1.3e-09, 5.6e-08, 5.19249e-20
1.3e-09, 6e-08, 5.57831e-20
1.3e-09, 6.4e-08, 5.96413e-20
1.3e-09, 6.8e-08, 6.34994e-20
1.3e-09, 7.2e-08, 6.73576e-20
1.3e-09, 7.6e-08, 7.12158e-20
1.3e-09, 8e-08, 7.50738e-20
1.3e-09, 8.4e-08, 7.88005e-20
1.3e-09, 8.8e-08, 8.24044e-20
1.3e-09, 9.2e-08, 8.60082e-20
1.3e-09, 9.6e-08, 8.96121e-20
1.3e-09, 1e-07, 9.3216e-20
1.3e-09, 1.04e-07, 9.68199e-20
1.3e-09, 1.08e-07, 1.00424e-19
1.3e-09, 1.12e-07, 1.04028e-19
1.3e-09, 1.16e-07, 1.07632e-19
1.3e-09, 1.2e-07, 1.12193e-19
1.4e-09, 0, 6.31775e-34
1.4e-09, 4e-09, 3.93516e-21
1.4e-09, 8e-09, 7.5396e-21
1.4e-09, 1.2e-08, 1.1144e-20
1.4e-09, 1.6e-08, 1.47485e-20
1.4e-09, 2e-08, 1.83529e-20
1.4e-09, 2.4e-08, 2.19573e-20
1.4e-09, 2.8e-08, 2.55618e-20
1.4e-09, 3.2e-08, 2.91662e-20
1.4e-09, 3.6e-08, 3.27706e-20
1.4e-09, 4e-08, 3.64971e-20
1.4e-09, 4.4e-08, 4.03542e-20
1.4e-09, 4.8e-08, 4.42114e-20
1.4e-09, 5.2e-08, 4.80686e-20
1.4e-09, 5.6e-08, 5.19258e-20
1.4e-09, 6e-08, 5.57831e-20
1.4e-09, 6.4e-08, 5.96403e-20
1.4e-09, 6.8e-08, 6.34975e-20
1.4e-09, 7.2e-08, 6.73547e-20
1.4e-09, 7.6e-08, 7.12119e-20
1.4e-09, 8e-08, 7.5069e-20
1.4e-09, 8.4e-08, 7.87955e-20
1.4e-09, 8.8e-08, 8.23999e-20
1.4e-09, 9.2e-08, 8.60043e-20
1.4e-09, 9.6e-08, 8.96088e-20
1.4e-09, 1e-07, 9.32132e-20
1.4e-09, 1.04e-07, 9.68176e-20
1.4e-09, 1.08e-07, 1.00422e-19
1.4e-09, 1.12e-07, 1.04027e-19
1.4e-09, 1.16e-07, 1.07631e-19
1.4e-09, 1.2e-07, 1.12193e-19
1.5e-09, 0, 6.31775e-34
1.5e-09, 4e-09, 3.93571e-21
1.5e-09, 8e-09, 7.54066e-21
1.5e-09, 1.2e-08, 1.11456e-20
1.5e-09, 1.6e-08, 1.47505e-20
1.5e-09, 2e-08, 1.83555e-20
1.5e-09, 2.4e-08, 2.19604e-20
1.5e-09, 2.8e-08, 2.55653e-20
1.5e-09, 3.2e-08, 2.91703e-20
1.5e-09, 3.6e-08, 3.27752e-20
1.5e-09, 4e-08, 3.65015e-20
1.5e-09, 4.4e-08, 4.03577e-20
1.5e-09, 4.8e-08, 4.42141e-20
1.5e-09, 5.2e-08, 4.80704e-20
1.5e-09, 5.6e-08, 5.19267e-20
1.5e-09, 6e-08, 5.5783e-20
1.5e-09, 6.4e-08, 5.96393e-20
1.5e-09, 6.8e-08, 6.34956e-20
1.5e-09, 7.2e-08, 6.7352e-20
1.5e-09, 7.6e-08, 7.12083e-20
1.5e-09, 8e-08, 7.50645e-20
1.5e-09, 8.4e-08, 7.87908e-20
1.5e-09, 8.8e-08, 8.23957e-20
1.5e-09, 9.2e-08, 8.60007e-20
1.5e-09, 9.6e-08, 8.96056e-20
1.5e-09, 1e-07, 9.32106e-20
1.5e-09, 1.04e-07, 9.68155e-20
1.5e-09, 1.08e-07, 1.0042e-19
1.5e-09, 1.12e-07, 1.04025e-19
1.5e-09, 1.16e-07, 1.0763e-19
1.5e-09, 1.2e-07, 1.12193e-19
1.6e-09, 0, 6.31775e-34
1.6e-09, 4e-09, 3.93623e-21
1.6e-09, 8e-09, 7.54164e-21
1.6e-09, 1.2e-08, 1.1147e-20
1.6e-09, 1.6e-08, 1.47525e-20
1.6e-09, 2e-08, 1.83579e-20
1.6e-09, 2.4e-08, 2.19633e-20
1.6e-09, 2.8e-08, 2.55687e-20
1.6e-09, 3.2e-08, 2.91741e-20
1.6e-09, 3.6e-08, 3.27795e-20
1.6e-09, 4e-08, 3.65057e-20
1.6e-09, 4.4e-08, 4.03611e-20
1.6e-09, 4.8e-08, 4.42165e-20
1.6e-09, 5.2e-08, 4.8072e-20
1.6e-09, 5.6e-08, 5.19275e-20
1.6e-09, 6e-08, 5.5783e-20
1.6e-09, 6.4e-08, 5.96384e-20
1.6e-09, 6.8e-08, 6.34939e-20
1.6e-09, 7.2e-08, 6.73494e-20
1.6e-09, 7.6e-08, 7.12049e-20
1.6e-09, 8e-08, 7.50603e-20
1.6e-09, 8.4e-08, 7.87864e-20
1.6e-09, 8.8e-08, 8.23919e-20
1.6e-09, 9.2e-08, 8.59973e-20
1.6e-09, 9.6e-08, 8.96027e-20
1.6e-09, 1e-07, 9.32081e-20
1.6e-09, 1.04e-07, 9.68135e-20
1.6e-09, 1.08e-07, 1.00419e-19
1.6e-09, 1.12e-07, 1.04024e-19
1.6e-09, 1.16e-07, 1.0763e-19
1.6e-09, 1.2e-07, 1.12193e-19
1.7e-09, 0, 6.31775e-34
1.7e-09, 4e-09, 3.93671e-21
1.7e-09, 8e-09, 7.54256e-21
1.7e-09, 1.2e-08, 1.11484e-20
1.7e-09, 1.6e-08, 1.47542e-20
1.7e-09, 2e-08, 1.83601e-20
1.7e-09, 2.4e-08, 2.19659e-20
1.7e-09, 2.8e-08, 2.55718e-20
1.7e-09, 3.2e-08, 2.91776e-20
1.7e-09, 3.6e-08, 3.27835e-20
1.7e-09, 4e-08, 3.65095e-20
1.7e-09, 4.4e-08, 4.03641e-20
1.7e-09, 4.8e-08, 4.42188e-20
1.7e-09, 5.2e-08, 4.80735e-20
1.7e-09, 5.6e-08, 5.19282e-20
1.7e-09, 6e-08, 5.57829e-20
1.7e-09, 6.4e-08, 5.96376e-20
1.7e-09, 6.8e-08, 6.34923e-20
1.7e-09, 7.2e-08, 6.7347e-20
1.7e-09, 7.6e-08, 7.12017e-20
1.7e-09, 8e-08, 7.50563e-20
1.7e-09, 8.4e-08, 7.87824e-20
1.7e-09, 8.8e-08, 8.23882e-20
1.7e-09, 9.2e-08, 8.59941e-20
1.7e-09, 9.6e-08, 8.95999e-20
1.7e-09, 1e-07, 9.32058e-20
1.7e-09, 1.04e-07, 9.68116e-20
1.7e-09, 1.08e-07, 1.00417e-19
1.7e-09, 1.12e-07, 1.04023e-19
1.7e-09, 1.16e-07, 1.07629e-19
1.7e-09, 1.2e-07, 1.12193e-19
1.8e-09, 0, 6.31775e-34
1.8e-09, 4e-09, 3.93715e-21
1.8e-09, 8e-09, 7.54341e-21
1.8e-09, 1.2e-08, 1.11497e-20
1.8e-09, 1.6e-08, 1.47559e-20
1.8e-09, 2e-08, 1.83622e-20
1.8e-09, 2.4e-08, 2.19684e-20
1.8e-09, 2.8e-08, 2.55747e-20
1.8e-09, 3.2e-08, 2.91809e-20
1.8e-09, 3.6e-08, 3.27872e-20
1.8e-09, 4e-08, 3.65131e-20
1.8e-09, 4.4e-08, 4.0367e-20
1.8e-09, 4.8e-08, 4.4221e-20
1.8e-09, 5.2e-08, 4.80749e-20
1.8e-09, 5.6e-08, 5.19289e-20
1.8e-09, 6e-08, 5.57829e-20
1.8e-09, 6.4e-08, 5.96369e-20
1.8e-09, 6.8e-08, 6.34909e-20
1.8e-09, 7.2e-08, 6.73448e-20
1.8e-09, 7.6e-08, 7.11988e-20
1.8e-09, 8e-08, 7.50527e-20
1.8e-09, 8.4e-08, 7.87786e-20
1.8e-09, 8.8e-08, 8.23849e-20
1.8e-09, 9.2e-08, 8.59911e-20
1.8e-09, 9.6e-08, 8.95974e-20
1.8e-09, 1e-07, 9.32036e-20
1.8e-09, 1.04e-07, 9.68099e-20
1.8e-09, 1.08e-07, 1.00416e-19
1.8e-09, 1.12e-07, 1.04022e-19
1.8e-09, 1.16e-07, 1.07629e-19
1.8e-09, 1.2e-07, 1.12193e-19
1.9e-09, 0, 6.31775e-34
1.9e-09, 4e-09, 3.93756e-21
1.9e-09, 8e-09, 7.54419e-21
1.9e-09, 1.2e-08, 1.11508e-20
1.9e-09, 1.6e-08, 1.47574e-20
1.9e-09, 2e-08, 1.83641e-20
1.9e-09, 2.4e-08, 2.19707e-20
1.9e-09, 2.8e-08, 2.55773e-20
1.9e-09, 3.2e-08, 2.91839e-20
1.9e-09, 3.6e-08, 3.27906e-20
1.9e-09, 4e-08, 3.65164e-20
1.9e-09, 4.4e-08, 4.03696e-20
1.9e-09, 4.8e-08, 4.42229e-20
1.9e-09, 5.2e-08, 4.80762e-20
1.9e-09, 5.6e-08, 5.19295e-20
1.9e-09, 6e-08, 5.57829e-20
1.9e-09, 6.4e-08, 5.96362e-20
1.9e-09, 6.8e-08, 6.34895e-20
1.9e-09, 7.2e-08, 6.73428e-20
1.9e-09, 7.6e-08, 7.11961e-20
1.9e-09, 8e-08, 7.50494e-20
1.9e-09, 8.4e-08, 7.87752e-20
1.9e-09, 8.8e-08, 8.23818e-20
1.9e-09, 9.2e-08, 8.59884e-20
1.9e-09, 9.6e-08, 8.9595e-20
1.9e-09, 1e-07, 9.32017e-20
1.9e-09, 1.04e-07, 9.68083e-20
1.9e-09, 1.08e-07, 1.00415e-19
1.9e-09, 1.12e-07, 1.04022e-19
1.9e-09, 1.16e-07, 1.07628e-19
1.9e-09, 1.2e-07, 1.12193e-19
2e-09, 0, 6.31775e-34
2e-09, 4e-09, 3.93793e-21
2e-09, 8e-09, 7.5449e-21
2e-09, 1.2e-08, 1.11519e-20
2e-09, 1.6e-08, 1.47588e-20
2e-09, 2e-08, 1.83658e-20
2e-09, 2.4e-08, 2.19728e-20
2e-09, 2.8e-08, 2.55797e-20
2e-09, 3.2e-08, 2.91867e-20
2e-09, 3.6e-08, 3.27937e-20
2e-09, 4e-08, 3.65194e-20
2e-09, 4.4e-08, 4.0372e-20
2e-09, 4.8e-08, 4.42247e-20
2e-09, 5.2e-08, 4.80774e-20
2e-09, 5.6e-08, 5.19301e-20
2e-09, 6e-08, 5.57828e-20
2e-09, 6.4e-08, 5.96355e-20
2e-09, 6.8e-08, 6.34883e-20
2e-09, 7.2e-08, 6.7341e-20
2e-09, 7.6e-08, 7.11937e-20
2e-09, 8e-08, 7.50463e-20
2e-09, 8.4e-08, 7.8772e-20
2e-09, 8.8e-08, 8.2379e-20
2e-09, 9.2e-08, 8.59859e-20
2e-09, 9.6e-08, 8.95929e-20
2e-09, 1e-07, 9.31999e-20
2e-09, 1.04e-07, 9.68068e-20
2e-09, 1.08e-07, 1.00414e-19
2e-09, 1.12e-07, 1.04021e-19
2e-09, 1.16e-07, 1.07628e-19
2e-09, 1.2e-07, 1.12193e-19
2.1e-09, 0, 6.31775e-34
2.1e-09, 4e-09, 3.93826e-21
2.1e-09, 8e-09, 7.54554e-21
2.1e-09, 1.2e-08, 1.11528e-20
2.1e-09, 1.6e-08, 1.47601e-20
2.1e-09, 2e-08, 1.83674e-20
2.1e-09, 2.4e-08, 2.19746e-20
2.1e-09, 2.8e-08, 2.55819e-20
2.1e-09, 3.2e-08, 2.91892e-20
2.1e-09, 3.6e-08, 3.27964e-20
2.1e-09, 4e-08, 3.65221e-20
2.1e-09, 4.4e-08, 4.03741e-20
2.1e-09, 4.8e-08, 4.42263e-20
2.1e-09, 5.2e-08, 4.80785e-20
2.1e-09, 5.6e-08, 5.19306e-20
2.1e-09, 6e-08, 5.57828e-20
2.1e-09, 6.4e-08, 5.9635e-20
2.1e-09, 6.8e-08, 6.34871e-20
2.1e-09, 7.2e-08, 6.73393e-20
2.1e-09, 7.6e-08, 7.11915e-20
2.1e-09, 8e-08, 7.50436e-20
2.1e-09, 8.4e-08, 7.87692e-20
2.1e-09, 8.8e-08, 8.23764e-20
2.1e-09, 9.2e-08, 8.59837e-20
2.1e-09, 9.6e-08, 8.9591e-20
2.1e-09, 1e-07, 9.31983e-20
2.1e-09, 1.04e-07, 9.68055e-20
2.1e-09, 1.08e-07, 1.00413e-19
2.1e-09, 1.12e-07, 1.0402e-19
2.1e-09, 1.16e-07, 1.07627e-19
2.1e-09, 1.2e-07, 1.12193e-19
2.2e-09, 0, 6.31775e-34
2.2e-09, 4e-09, 3.93856e-21
2.2e-09, 8e-09, 7.54612e-21
2.2e-09, 1.2e-08, 1.11537e-20
2.2e-09, 1.6e-08, 1.47612e-20
2.2e-09, 2e-08, 1.83688e-20
2.2e-09, 2.4e-08, 2.19763e-20
2.2e-09, 2.8e-08, 2.55839e-20
2.2e-09, 3.2e-08, 2.91914e-20
2.2e-09, 3.6e-08, 3.27989e-20
2.2e-09, 4e-08, 3.65245e-20
2.2e-09, 4.4e-08, 4.03761e-20
2.2e-09, 4.8e-08, 4.42277e-20
2.2e-09, 5.2e-08, 4.80794e-20
2.2e-09, 5.6e-08, 5.19311e-20
2.2e-09, 6e-08, 5.57828e-20
2.2e-09, 6.4e-08, 5.96345e-20
2.2e-09, 6.8e-08, 6.34861e-20
2.2e-09, 7.2e-08, 6.73378e-20
2.2e-09, 7.6e-08, 7.11895e-20
2.2e-09, 8e-08, 7.50411e-20
2.2e-09, 8.4e-08, 7.87666e-20
2.2e-09, 8.8e-08, 8.23742e-20
2.2e-09, 9.2e-08, 8.59817e-20
2.2e-09, 9.6e-08, 8.95893e-20
2.2e-09, 1e-07, 9.31968e-20
2.2e-09, 1.04e-07, 9.68044e-20
2.2e-09, 1.08e-07, 1.00412e-19
2.2e-09, 1.12e-07, 1.04019e-19
2.2e-09, 1.16e-07, 1.07627e-19
2.2e-09, 1.2e-07, 1.12193e-19
2.3e-09, 0, 6.31775e-34
2.3e-09, 4e-09, 3.93883e-21
2.3e-09, 8e-09, 7.54663e-21
2.3e-09, 1.2e-08, 1.11544e-20
2.3e-09, 1.6e-08, 1.47622e-20
2.3e-09, 2e-08, 1.837e-20
2.3e-09, 2.4e-08, 2.19778e-20
2.3e-09, 2.8e-08, 2.55856e-20
2.3e-09, 3.2e-08, 2.91934e-20
2.3e-09, 3.6e-08, 3.28012e-20
2.3e-09, 4e-08, 3.65266e-20
2.3e-09, 4.4e-08, 4.03778e-20
2.3e-09, 4.8e-08, 4.4229e-20
2.3e-09, 5.2e-08, 4.80803e-20
2.3e-09, 5.6e-08, 5.19315e-20
2.3e-09, 6e-08, 5.57828e-20
2.3e-09, 6.4e-08, 5.9634e-20
2.3e-09, 6.8e-08, 6.34853e-20
2.3e-09, 7.2e-08, 6.73365e-20
2.3e-09, 7.6e-08, 7.11878e-20
2.3e-09, 8e-08, 7.50389e-20
2.3e-09, 8.4e-08, 7.87644e-20
2.3e-09, 8.8e-08, 8.23722e-20
2.3e-09, 9.2e-08, 8.598e-20
2.3e-09, 9.6e-08, 8.95877e-20
2.3e-09, 1e-07, 9.31955e-20
2.3e-09, 1.04e-07, 9.68033e-20
2.3e-09, 1.08e-07, 1.00411e-19
2.3e-09, 1.12e-07, 1.04019e-19
2.3e-09, 1.16e-07, 1.07627e-19
2.3e-09, 1.2e-07, 1.12193e-19
2.4e-09, 0, 6.31775e-34
2.4e-09, 4e-09, 3.93906e-21
2.4e-09, 8e-09, 7.54706e-21
2.4e-09, 1.2e-08, 1.11551e-20
2.4e-09, 1.6e-08, 1.47631e-20
2.4e-09, 2e-08, 1.83711e-20
2.4e-09, 2.4e-08, 2.19791e-20
2.4e-09, 2.8e-08, 2.55871e-20
2.4e-09, 3.2e-08, 2.91951e-20
2.4e-09, 3.6e-08, 3.28031e-20
2.4e-09, 4e-08, 3.65285e-20
2.4e-09, 4.4e-08, 4.03792e-20
2.4e-09, 4.8e-08, 4.42301e-20
2.4e-09, 5.2e-08, 4.8081e-20
2.4e-09, 5.6e-08, 5.19319e-20
2.4e-09, 6e-08, 5.57827e-20
2.4e-09, 6.4e-08, 5.96336e-20
2.4e-09, 6.8e-08, 6.34845e-20
2.4e-09, 7.2e-08, 6.73354e-20
2.4e-09, 7.6e-08, 7.11863e-20
2.4e-09, 8e-08, 7.5037e-20
2.4e-09, 8.4e-08, 7.87624e-20
2.4e-09, 8.8e-08, 8.23704e-20
2.4e-09, 9.2e-08, 8.59784e-20
2.4e-09, 9.6e-08, 8.95864e-20
2.4e-09, 1e-07, 9.31944e-20
2.4e-09, 1.04e-07, 9.68024e-20
2.4e-09, 1.08e-07, 1.0041e-19
2.4e-09, 1.12e-07, 1.04018e-19
2.4e-09, 1.16e-07, 1.07626e-19
2.4e-09, 1.2e-07, 1.12193e-19
2.5e-09, 0, 6.31775e-34
2.5e-09, 4e-09, 3.93925e-21
2.5e-09, 8e-09, 7.54744e-21
2.5e-09, 1.2e-08, 1.11556e-20
2.5e-09, 1.6e-08, 1.47638e-20
2.5e-09, 2e-08, 1.8372e-20
2.5e-09, 2.4e-08, 2.19801e-20
2.5e-09, 2.8e-08, 2.55883e-20
2.5e-09, 3.2e-08, 2.91965e-20
2.5e-09, 3.6e-08, 3.28047e-20
2.5e-09, 4e-08, 3.653e-20
2.5e-09, 4.4e-08, 4.03805e-20
2.5e-09, 4.8e-08, 4.4231e-20
2.5e-09, 5.2e-08, 4.80816e-20
2.5e-09, 5.6e-08, 5.19322e-20
2.5e-09, 6e-08, 5.57827e-20
2.5e-09, 6.4e-08, 5.96333e-20
2.5e-09, 6.8e-08, 6.34839e-20
2.5e-09, 7.2e-08, 6.73344e-20
2.5e-09, 7.6e-08, 7.1185e-20
2.5e-09, 8e-08, 7.50354e-20
2.5e-09, 8.4e-08, 7.87608e-20
2.5e-09, 8.8e-08, 8.2369e-20
2.5e-09, 9.2e-08, 8.59771e-20
2.5e-09, 9.6e-08, 8.95853e-20
2.5e-09, 1e-07, 9.31935e-20
2.5e-09, 1.04e-07, 9.68017e-20
2.5e-09, 1.08e-07, 1.0041e-19
2.5e-09, 1.12e-07, 1.04018e-19
2.5e-09, 1.16e-07, 1.07626e-19
2.5e-09, 1.2e-07, 1.12193e-19
2.6e-09, 0, 6.31775e-34
2.6e-09, 4e-09, 3.93941e-21
2.6e-09, 8e-09, 7.54774e-21
2.6e-09, 1.2e-08, 1.11561e-20
2.6e-09, 1.6e-08, 1.47644e-20
2.6e-09, 2e-08, 1.83727e-20
2.6e-09, 2.4e-08, 2.1981e-20
2.6e-09, 2.8e-08, 2.55894e-20
2.6e-09, 3.2e-08, 2.91977e-20
2.6e-09, 3.6e-08, 3.2806e-20
2.6e-09, 4e-08, 3.65313e-20
2.6e-09, 4.4e-08, 4.03815e-20
2.6e-09, 4.8e-08, 4.42318e-20
2.6e-09, 5.2e-08, 4.80821e-20
2.6e-09, 5.6e-08, 5.19324e-20
2.6e-09, 6e-08, 5.57827e-20
2.6e-09, 6.4e-08, 5.9633e-20
2.6e-09, 6.8e-08, 6.34833e-20
2.6e-09, 7.2e-08, 6.73336e-20
2.6e-09, 7.6e-08, 7.11839e-20
2.6e-09, 8e-08, 7.50341e-20
2.6e-09, 8.4e-08, 7.87594e-20
2.6e-09, 8.8e-08, 8.23678e-20
2.6e-09, 9.2e-08, 8.59761e-20
2.6e-09, 9.6e-08, 8.95844e-20
2.6e-09, 1e-07, 9.31927e-20
2.6e-09, 1.04e-07, 9.6801e-20
2.6e-09, 1.08e-07, 1.00409e-19
2.6e-09, 1.12e-07, 1.04018e-19
2.6e-09, 1.16e-07, 1.07626e-19
2.6e-09, 1.2e-07, 1.12193e-19
2.7e-09, 0, 6.31775e-34
2.7e-09, 4e-09, 3.93953e-21
2.7e-09, 8e-09, 7.54798e-21
2.7e-09, 1.2e-08, 1.11564e-20
2.7e-09, 1.6e-08, 1.47648e-20
2.7e-09, 2e-08, 1.83733e-20
2.7e-09, 2.4e-08, 2.19817e-20
2.7e-09, 2.8e-08, 2.55902e-20
2.7e-09, 3.2e-08, 2.91986e-20
2.7e-09, 3.6e-08, 3.2807e-20
2.7e-09, 4e-08, 3.65323e-20
2.7e-09, 4.4e-08, 4.03823e-20
2.7e-09, 4.8e-08, 4.42324e-20
2.7e-09, 5.2e-08, 4.80825e-20
2.7e-09, 5.6e-08, 5.19326e-20
2.7e-09, 6e-08, 5.57827e-20
2.7e-09, 6.4e-08, 5.96328e-20
2.7e-09, 6.8e-08, 6.34829e-20
2.7e-09, 7.2e-08, 6.7333e-20
2.7e-09, 7.6e-08, 7.11831e-20
2.7e-09, 8e-08, 7.50331e-20
2.7e-09, 8.4e-08, 7.87584e-20
2.7e-09, 8.8e-08, 8.23668e-20
2.7e-09, 9.2e-08, 8.59753e-20
2.7e-09, 9.6e-08, 8.95837e-20
2.7e-09, 1e-07, 9.31921e-20
2.7e-09, 1.04e-07, 9.68006e-20
2.7e-09, 1.08e-07, 1.00409e-19
2.7e-09, 1.12e-07, 1.04017e-19
2.7e-09, 1.16e-07, 1.07626e-19
2.7e-09, 1.2e-07, 1.12193e-19
2.8e-09, 0, 6.31775e-34
2.8e-09, 4e-09, 3.93962e-21
2.8e-09, 8e-09, 7.54815e-21
2.8e-09, 1.2e-08, 1.11567e-20
2.8e-09, 1.6e-08, 1.47652e-20
2.8e-09, 2e-08, 1.83737e-20
2.8e-09, 2.4e-08, 2.19822e-20
2.8e-09, 2.8e-08, 2.55907e-20
2.8e-09, 3.2e-08, 2.91992e-20
2.8e-09, 3.6e-08, 3.28078e-20
2.8e-09, 4e-08, 3.6533e-20
2.8e-09, 4.4e-08, 4.03829e-20
2.8e-09, 4.8e-08, 4.42328e-20
2.8e-09, 5.2e-08, 4.80828e-20
2.8e-09, 5.6e-08, 5.19327e-20
2.8e-09, 6e-08, 5.57827e-20
2.8e-09, 6.4e-08, 5.96327e-20
2.8e-09, 6.8e-08, 6.34826e-20
2.8e-09, 7.2e-08, 6.73326e-20
2.8e-09, 7.6e-08, 7.11825e-20
2.8e-09, 8e-08, 7.50324e-20
2.8e-09, 8.4e-08, 7.87576e-20
2.8e-09, 8.8e-08, 8.23662e-20
2.8e-09, 9.2e-08, 8.59747e-20
2.8e-09, 9.6e-08, 8.95832e-20
2.8e-09, 1e-07, 9.31917e-20
2.8e-09, 1.04e-07, 9.68002e-20
2.8e-09, 1.08e-07, 1.00409e-19
2.8e-09, 1.12e-07, 1.04017e-19
2.8e-09, 1.16e-07, 1.07626e-19
2.8e-09, 1.2e-07, 1.12193e-19
2.9e-09, 0, 6.31775e-34
2.9e-09, 4e-09, 3.93967e-21
2.9e-09, 8e-09, 7.54825e-21
2.9e-09, 1.2e-08, 1.11568e-20
2.9e-09, 1.6e-08, 1.47654e-20
2.9e-09, 2e-08, 1.83739e-20
2.9e-09, 2.4e-08, 2.19825e-20
2.9e-09, 2.8e-08, 2.55911e-20
2.9e-09, 3.2e-08, 2.91996e-20
2.9e-09, 3.6e-08, 3.28082e-20
2.9e-09, 4e-08, 3.65334e-20
2.9e-09, 4.4e-08, 4.03832e-20
2.9e-09, 4.8e-08, 4.42331e-20
2.9e-09, 5.2e-08, 4.80829e-20
2.9e-09, 5.6e-08, 5.19328e-20
2.9e-09, 6e-08, 5.57827e-20
2.9e-09, 6.4e-08, 5.96326e-20
2.9e-09, 6.8e-08, 6.34824e-20
2.9e-09, 7.2e-08, 6.73323e-20
2.9e-09, 7.6e-08, 7.11822e-20
2.9e-09, 8e-08, 7.5032e-20
2.9e-09, 8.4e-08, 7.87572e-20
2.9e-09, 8.8e-08, 8.23658e-20
2.9e-09, 9.2e-08, 8.59743e-20
2.9e-09, 9.6e-08, 8.95829e-20
2.9e-09, 1e-07, 9.31914e-20
2.9e-09, 1.04e-07, 9.68e-20
2.9e-09, 1.08e-07, 1.00409e-19
2.9e-09, 1.12e-07, 1.04017e-19
2.9e-09, 1.16e-07, 1.07626e-19
2.9e-09, 1.2e-07, 1.12193e-19
3e-09, 0, 6.31775e-34
3e-09, 4e-09, 3.93969e-21
3e-09, 8e-09, 7.54828e-21
3e-09, 1.2e-08, 1.11569e-20
3e-09, 1.6e-08, 1.47654e-20
3e-09, 2e-08, 1.8374e-20
3e-09, 2.4e-08, 2.19826e-20
3e-09, 2.8e-08, 2.55912e-20
3e-09, 3.2e-08, 2.91998e-20
3e-09, 3.6e-08, 3.28083e-20
3e-09, 4e-08, 3.65336e-20
3e-09, 4.4e-08, 4.03833e-20
3e-09, 4.8e-08, 4.42331e-20
3e-09, 5.2e-08, 4.8083e-20
3e-09, 5.6e-08, 5.19328e-20
3e-09, 6e-08, 5.57827e-20
3e-09, 6.4e-08, 5.96325e-20
3e-09, 6.8e-08, 6.34824e-20
3e-09, 7.2e-08, 6.73322e-20
3e-09, 7.6e-08, 7.11821e-20
3e-09, 8e-08, 7.50318e-20
3e-09, 8.4e-08, 7.8757e-20
3e-09, 8.8e-08, 8.23656e-20
3e-09, 9.2e-08, 8.59742e-20
3e-09, 9.6e-08, 8.95828e-20
3e-09, 1e-07, 9.31914e-20
3e-09, 1.04e-07, 9.67999e-20
3e-09, 1.08e-07, 1.00409e-19
3e-09, 1.12e-07, 1.04017e-19
3e-09, 1.16e-07, 1.07626e-19
3e-09, 1.2e-07, 1.12193e-19
3.1e-09, 0, 6.31775e-34
3.1e-09, 4e-09, 3.93967e-21
3.1e-09, 8e-09, 7.54825e-21
3.1e-09, 1.2e-08, 1.11568e-20
3.1e-09, 1.6e-08, 1.47654e-20
3.1e-09, 2e-08, 1.83739e-20
3.1e-09, 2.4e-08, 2.19825e-20
3.1e-09, 2.8e-08, 2.55911e-20
3.1e-09, 3.2e-08, 2.91996e-20
3.1e-09, 3.6e-08, 3.28082e-20
3.1e-09, 4e-08, 3.65334e-20
3.1e-09, 4.4e-08, 4.03832e-20
3.1e-09, 4.8e-08, 4.42331e-20
3.1e-09, 5.2e-08, 4.80829e-20
3.1e-09, 5.6e-08, 5.19328e-20
3.1e-09, 6e-08, 5.57827e-20
3.1e-09, 6.4e-08, 5.96326e-20
3.1e-09, 6.8e-08, 6.34824e-20
3.1e-09, 7.2e-08, 6.73323e-20
3.1e-09, 7.6e-08, 7.11822e-20
3.1e-09, 8e-08, 7.5032e-20
3.1e-09, 8.4e-08, 7.87572e-20
3.1e-09, 8.8e-08, 8.23658e-20
3.1e-09, 9.2e-08, 8.59743e-20
3.1e-09, 9.6e-08, 8.95829e-20
3.1e-09, 1e-07, 9.31914e-20
3.1e-09, 1.04e-07, 9.68e-20
3.1e-09, 1.08e-07, 1.00409e-19
3.1e-09, 1.12e-07, 1.04017e-19
3.1e-09, 1.16e-07, 1.07626e-19
3.1e-09, 1.2e-07, 1.12193e-19
3.2e-09, 0, 6.31775e-34
3.2e-09, 4e-09, 3.93962e-21
3.2e-09, 8e-09, 7.54815e-21
3.2e-09, 1.2e-08, 1.11567e-20
3.2e-09, 1.6e-08, 1.47652e-20
3.2e-09, 2e-08, 1.83737e-20
3.2e-09, 2.4e-08, 2.19822e-20
3.2e-09, 2.8e-08, 2.55907e-20
3.2e-09, 3.2e-08, 2.91992e-20
3.2e-09, 3.6e-08, 3.28078e-20
3.2e-09, 4e-08, 3.6533e-20
3.2e-09, 4.4e-08, 4.03829e-20
3.2e-09, 4.8e-08, 4.42328e-20
3.2e-09, 5.2e-08, 4.80828e-20
3.2e-09, 5.6e-08, 5.19327e-20
3.2e-09, 6e-08, 5.57827e-20
3.2e-09, 6.4e-08, 5.96327e-20
3.2e-09, 6.8e-08, 6.34826e-20
3.2e-09, 7.2e-08, 6.73326e-20
3.2e-09, 7.6e-08, 7.11825e-20
3.2e-09, 8e-08, 7.50324e-20
3.2e-09, 8.4e-08, 7.87576e-20
3.2e-09, 8.8e-08, 8.23662e-20
3.2e-09, 9.2e-08, 8.59747e-20
3.2e-09, 9.6e-08, 8.95832e-20
3.2e-09, 1e-07, 9.31917e-20
3.2e-09, 1.04e-07, 9.68002e-20
3.2e-09, 1.08e-07, 1.00409e-19
3.2e-09, 1.12e-07, 1.04017e-19
3.2e-09, 1.16e-07, 1.07626e-19
3.2e-09, 1.2e-07, 1.12193e-19
3.3e-09, 0, 6.31775e-34
3.3e-09, 4e-09, 3.93953e-21
3.3e-09, 8e-09, 7.54798e-21
3.3e-09, 1.2e-08, 1.11564e-20
3.3e-09, 1.6e-08, 1.47648e-20
3.3e-09, 2e-08, 1.83733e-20
3.3e-09, 2.4e-08, 2.19817e-20
3.3e-09, 2.8e-08, 2.55902e-20
3.3e-09, 3.2e-08, 2.91986e-20
3.3e-09, 3.6e-08, 3.2807e-20
3.3e-09, 4e-08, 3.65323e-20
3.3e-09, 4.4e-08, 4.03823e-20
3.3e-09, 4.8e-08, 4.42324e-20
3.3e-09, 5.2e-08, 4.80825e-20
3.3e-09, 5.6e-08, 5.19326e-20
3.3e-09, 6e-08, 5.57827e-20
3.3e-09, 6.4e-08, 5.96328e-20
3.3e-09, 6.8e-08, 6.34829e-20
3.3e-09, 7.2e-08, 6.7333e-20
3.3e-09, 7.6e-08, 7.11831e-20
3.3e-09, 8e-08, 7.50331e-20
3.3e-09, 8.4e-08, 7.87584e-20
3.3e-09, 8.8e-08, 8.23668e-20
3.3e-09, 9.2e-08, 8.59753e-20
3.3e-09, 9.6e-08, 8.95837e-20
3.3e-09, 1e-07, 9.31921e-20
3.3e-09, 1.04e-07, 9.68006e-20
3.3e-09, 1.08e-07, 1.00409e-19
3.3e-09, 1.12e-07, 1.04017e-19
3.3e-09, 1.16e-07, 1.07626e-19
3.3e-09, 1.2e-07, 1.12193e-19
3.4e-09, 0, 6.31775e-34
3.4e-09, 4e-09, 3.93941e-21
3.4e-09, 8e-09, 7.54774e-21
3.4e-09, 1.2e-08, 1.11561e-20
3.4e-09, 1.6e-08, 1.47644e-20
3.4e-09, 2e-08, 1.83727e-20
3.4e-09, 2.4e-08, 2.1981e-20
3.4e-09, 2.8e-08, 2.55894e-20
3.4e-09, 3.2e-08, 2.91977e-20
3.4e-09, 3.6e-08, 3.2806e-20
3.4e-09, 4e-08, 3.65313e-20
3.4e-09, 4.4e-08, 4.03815e-20
3.4e-09, 4.8e-08, 4.42318e-20
3.4e-09, 5.2e-08, 4.80821e-20
3.4e-09, 5.6e-08, 5.19324e-20
3.4e-09, 6e-08, 5.57827e-20
3.4e-09, 6.4e-08, 5.9633e-20
3.4e-09, 6.8e-08, 6.34833e-20
3.4e-09, 7.2e-08, 6.73336e-20
3.4e-09, 7.6e-08, 7.11839e-20
3.4e-09, 8e-08, 7.50341e-20
3.4e-09, 8.4e-08, 7.87594e-20
3.4e-09, 8.8e-08, 8.23678e-20
3.4e-09, 9.2e-08, 8.59761e-20
3.4e-09, 9.6e-08, 8.95844e-20
3.4e-09, 1e-07, 9.31927e-20
3.4e-09, 1.04e-07, 9.6801e-20
3.4e-09, 1.08e-07, 1.00409e-19
3.4e-09, 1.12e-07, 1.04018e-19
3.4e-09, 1.16e-07, 1.07626e-19
3.4e-09, 1.2e-07, 1.12193e-19
3.5e-09, 0, 6.31775e-34
3.5e-09, 4e-09, 3.93925e-21
3.5e-09, 8e-09, 7.54744e-21
3.5e-09, 1.2e-08, 1.11556e-20
3.5e-09, 1.6e-08, 1.47638e-20
3.5e-09, 2e-08, 1.8372e-20
3.5e-09, 2.4e-08, 2.19801e-20
3.5e-09, 2.8e-08, 2.55883e-20
3.5e-09, 3.2e-08, 2.91965e-20
3.5e-09, 3.6e-08, 3.28047e-20
3.5e-09, 4e-08, 3.653e-20
3.5e-09, 4.4e-08, 4.03805e-20
3.5e-09, 4.8e-08, 4.4231e-20
3.5e-09, 5.2e-08, 4.80816e-20
3.5e-09, 5.6e-08, 5.19322e-20
3.5e-09, 6e-08, 5.57827e-20
3.5e-09, 6.4e-08, 5.96333e-20
3.5e-09, 6.8e-08, 6.34839e-20
3.5e-09, 7.2e-08, 6.73344e-20
3.5e-09, 7.6e-08, 7.1185e-20
3.5e-09, 8e-08, 7.50354e-20
3.5e-09, 8.4e-08, 7.87608e-20
3.5e-09, 8.8e-08, 8.2369e-20
3.5e-09, 9.2e-08, 8.59771e-20
3.5e-09, 9.6e-08, 8.95853e-20
3.5e-09, 1e-07, 9.31935e-20
3.5e-09, 1.04e-07, 9.68017e-20
3.5e-09, 1.08e-07, 1.0041e-19
3.5e-09, 1.12e-07, 1.04018e-19
3.5e-09, 1.16e-07, 1.07626e-19
3.5e-09, 1.2e-07, 1.12193e-19
3.6e-09, 0, 6.31775e-34
3.6e-09, 4e-09, 3.93906e-21
3.6e-09, 8e-09, 7.54706e-21
3.6e-09, 1.2e-08, 1.11551e-20
3.6e-09, 1.6e-08, 1.47631e-20
3.6e-09, 2e-08, 1.83711e-20
3.6e-09, 2.4e-08, 2.19791e-20
3.6e-09, 2.8e-08, 2.55871e-20
3.6e-09, 3.2e-08, 2.91951e-20
3.6e-09, 3.6e-08, 3.28031e-20
3.6e-09, 4e-08, 3.65285e-20
3.6e-09, 4.4e-08, 4.03792e-20
3.6e-09, 4.8e-08, 4.42301e-20
3.6e-09, 5.2e-08, 4.8081e-20
3.6e-09, 5.6e-08, 5.19319e-20
3.6e-09, 6e-08, 5.57827e-20
3.6e-09, 6.4e-08, 5.96336e-20
3.6e-09, 6.8e-08, 6.34845e-20
3.6e-09, 7.2e-08, 6.73354e-20
3.6e-09, 7.6e-08, 7.11863e-20
3.6e-09, 8e-08, 7.5037e-20
3.6e-09, 8.4e-08, 7.87624e-20
3.6e-09, 8.8e-08, 8.23704e-20
3.6e-09, 9.2e-08, 8.59784e-20
3.6e-09, 9.6e-08, 8.95864e-20
3.6e-09, 1e-07, 9.31944e-20
3.6e-09, 1.04e-07, 9.68024e-20
3.6e-09, 1.08e-07, 1.0041e-19
3.6e-09, 1.12e-07, 1.04018e-19
3.6e-09, 1.16e-07, 1.07626e-19
3.6e-09, 1.2e-07, 1.12193e-19
3.7e-09, 0, 6.31775e-34
3.7e-09, 4e-09, 3.93883e-21
3.7e-09, 8e-09, 7.54663e-21
3.7e-09, 1.2e-08, 1.11544e-20
3.7e-09, 1.6e-08, 1.47622e-20
3.7e-09, 2e-08, 1.837e-20
3.7e-09, 2.4e-08, 2.19778e-20
3.7e-09, 2.8e-08, 2.55856e-20
3.7e-09, 3.2e-08, 2.91934e-20
3.7e-09, 3.6e-08, 3.28012e-20
3.7e-09, 4e-08, 3.65266e-20
3.7e-09, 4.4e-08, 4.03778e-20
3.7e-09, 4.8e-08, 4.4229e-20
3.7e-09, 5.2e-08, 4.80803e-20
3.7e-09, 5.6e-08, 5.19315e-20
3.7e-09, 6e-08, 5.57828e-20
3.7e-09, 6.4e-08, 5.9634e-20
3.7e-09, 6.8e-08, 6.34853e-20
3.7e-09, 7.2e-08, 6.73365e-20
3.7e-09, 7.6e-08, 7.11878e-20
3.7e-09, 8e-08, 7.50389e-20
3.7e-09, 8.4e-08, 7.87644e-20
3.7e-09, 8.8e-08, 8.23722e-20
3.7e-09, 9.2e-08, 8.598e-20
3.7e-09, 9.6e-08, 8.95877e-20
3.7e-09, 1e-07, 9.31955e-20
3.7e-09, 1.04e-07, 9.68033e-20
3.7e-09, 1.08e-07, 1.00411e-19
3.7e-09, 1.12e-07, 1.04019e-19
3.7e-09, 1.16e-07, 1.07627e-19
3.7e-09, 1.2e-07, 1.12193e-19
3.8e-09, 0, 6.31775e-34
3.8e-09, 4e-09, 3.93856e-21
3.8e-09, 8e-09, 7.54612e-21
3.8e-09, 1.2e-08, 1.11537e-20
3.8e-09, 1.6e-08, 1.47612e-20
3.8e-09, 2e-08, 1.83688e-20
3.8e-09, 2.4e-08, 2.19763e-20
3.8e-09, 2.8e-08, 2.55839e-20
3.8e-09, 3.2e-08, 2.91914e-20
3.8e-09, 3.6e-08, 3.27989e-20
3.8e-09, 4e-08, 3.65245e-20
3.8e-09, 4.4e-08, 4.03761e-20
3.8e-09, 4.8e-08, 4.42277e-20
3.8e-09, 5.2e-08, 4.80794e-20
3.8e-09, 5.6e-08, 5.19311e-20
3.8e-09, 6e-08, 5.57828e-20
3.8e-09, 6.4e-08, 5.96345e-20
3.8e-09, 6.8e-08, 6.34861e-20
3.8e-09, 7.2e-08, 6.73378e-20
3.8e-09, 7.6e-08, 7.11895e-20
3.8e-09, 8e-08, 7.50411e-20
3.8e-09, 8.4e-08, 7.87666e-20
3.8e-09, 8.8e-08, 8.23742e-20
3.8e-09, 9.2e-08, 8.59817e-20
3.8e-09, 9.6e-08, 8.95893e-20
3.8e-09, 1e-07, 9.31968e-20
3.8e-09, 1.04e-07, 9.68044e-20
3.8e-09, 1.08e-07, 1.00412e-19
3.8e-09, 1.12e-07, 1.04019e-19
3.8e-09, 1.16e-07, 1.07627e-19
3.8e-09, 1.2e-07, 1.12193e-19
3.9e-09, 0, 6.31775e-34
3.9e-09, 4e-09, 3.93826e-21
3.9e-09, 8e-09, 7.54554e-21
3.9e-09, 1.2e-08, 1.11528e-20
3.9e-09, 1.6e-08, 1.47601e-20
3.9e-09, 2e-08, 1.83674e-20
3.9e-09, 2.4e-08, 2.19746e-20
3.9e-09, 2.8e-08, 2.55819e-20
3.9e-09, 3.2e-08, 2.91892e-20
3.9e-09, 3.6e-08, 3.27964e-20
3.9e-09, 4e-08, 3.65221e-20
3.9e-09, 4.4e-08, 4.03741e-20
3.9e-09, 4.8e-08, 4.42263e-20
3.9e-09, 5.2e-08, 4.80785e-20
3.9e-09, 5.6e-08, 5.19306e-20
3.9e-09, 6e-08, 5.57828e-20
3.9e-09, 6.4e-08, 5.9635e-20
3.9e-09, 6.8e-08, 6.34871e-20
3.9e-09, 7.2e-08, 6.73393e-20
3.9e-09, 7.6e-08, 7.11915e-20
3.9e-09, 8e-08, 7.50436e-20
3.9e-09, 8.4e-08, 7.87692e-20
3.9e-09, 8.8e-08, 8.23764e-20
3.9e-09, 9.2e-08, 8.59837e-20
3.9e-09, 9.6e-08, 8.9591e-20
3.9e-09, 1e-07, 9.31983e-20
3.9e-09, 1.04e-07, 9.68055e-20
3.9e-09, 1.08e-07, 1.00413e-19
3.9e-09, 1.12e-07, 1.0402e-19
3.9e-09, 1.16e-07, 1.07627e-19
3.9e-09, 1.2e-07, 1.12193e-19
4e-09, 0, 6.31775e-34
4e-09, 4e-09, 3.93793e-21
4e-09, 8e-09, 7.5449e-21
4e-09, 1.2e-08, 1.11519e-20
4e-09, 1.6e-08, 1.47588e-20
4e-09, 2e-08, 1.83658e-20
4e-09, 2.4e-08, 2.19728e-20
4e-09, 2.8e-08, 2.55797e-20
4e-09, 3.2e-08, 2.91867e-20
4e-09, 3.6e-08, 3.27937e-20
4e-09, 4e-08, 3.65194e-20
4e-09, 4.4e-08, 4.0372e-20
4e-09, 4.8e-08, 4.42247e-20
4e-09, 5.2e-08, 4.80774e-20
4e-09, 5.6e-08, 5.19301e-20
4e-09, 6e-08, 5.57828e-20
4e-09, 6.4e-08, 5.96355e-20
4e-09, 6.8e-08, 6.34883e-20
4e-09, 7.2e-08, 6.7341e-20
4e-09, 7.6e-08, 7.11937e-20
4e-09, 8e-08, 7.50463e-20
4e-09, 8.4e-08, 7.8772e-20
4e-09, 8.8e-08, 8.2379e-20
4e-09, 9.2e-08, 8.59859e-20
4e-09, 9.6e-08, 8.95929e-20
4e-09, 1e-07, 9.31999e-20
4e-09, 1.04e-07, 9.68068e-20
4e-09, 1.08e-07, 1.00414e-19
4e-09, 1.12e-07, 1.04021e-19
4e-09, 1.16e-07, 1.07628e-19
4e-09, 1.2e-07, 1.12193e-19
4.1e-09, 0, 6.31775e-34
4.1e-09, 4e-09, 3.93756e-21
4.1e-09, 8e-09, 7.54419e-21
4.1e-09, 1.2e-08, 1.11508e-20
4.1e-09, 1.6e-08, 1.47574e-20
4.1e-09, 2e-08, 1.83641e-20
4.1e-09, 2.4e-08, 2.19707e-20
4.1e-09, 2.8e-08, 2.55773e-20
4.1e-09, 3.2e-08, 2.91839e-20
4.1e-09, 3.6e-08, 3.27906e-20
4.1e-09, 4e-08, 3.65164e-20
4.1e-09, 4.4e-08, 4.03696e-20
4.1e-09, 4.8e-08, 4.42229e-20
4.1e-09, 5.2e-08, 4.80762e-20
4.1e-09, 5.6e-08, 5.19295e-20
4.1e-09, 6e-08, 5.57829e-20
4.1e-09, 6.4e-08, 5.96362e-20
4.1e-09, 6.8e-08, 6.34895e-20
4.1e-09, 7.2e-08, 6.73428e-20
4.1e-09, 7.6e-08, 7.11961e-20
4.1e-09, 8e-08, 7.50494e-20
4.1e-09, 8.4e-08, 7.87752e-20
4.1e-09, 8.8e-08, 8.23818e-20
4.1e-09, 9.2e-08, 8.59884e-20
4.1e-09, 9.6e-08, 8.9595e-20
4.1e-09, 1e-07, 9.32017e-20
4.1e-09, 1.04e-07, 9.68083e-20
4.1e-09, 1.08e-07, 1.00415e-19
4.1e-09, 1.12e-07, 1.04022e-19
4.1e-09, 1.16e-07, 1.07628e-19
4.1e-09, 1.2e-07, 1.12193e-19
4.2e-09, 0, 6.31775e-34
4.2e-09, 4e-09, 3.93715e-21
4.2e-09, 8e-09, 7.54341e-21
4.2e-09, 1.2e-08, 1.11497e-20
4.2e-09, 1.6e-08, 1.47559e-20
4.2e-09, 2e-08, 1.83622e-20
4.2e-09, 2.4e-08, 2.19684e-20
4.2e-09, 2.8e-08, 2.55747e-20
4.2e-09, 3.2e-08, 2.91809e-20
4.2e-09, 3.6e-08, 3.27872e-20
4.2e-09, 4e-08, 3.65131e-20
4.2e-09, 4.4e-08, 4.0367e-20
4.2e-09, 4.8e-08, 4.4221e-20
4.2e-09, 5.2e-08, 4.80749e-20
4.2e-09, 5.6e-08, 5.19289e-20
4.2e-09, 6e-08, 5.57829e-20
4.2e-09, 6.4e-08, 5.96369e-20
4.2e-09, 6.8e-08, 6.34909e-20
4.2e-09, 7.2e-08, 6.73448e-20
4.2e-09, 7.6e-08, 7.11988e-20
4.2e-09, 8e-08, 7.50527e-20
4.2e-09, 8.4e-08, 7.87786e-20
4.2e-09, 8.8e-08, 8.23849e-20
4.2e-09, 9.2e-08, 8.59911e-20
4.2e-09, 9.6e-08, 8.95974e-20
4.2e-09, 1e-07, 9.32036e-20
4.2e-09, 1.04e-07, 9.68099e-20
4.2e-09, 1.08e-07, 1.00416e-19
4.2e-09, 1.12e-07, 1.04022e-19
4.2e-09, 1.16e-07, 1.07629e-19
4.2e-09, 1.2e-07, 1.12193e-19
4.3e-09, 0, 6.31775e-34
4.3e-09, 4e-09, 3.93671e-21
4.3e-09, 8e-09, 7.54256e-21
4.3e-09, 1.2e-08, 1.11484e-20
4.3e-09, 1.6e-08, 1.47542e-20
4.3e-09, 2e-08, 1.83601e-20
4.3e-09, 2.4e-08, 2.19659e-20
4.3e-09, 2.8e-08, 2.55718e-20
4.3e-09, 3.2e-08, 2.91776e-20
4.3e-09, 3.6e-08, 3.27835e-20
4.3e-09, 4e-08, 3.65095e-20
4.3e-09, 4.4e-08, 4.03641e-20
4.3e-09, 4.8e-08, 4.42188e-20
4.3e-09, 5.2e-08, 4.80735e-20
4.3e-09, 5.6e-08, 5.19282e-20
4.3e-09, 6e-08, 5.57829e-20
4.3e-09, 6.4e-08, 5.96376e-20
4.3e-09, 6.8e-08, 6.34923e-20
4.3e-09, 7.2e-08, 6.7347e-20
4.3e-09, 7.6e-08, 7.12017e-20
4.3e-09, 8e-08, 7.50563e-20
4.3e-09, 8.4e-08, 7.87824e-20
4.3e-09, 8.8e-08, 8.23882e-20
4.3e-09, 9.2e-08, 8.59941e-20
4.3e-09, 9.6e-08, 8.95999e-20
4.3e-09, 1e-07, 9.32058e-20
4.3e-09, 1.04e-07, 9.68116e-20
4.3e-09, 1.08e-07, 1.00417e-19
4.3e-09, 1.12e-07, 1.04023e-19
4.3e-09, 1.16e-07, 1.07629e-19
4.3e-09, 1.2e-07, 1.12193e-19
4.4e-09, 0, 6.31775e-34
4.4e-09, 4e-09, 3.93623e-21
4.4e-09, 8e-09, 7.54164e-21
4.4e-09, 1.2e-08, 1.1147e-20
4.4e-09, 1.6e-08, 1.47525e-20
4.4e-09, 2e-08, 1.83579e-20
4.4e-09, 2.4e-08, 2.19633e-20
4.4e-09, 2.8e-08, 2.55687e-20
4.4e-09, 3.2e-08, 2.91741e-20
4.4e-09, 3.6e-08, 3.27795e-20
4.4e-09, 4e-08, 3.65057e-20
4.4e-09, 4.4e-08, 4.03611e-20
4.4e-09, 4.8e-08, 4.42165e-20
4.4e-09, 5.2e-08, 4.8072e-20
4.4e-09, 5.6e-08, 5.19275e-20
4.4e-09, 6e-08, 5.5783e-20
4.4e-09, 6.4e-08, 5.96384e-20
4.4e-09, 6.8e-08, 6.34939e-20
4.4e-09, 7.2e-08, 6.73494e-20
4.4e-09, 7.6e-08, 7.12049e-20
4.4e-09, 8e-08, 7.50603e-20
4.4e-09, 8.4e-08, 7.87864e-20
4.4e-09, 8.8e-08, 8.23919e-20
4.4e-09, 9.2e-08, 8.59973e-20
4.4e-09, 9.6e-08, 8.96027e-20
4.4e-09, 1e-07, 9.32081e-20
4.4e-09, 1.04e-07, 9.68135e-20
4.4e-09, 1.08e-07, 1.00419e-19
4.4e-09, 1.12e-07, 1.04024e-19
4.4e-09, 1.16e-07, 1.0763e-19
4.4e-09, 1.2e-07, 1.12193e-19
4.5e-09, 0, 6.31775e-34
4.5e-09, 4e-09, 3.93571e-21
4.5e-09, 8e-09, 7.54066e-21
4.5e-09, 1.2e-08, 1.11456e-20
4.5e-09, 1.6e-08, 1.47505e-20
4.5e-09, 2e-08, 1.83555e-20
4.5e-09, 2.4e-08, 2.19604e-20
4.5e-09, 2.8e-08, 2.55653e-20
4.5e-09, 3.2e-08, 2.91703e-20
4.5e-09, 3.6e-08, 3.27752e-20
4.5e-09, 4e-08, 3.65015e-20
4.5e-09, 4.4e-08, 4.03577e-20
4.5e-09, 4.8e-08, 4.42141e-20
4.5e-09, 5.2e-08, 4.80704e-20
4.5e-09, 5.6e-08, 5.19267e-20
4.5e-09, 6e-08, 5.5783e-20
4.5e-09, 6.4e-08, 5.96393e-20
4.5e-09, 6.8e-08, 6.34956e-20
4.5e-09, 7.2e-08, 6.7352e-20
4.5e-09, 7.6e-08, 7.12083e-20
4.5e-09, 8e-08, 7.50645e-20
4.5e-09, 8.4e-08, 7.87908e-20
4.5e-09, 8.8e-08, 8.23957e-20
4.5e-09, 9.2e-08, 8.60007e-20
4.5e-09, 9.6e-08, 8.96056e-20
4.5e-09, 1e-07, 9.32106e-20
4.5e-09, 1.04e-07, 9.68155e-20
4.5e-09, 1.08e-07, 1.0042e-19
4.5e-09, 1.12e-07, 1.04025e-19
4.5e-09, 1.16e-07, 1.0763e-19
4.5e-09, 1.2e-07, 1.12193e-19
4.6e-09, 0, 6.31775e-34
4.6e-09, 4e-09, 3.93516e-21
4.6e-09, 8e-09, 7.5396e-21
4.6e-09, 1.2e-08, 1.1144e-20
4.6e-09, 1.6e-08, 1.47485e-20
4.6e-09, 2e-08, 1.83529e-20
4.6e-09, 2.4e-08, 2.19573e-20
4.6e-09, 2.8e-08, 2.55618e-20
4.6e-09, 3.2e-08, 2.91662e-20
4.6e-09, 3.6e-08, 3.27706e-20
4.6e-09, 4e-08, 3.64971e-20
4.6e-09, 4.4e-08, 4.03542e-20
4.6e-09, 4.8e-08, 4.42114e-20
4.6e-09, 5.2e-08, 4.80686e-20
4.6e-09, 5.6e-08, 5.19258e-20
4.6e-09, 6e-08, 5.57831e-20
4.6e-09, 6.4e-08, 5.96403e-20
4.6e-09, 6.8e-08, 6.34975e-20
4.6e-09, 7.2e-08, 6.73547e-20
4.6e-09, 7.6e-08, 7.12119e-20
4.6e-09, 8e-08, 7.5069e-20
4.6e-09, 8.4e-08, 7.87955e-20
4.6e-09, 8.8e-08, 8.23999e-20
4.6e-09, 9.2e-08, 8.60043e-20
4.6e-09, 9.6e-08, 8.96088e-20
4.6e-09, 1e-07, 9.32132e-20
4.6e-09, 1.04e-07, 9.68176e-20
4.6e-09, 1.08e-07, 1.00422e-19
4.6e-09, 1.12e-07, 1.04027e-19
4.6e-09, 1.16e-07, 1.07631e-19
4.6e-09, 1.2e-07, 1.12193e-19
4.7e-09, 0, 6.31775e-34
4.7e-09, 4e-09, 3.93458e-21
4.7e-09, 8e-09, 7.53848e-21
4.7e-09, 1.2e-08, 1.11424e-20
4.7e-09, 1.6e-08, 1.47463e-20
4.7e-09, 2e-08, 1.83502e-20
4.7e-09, 2.4e-08, 2.19541e-20
4.7e-09, 2.8e-08, 2.5558e-20
4.7e-09, 3.2e-08, 2.91618e-20
4.7e-09, 3.6e-08, 3.27657e-20
4.7e-09, 4e-08, 3.64924e-20
4.7e-09, 4.4e-08, 4.03504e-20
4.7e-09, 4.8e-08, 4.42086e-20
4.7e-09, 5.2e-08, 4.80668e-20
4.7e-09, 5.6e-08, 5.19249e-20
4.7e-09, 6e-08, 5.57831e-20
4.7e-09, 6.4e-08, 5.96413e-20
4.7e-09, 6.8e-08, 6.34994e-20
4.7e-09, 7.2e-08, 6.73576e-20
4.7e-09, 7.6e-08, 7.12158e-20
4.7e-09, 8e-08, 7.50738e-20
4.7e-09, 8.4e-08, 7.88005e-20
4.7e-09, 8.8e-08, 8.24044e-20
4.7e-09, 9.2e-08, 8.60082e-20
4.7e-09, 9.6e-08, 8.96121e-20
4.7e-09, 1e-07, 9.3216e-20
4.7e-09, 1.04e-07, 9.68199e-20
4.7e-09, 1.08e-07, 1.00424e-19
4.7e-09, 1.12e-07, 1.04028e-19
4.7e-09, 1.16e-07, 1.07632e-19
4.7e-09, 1.2e-07, 1.12193e-19
4.8e-09, 0, 6.31775e-34
4.8e-09, 4e-09, 3.93395e-21
4.8e-09, 8e-09, 7.53729e-21
4.8e-09, 1.2e-08, 1.11406e-20
4.8e-09, 1.6e-08, 1.47439e-20
4.8e-09, 2e-08, 1.83473e-20
4.8e-09, 2.4e-08, 2.19506e-20
4.8e-09, 2.8e-08, 2.55539e-20
4.8e-09, 3.2e-08, 2.91572e-20
4.8e-09, 3.6e-08, 3.27606e-20
4.8e-09, 4e-08, 3.64873e-20
4.8e-09, 4.4e-08, 4.03464e-20
4.8e-09, 4.8e-08, 4.42056e-20
4.8e-09, 5.2e-08, 4.80648e-20
4.8e-09, 5.6e-08, 5.1924e-20
4.8e-09, 6e-08, 5.57831e-20
4.8e-09, 6.4e-08, 5.96423e-20
4.8e-09, 6.8e-08, 6.35015e-20
4.8e-09, 7.2e-08, 6.73607e-20
4.8e-09, 7.6e-08, 7.12199e-20
4.8e-09, 8e-08, 7.5079e-20
4.8e-09, 8.4e-08, 7.88057e-20
4.8e-09, 8.8e-08, 8.24091e-20
4.8e-09, 9.2e-08, 8.60124e-20
4.8e-09, 9.6e-08, 8.96157e-20
4.8e-09, 1e-07, 9.3219e-20
4.8e-09, 1.04e-07, 9.68224e-20
4.8e-09, 1.08e-07, 1.00426e-19
4.8e-09, 1.12e-07, 1.04029e-19
4.8e-09, 1.16e-07, 1.07632e-19
4.8e-09, 1.2e-07, 1.12193e-19
4.9e-09, 0, 6.31775e-34
4.9e-09, 4e-09, 3.93329e-21
4.9e-09, 8e-09, 7.53602e-21
4.9e-09, 1.2e-08, 1.11387e-20
4.9e-09, 1.6e-08, 1.47415e-20
4.9e-09, 2e-08, 1.83442e-20
4.9e-09, 2.4e-08, 2.19469e-20
4.9e-09, 2.8e-08, 2.55496e-20
4.9e-09, 3.2e-08, 2.91523e-20
4.9e-09, 3.6e-08, 3.27551e-20
4.9e-09, 4e-08, 3.6482e-20
4.9e-09, 4.4e-08, 4.03422e-20
4.9e-09, 4.8e-08, 4.42024e-20
4.9e-09, 5.2e-08, 4.80627e-20
4.9e-09, 5.6e-08, 5.1923e-20
4.9e-09, 6e-08, 5.57832e-20
4.9e-09, 6.4e-08, 5.96435e-20
4.9e-09, 6.8e-08, 6.35037e-20
4.9e-09, 7.2e-08, 6.7364e-20
4.9e-09, 7.6e-08, 7.12242e-20
4.9e-09, 8e-08, 7.50844e-20
4.9e-09, 8.4e-08, 7.88113e-20
4.9e-09, 8.8e-08, 8.24141e-20
4.9e-09, 9.2e-08, 8.60168e-20
4.9e-09, 9.6e-08, 8.96195e-20
4.9e-09, 1e-07, 9.32222e-20
4.9e-09, 1.04e-07, 9.68249e-20
4.9e-09, 1.08e-07, 1.00428e-19
4.9e-09, 1.12e-07, 1.0403e-19
4.9e-09, 1.16e-07, 1.07633e-19
4.9e-09, 1.2e-07, 1.12193e-19
5e-09, 0, 6.31775e-34
5e-09, 4e-09, 3.9326e-21
5e-09, 8e-09, 7.53469e-21
5e-09, 1.2e-08, 1.11368e-20
5e-09, 1.6e-08, 1.47389e-20
5e-09, 2e-08, 1.83409e-20
5e-09, 2.4e-08, 2.1943e-20
5e-09, 2.8e-08, 2.55451e-20
5e-09, 3.2e-08, 2.91472e-20
5e-09, 3.6e-08, 3.27493e-20
5e-09, 4e-08, 3.64764e-20
5e-09, 4.4e-08, 4.03377e-20
5e-09, 4.8e-08, 4.41991e-20
5e-09, 5.2e-08, 4.80605e-20
5e-09, 5.6e-08, 5.19219e-20
5e-09, 6e-08, 5.57833e-20
5e-09, 6.4e-08, 5.96446e-20
5e-09, 6.8e-08, 6.3506e-20
5e-09, 7.2e-08, 6.73674e-20
5e-09, 7.6e-08, 7.12288e-20
5e-09, 8e-08, 7.50901e-20
5e-09, 8.4e-08, 7.88173e-20
5e-09, 8.8e-08, 8.24193e-20
5e-09, 9.2e-08, 8.60214e-20
5e-09, 9.6e-08, 8.96235e-20
5e-09, 1e-07, 9.32256e-20
5e-09, 1.04e-07, 9.68277e-20
5e-09, 1.08e-07, 1.0043e-19
5e-09, 1.12e-07, 1.04032e-19
5e-09, 1.16e-07, 1.07634e-19
5e-09, 1.2e-07, 1.12193e-19
5.1e-09, 0, 6.31775e-34
5.1e-09, 4e-09, 3.93187e-21
5.1e-09, 8e-09, 7.53328e-21
5.1e-09, 1.2e-08, 1.11347e-20
5.1e-09, 1.6e-08, 1.47361e-20
5.1e-09, 2e-08, 1.83375e-20
5.1e-09, 2.4e-08, 2.19389e-20
5.1e-09, 2.8e-08, 2.55403e-20
5.1e-09, 3.2e-08, 2.91417e-20
5.1e-09, 3.6e-08, 3.27432e-20
5.1e-09, 4e-08, 3.64705e-20
5.1e-09, 4.4e-08, 4.0333e-20
5.1e-09, 4.8e-08, 4.41956e-20
5.1e-09, 5.2e-08, 4.80582e-20
5.1e-09, 5.6e-08, 5.19207e-20
5.1e-09, 6e-08, 5.57833e-20
5.1e-09, 6.4e-08, 5.96459e-20
5.1e-09, 6.8e-08, 6.35085e-20
5.1e-09, 7.2e-08, 6.7371e-20
5.1e-09, 7.6e-08, 7.12336e-20
5.1e-09, 8e-08, 7.50961e-20
5.1e-09, 8.4e-08, 7.88235e-20
5.1e-09, 8.8e-08, 8.24249e-20
5.1e-09, 9.2e-08, 8.60263e-20
5.1e-09, 9.6e-08, 8.96277e-20
5.1e-09, 1e-07, 9.32291e-20
5.1e-09, 1.04e-07, 9.68305e-20
5.1e-09, 1.08e-07, 1.00432e-19
5.1e-09, 1.12e-07, 1.04033e-19
5.1e-09, 1.16e-07, 1.07635e-19
5.1e-09, 1.2e-07, 1.12193e-19
5.2e-09, 0, 6.31775e-34
5.2e-09, 4e-09, 3.93109e-21
5.2e-09, 8e-09, 7.53181e-21
5.2e-09, 1.2e-08, 1.11325e-20
5.2e-09, 1.6e-08, 1.47332e-20
5.2e-09, 2e-08, 1.83339e-20
5.2e-09, 2.4e-08, 2.19346e-20
5.2e-09, 2.8e-08, 2.55353e-20
5.2e-09, 3.2e-08, 2.9136e-20
5.2e-09, 3.6e-08, 3.27367e-20
5.2e-09, 4e-08, 3.64643e-20
5.2e-09, 4.4e-08, 4.03281e-20
5.2e-09, 4.8e-08, 4.41919e-20
5.2e-09, 5.2e-08, 4.80557e-20
5.2e-09, 5.6e-08, 5.19195e-20
5.2e-09, 6e-08, 5.57834e-20
5.2e-09, 6.4e-08, 5.96472e-20
5.2e-09, 6.8e-08, 6.3511e-20
5.2e-09, 7.2e-08, 6.73749e-20
5.2e-09, 7.6e-08, 7.12387e-20
5.2e-09, 8e-08, 7.51024e-20
5.2e-09, 8.4e-08, 7.883e-20
5.2e-09, 8.8e-08, 8.24307e-20
5.2e-09, 9.2e-08, 8.60314e-20
5.2e-09, 9.6e-08, 8.96321e-20
5.2e-09, 1e-07, 9.32328e-20
5.2e-09, 1.04e-07, 9.68335e-20
5.2e-09, 1.08e-07, 1.00434e-19
5.2e-09, 1.12e-07, 1.04035e-19
5.2e-09, 1.16e-07, 1.07636e-19
5.2e-09, 1.2e-07, 1.12193e-19
5.3e-09, 0, 6.31775e-34
5.3e-09, 4e-09, 3.93027e-21
5.3e-09, 8e-09, 7.53022e-21
5.3e-09, 1.2e-08, 1.11302e-20
5.3e-09, 1.6e-08, 1.47301e-20
5.3e-09, 2e-08, 1.833e-20
5.3e-09, 2.4e-08, 2.193e-20
5.3e-09, 2.8e-08, 2.55299e-20
5.3e-09, 3.2e-08, 2.91299e-20
5.3e-09, 3.6e-08, 3.27298e-20
5.3e-09, 4e-08, 3.64576e-20
5.3e-09, 4.4e-08, 4.03227e-20
5.3e-09, 4.8e-08, 4.41879e-20
5.3e-09, 5.2e-08, 4.80531e-20
5.3e-09, 5.6e-08, 5.19183e-20
5.3e-09, 6e-08, 5.57834e-20
5.3e-09, 6.4e-08, 5.96486e-20
5.3e-09, 6.8e-08, 6.35138e-20
5.3e-09, 7.2e-08, 6.7379e-20
5.3e-09, 7.6e-08, 7.12442e-20
5.3e-09, 8e-08, 7.51093e-20
5.3e-09, 8.4e-08, 7.88371e-20
5.3e-09, 8.8e-08, 8.2437e-20
5.3e-09, 9.2e-08, 8.60369e-20
5.3e-09, 9.6e-08, 8.96369e-20
5.3e-09, 1e-07, 9.32368e-20
5.3e-09, 1.04e-07, 9.68368e-20
5.3e-09, 1.08e-07, 1.00437e-19
5.3e-09, 1.12e-07, 1.04037e-19
5.3e-09, 1.16e-07, 1.07637e-19
5.3e-09, 1.2e-07, 1.12193e-19
5.4e-09, 0, 6.31775e-34
5.4e-09, 4e-09, 3.92905e-21
5.4e-09, 8e-09, 7.52789e-21
5.4e-09, 1.2e-08, 1.11267e-20
5.4e-09, 1.6e-08, 1.47255e-20
5.4e-09, 2e-08, 1.83244e-20
5.4e-09, 2.4e-08, 2.19232e-20
5.4e-09, 2.8e-08, 2.5522e-20
5.4e-09, 3.2e-08, 2.91209e-20
5.4e-09, 3.6e-08, 3.27197e-20
5.4e-09, 4e-08, 3.64478e-20
5.4e-09, 4.4e-08, 4.03149e-20
5.4e-09, 4.8e-08, 4.41821e-20
5.4e-09, 5.2e-08, 4.80492e-20
5.4e-09, 5.6e-08, 5.19164e-20
5.4e-09, 6e-08, 5.57835e-20
5.4e-09, 6.4e-08, 5.96507e-20
5.4e-09, 6.8e-08, 6.35179e-20
5.4e-09, 7.2e-08, 6.7385e-20
5.4e-09, 7.6e-08, 7.12522e-20
5.4e-09, 8e-08, 7.51193e-20
5.4e-09, 8.4e-08, 7.88474e-20
5.4e-09, 8.8e-08, 8.24462e-20
5.4e-09, 9.2e-08, 8.6045e-20
5.4e-09, 9.6e-08, 8.96439e-20
5.4e-09, 1e-07, 9.32427e-20
5.4e-09, 1.04e-07, 9.68415e-20
5.4e-09, 1.08e-07, 1.0044e-19
5.4e-09, 1.12e-07, 1.04039e-19
5.4e-09, 1.16e-07, 1.07638e-19
5.4e-09, 1.2e-07, 1.12193e-19
5.5e-09, 0, 6.31775e-34
5.5e-09, 4e-09, 3.92148e-21
5.5e-09, 8e-09, 7.51339e-21
5.5e-09, 1.2e-08, 1.11053e-20
5.5e-09, 1.6e-08, 1.46972e-20
5.5e-09, 2e-08, 1.82891e-20
5.5e-09, 2.4e-08, 2.1881e-20
5.5e-09, 2.8e-08, 2.54729e-20
5.5e-09, 3.2e-08, 2.90648e-20
5.5e-09, 3.6e-08, 3.26567e-20
5.5e-09, 4e-08, 3.6385e-20
5.5e-09, 4.4e-08, 4.02604e-20
5.5e-09, 4.8e-08, 4.41359e-20
5.5e-09, 5.2e-08, 4.80114e-20
5.5e-09, 5.6e-08, 5.18869e-20
5.5e-09, 6e-08, 5.57625e-20
5.5e-09, 6.4e-08, 5.9638e-20
5.5e-09, 6.8e-08, 6.35135e-20
5.5e-09, 7.2e-08, 6.7389e-20
5.5e-09, 7.6e-08, 7.12645e-20
5.5e-09, 8e-08, 7.51399e-20
5.5e-09, 8.4e-08, 7.88682e-20
5.5e-09, 8.8e-08, 8.24601e-20
5.5e-09, 9.2e-08, 8.6052e-20
5.5e-09, 9.6e-08, 8.96439e-20
5.5e-09, 1e-07, 9.32358e-20
5.5e-09, 1.04e-07, 9.68277e-20
5.5e-09, 1.08e-07, 1.0042e-19
5.5e-09, 1.12e-07, 1.04012e-19
5.5e-09, 1.16e-07, 1.07603e-19
5.5e-09, 1.2e-07, 1.1215e-19
5.6e-09, 0, 6.31775e-34
5.6e-09, 4e-09, 3.90317e-21
5.6e-09, 8e-09, 7.47831e-21
5.6e-09, 1.2e-08, 1.10534e-20
5.6e-09, 1.6e-08, 1.46286e-20
5.6e-09, 2e-08, 1.82037e-20
5.6e-09, 2.4e-08, 2.17788e-20
5.6e-09, 2.8e-08, 2.5354e-20
5.6e-09, 3.2e-08, 2.89291e-20
5.6e-09, 3.6e-08, 3.25042e-20
5.6e-09, 4e-08, 3.62371e-20
5.6e-09, 4.4e-08, 4.01425e-20
5.6e-09, 4.8e-08, 4.40478e-20
5.6e-09, 5.2e-08, 4.79532e-20
5.6e-09, 5.6e-08, 5.18585e-20
5.6e-09, 6e-08, 5.57639e-20
5.6e-09, 6.4e-08, 5.96693e-20
5.6e-09, 6.8e-08, 6.35746e-20
5.6e-09, 7.2e-08, 6.748e-20
5.6e-09, 7.6e-08, 7.13854e-20
5.6e-09, 8e-08, 7.52907e-20
5.6e-09, 8.4e-08, 7.90236e-20
5.6e-09, 8.8e-08, 8.25987e-20
5.6e-09, 9.2e-08, 8.61738e-20
5.6e-09, 9.6e-08, 8.9749e-20
5.6e-09, 1e-07, 9.33241e-20
5.6e-09, 1.04e-07, 9.68992e-20
5.6e-09, 1.08e-07, 1.00474e-19
5.6e-09, 1.12e-07, 1.0405e-19
5.6e-09, 1.16e-07, 1.07625e-19
5.6e-09, 1.2e-07, 1.1215e-19
5.7e-09, 0, 6.31775e-34
5.7e-09, 4e-09, 3.8831e-21
5.7e-09, 8e-09, 7.43985e-21
5.7e-09, 1.2e-08, 1.09966e-20
5.7e-09, 1.6e-08, 1.45533e-20
5.7e-09, 2e-08, 1.81101e-20
5.7e-09, 2.4e-08, 2.16668e-20
5.7e-09, 2.8e-08, 2.52236e-20
5.7e-09, 3.2e-08, 2.87803e-20
5.7e-09, 3.6e-08, 3.23371e-20
5.7e-09, 4e-08, 3.6073e-20
5.7e-09, 4.4e-08, 4.00071e-20
5.7e-09, 4.8e-08, 4.39413e-20
5.7e-09, 5.2e-08, 4.78755e-20
5.7e-09, 5.6e-08, 5.18096e-20
5.7e-09, 6e-08, 5.57438e-20
5.7e-09, 6.4e-08, 5.9678e-20
5.7e-09, 6.8e-08, 6.36122e-20
5.7e-09, 7.2e-08, 6.75464e-20
5.7e-09, 7.6e-08, 7.14805e-20
5.7e-09, 8e-08, 7.54147e-20
5.7e-09, 8.4e-08, 7.91506e-20
5.7e-09, 8.8e-08, 8.27073e-20
5.7e-09, 9.2e-08, 8.62641e-20
5.7e-09, 9.6e-08, 8.98208e-20
5.7e-09, 1e-07, 9.33776e-20
5.7e-09, 1.04e-07, 9.69343e-20
5.7e-09, 1.08e-07, 1.00491e-19
5.7e-09, 1.12e-07, 1.04048e-19
5.7e-09, 1.16e-07, 1.07605e-19
5.7e-09, 1.2e-07, 1.12107e-19
5.8e-09, 0, 6.31775e-34
5.8e-09, 4e-09, 3.86426e-21
5.8e-09, 8e-09, 7.40376e-21
5.8e-09, 1.2e-08, 1.09433e-20
5.8e-09, 1.6e-08, 1.44827e-20
5.8e-09, 2e-08, 1.80222e-20
5.8e-09, 2.4e-08, 2.15617e-20
5.8e-09, 2.8e-08, 2.51012e-20
5.8e-09, 3.2e-08, 2.86407e-20
5.8e-09, 3.6e-08, 3.21802e-20
5.8e-09, 4e-08, 3.59204e-20
5.8e-09, 4.4e-08, 3.98853e-20
5.8e-09, 4.8e-08, 4.38503e-20
5.8e-09, 5.2e-08, 4.78153e-20
5.8e-09, 5.6e-08, 5.17803e-20
5.8e-09, 6e-08, 5.57453e-20
5.8e-09, 6.4e-08, 5.97103e-20
5.8e-09, 6.8e-08, 6.36753e-20
5.8e-09, 7.2e-08, 6.76403e-20
5.8e-09, 7.6e-08, 7.16053e-20
5.8e-09, 8e-08, 7.55703e-20
5.8e-09, 8.4e-08, 7.93105e-20
5.8e-09, 8.8e-08, 8.28499e-20
5.8e-09, 9.2e-08, 8.63894e-20
5.8e-09, 9.6e-08, 8.99289e-20
5.8e-09, 1e-07, 9.34684e-20
5.8e-09, 1.04e-07, 9.70079e-20
5.8e-09, 1.08e-07, 1.00547e-19
5.8e-09, 1.12e-07, 1.04087e-19
5.8e-09, 1.16e-07, 1.07626e-19
5.8e-09, 1.2e-07, 1.12107e-19
5.9e-09, 0, 6.31775e-34
5.9e-09, 4e-09, 3.84515e-21
5.9e-09, 8e-09, 7.36714e-21
5.9e-09, 1.2e-08, 1.08891e-20
5.9e-09, 1.6e-08, 1.44111e-20
5.9e-09, 2e-08, 1.79331e-20
5.9e-09, 2.4e-08, 2.14551e-20
5.9e-09, 2.8e-08, 2.49771e-20
5.9e-09, 3.2e-08, 2.8499e-20
5.9e-09, 3.6e-08, 3.2021e-20
5.9e-09, 4e-08, 3.57652e-20
5.9e-09, 4.4e-08, 3.97615e-20
5.9e-09, 4.8e-08, 4.37579e-20
5.9e-09, 5.2e-08, 4.77542e-20
5.9e-09, 5.6e-08, 5.17505e-20
5.9e-09, 6e-08, 5.57468e-20
5.9e-09, 6.4e-08, 5.97432e-20
5.9e-09, 6.8e-08, 6.37395e-20
5.9e-09, 7.2e-08, 6.77358e-20
5.9e-09, 7.6e-08, 7.17322e-20
5.9e-09, 8e-08, 7.57285e-20
5.9e-09, 8.4e-08, 7.94727e-20
5.9e-09, 8.8e-08, 8.29946e-20
5.9e-09, 9.2e-08, 8.65166e-20
5.9e-09, 9.6e-08, 9.00386e-20
5.9e-09, 1e-07, 9.35606e-20
5.9e-09, 1.04e-07, 9.70826e-20
5.9e-09, 1.08e-07, 1.00605e-19
5.9e-09, 1.12e-07, 1.04127e-19
5.9e-09, 1.16e-07, 1.07649e-19
5.9e-09, 1.2e-07, 1.12107e-19
6e-09, 0, 6.31775e-34
6e-09, 4e-09, 3.82575e-21
6e-09, 8e-09, 7.32998e-21
6e-09, 1.2e-08, 1.08342e-20
6e-09, 1.6e-08, 1.43384e-20
6e-09, 2e-08, 1.78426e-20
6e-09, 2.4e-08, 2.13469e-20
6e-09, 2.8e-08, 2.48511e-20
6e-09, 3.2e-08, 2.83553e-20
6e-09, 3.6e-08, 3.18595e-20
6e-09, 4e-08, 3.56075e-20
6e-09, 4.4e-08, 3.96357e-20
6e-09, 4.8e-08, 4.36639e-20
6e-09, 5.2e-08, 4.7692e-20
6e-09, 5.6e-08, 5.17202e-20
6e-09, 6e-08, 5.57484e-20
6e-09, 6.4e-08, 5.97766e-20
6e-09, 6.8e-08, 6.38047e-20
6e-09, 7.2e-08, 6.78329e-20
6e-09, 7.6e-08, 7.18611e-20
6e-09, 8e-08, 7.58893e-20
6e-09, 8.4e-08, 7.96373e-20
6e-09, 8.8e-08, 8.31415e-20
6e-09, 9.2e-08, 8.66457e-20
6e-09, 9.6e-08, 9.01499e-20
6e-09, 1e-07, 9.36541e-20
6e-09, 1.04e-07, 9.71584e-20
6e-09, 1.08e-07, 1.00663e-19
6e-09, 1.12e-07, 1.04167e-19
6e-09, 1.16e-07, 1.07671e-19
6e-09, 1.2e-07, 1.12107e-19
