0, -0, 0.909209
0, -1.2e-07, 0.575488
0, -2.4e-07, 0.575475
0, -3.6e-07, 0.575475
0, -4.8e-07, 0.575475
0, -6e-07, 0.575475
0, -7.2e-07, 0.575475
0, -8.4e-07, 0.575475
0, -9.6e-07, 0.575475
0, -1.08e-06, 0.57547
0, -1.2e-06, 0.43374
0, -1.32e-06, 0.43374
0, -1.44e-06, 0.43374
0, -1.56e-06, 0.43374
0, -1.68e-06, 0.43374
0, -1.8e-06, 0.43374
0, -1.92e-06, 0.43374
0, -2.04e-06, 0.43374
0, -2.16e-06, 0.43374
0, -2.28e-06, 0.43374
0, -2.4e-06, 0.43374
0, -2.52e-06, 0.57547
0, -2.64e-06, 0.575475
0, -2.76e-06, 0.575475
0, -2.88e-06, 0.575475
0, -3e-06, 0.575475
0, -3.12e-06, 0.575475
0, -3.24e-06, 0.575475
0, -3.36e-06, 0.575475
0, -3.48e-06, 0.575488
0, -3.6e-06, 0.909209
1e-10, -0, 0.909209
1e-10, -1.2e-07, 0.575488
1e-10, -2.4e-07, 0.575475
1e-10, -3.6e-07, 0.575475
1e-10, -4.8e-07, 0.575475
1e-10, -6e-07, 0.575475
1e-10, -7.2e-07, 0.575475
1e-10, -8.4e-07, 0.575475
1e-10, -9.6e-07, 0.575475
1e-10, -1.08e-06, 0.57547
1e-10, -1.2e-06, 0.433739
1e-10, -1.32e-06, 0.433732
1e-10, -1.44e-06, 0.433732
1e-10, -1.56e-06, 0.433732
1e-10, -1.68e-06, 0.433732
1e-10, -1.8e-06, 0.433732
1e-10, -1.92e-06, 0.433732
1e-10, -2.04e-06, 0.433732
1e-10, -2.16e-06, 0.433732
1e-10, -2.28e-06, 0.433732
1e-10, -2.4e-06, 0.433739
1e-10, -2.52e-06, 0.57547
1e-10, -2.64e-06, 0.575475
1e-10, -2.76e-06, 0.575475
1e-10, -2.88e-06, 0.575475
1e-10, -3e-06, 0.575475
1e-10, -3.12e-06, 0.575475
1e-10, -3.24e-06, 0.575475
1e-10, -3.36e-06, 0.575475
1e-10, -3.48e-06, 0.575488
1e-10, -3.6e-06, 0.909209
2e-10, -0, 0.90921
2e-10, -1.2e-07, 0.575488
2e-10, -2.4e-07, 0.575475
2e-10, -3.6e-07, 0.575475
2e-10, -4.8e-07, 0.575475
2e-10, -6e-07, 0.575475
2e-10, -7.2e-07, 0.575475
2e-10, -8.4e-07, 0.575475
2e-10, -9.6e-07, 0.575475
2e-10, -1.08e-06, 0.57547
2e-10, -1.2e-06, 0.433737
2e-10, -1.32e-06, 0.433723
2e-10, -1.44e-06, 0.433723
2e-10, -1.56e-06, 0.433723
2e-10, -1.68e-06, 0.433723
2e-10, -1.8e-06, 0.433723
2e-10, -1.92e-06, 0.433723
2e-10, -2.04e-06, 0.433723
2e-10, -2.16e-06, 0.433723
2e-10, -2.28e-06, 0.433723
2e-10, -2.4e-06, 0.433737
2e-10, -2.52e-06, 0.57547
2e-10, -2.64e-06, 0.575475
2e-10, -2.76e-06, 0.575475
2e-10, -2.88e-06, 0.575475
2e-10, -3e-06, 0.575475
2e-10, -3.12e-06, 0.575475
2e-10, -3.24e-06, 0.575475
2e-10, -3.36e-06, 0.575475
2e-10, -3.48e-06, 0.575488
2e-10, -3.6e-06, 0.90921
3e-10, -0, 0.909211
3e-10, -1.2e-07, 0.575487
3e-10, -2.4e-07, 0.575475
3e-10, -3.6e-07, 0.575475
3e-10, -4.8e-07, 0.575475
3e-10, -6e-07, 0.575475
3e-10, -7.2e-07, 0.575475
3e-10, -8.4e-07, 0.575475
3e-10, -9.6e-07, 0.575475
3e-10, -1.08e-06, 0.57547
3e-10, -1.2e-06, 0.433736
3e-10, -1.32e-06, 0.433715
3e-10, -1.44e-06, 0.433715
3e-10, -1.56e-06, 0.433715
3e-10, -1.68e-06, 0.433715
3e-10, -1.8e-06, 0.433715
3e-10, -1.92e-06, 0.433715
3e-10, -2.04e-06, 0.433715
3e-10, -2.16e-06, 0.433715
3e-10, -2.28e-06, 0.433715
3e-10, -2.4e-06, 0.433736
3e-10, -2.52e-06, 0.57547
3e-10, -2.64e-06, 0.575475
3e-10, -2.76e-06, 0.575475
3e-10, -2.88e-06, 0.575475
3e-10, -3e-06, 0.575475
3e-10, -3.12e-06, 0.575475
3e-10, -3.24e-06, 0.575475
3e-10, -3.36e-06, 0.575475
3e-10, -3.48e-06, 0.575487
3e-10, -3.6e-06, 0.909211
4e-10, -0, 0.909213
4e-10, -1.2e-07, 0.575486
4e-10, -2.4e-07, 0.575475
4e-10, -3.6e-07, 0.575475
4e-10, -4.8e-07, 0.575475
4e-10, -6e-07, 0.575475
4e-10, -7.2e-07, 0.575475
4e-10, -8.4e-07, 0.575475
4e-10, -9.6e-07, 0.575475
4e-10, -1.08e-06, 0.575471
4e-10, -1.2e-06, 0.433734
4e-10, -1.32e-06, 0.433706
4e-10, -1.44e-06, 0.433706
4e-10, -1.56e-06, 0.433706
4e-10, -1.68e-06, 0.433706
4e-10, -1.8e-06, 0.433706
4e-10, -1.92e-06, 0.433706
4e-10, -2.04e-06, 0.433706
4e-10, -2.16e-06, 0.433706
4e-10, -2.28e-06, 0.433706
4e-10, -2.4e-06, 0.433734
4e-10, -2.52e-06, 0.575471
4e-10, -2.64e-06, 0.575475
4e-10, -2.76e-06, 0.575475
4e-10, -2.88e-06, 0.575475
4e-10, -3e-06, 0.575475
4e-10, -3.12e-06, 0.575475
4e-10, -3.24e-06, 0.575475
4e-10, -3.36e-06, 0.575475
4e-10, -3.48e-06, 0.575486
4e-10, -3.6e-06, 0.909213
5e-10, -0, 0.909215
5e-10, -1.2e-07, 0.575485
5e-10, -2.4e-07, 0.575475
5e-10, -3.6e-07, 0.575475
5e-10, -4.8e-07, 0.575475
5e-10, -6e-07, 0.575475
5e-10, -7.2e-07, 0.575475
5e-10, -8.4e-07, 0.575475
5e-10, -9.6e-07, 0.575475
5e-10, -1.08e-06, 0.575471
5e-10, -1.2e-06, 0.433733
5e-10, -1.32e-06, 0.433698
5e-10, -1.44e-06, 0.433698
5e-10, -1.56e-06, 0.433698
5e-10, -1.68e-06, 0.433698
5e-10, -1.8e-06, 0.433698
5e-10, -1.92e-06, 0.433698
5e-10, -2.04e-06, 0.433698
5e-10, -2.16e-06, 0.433698
5e-10, -2.28e-06, 0.433698
5e-10, -2.4e-06, 0.433733
5e-10, -2.52e-06, 0.575471
5e-10, -2.64e-06, 0.575475
5e-10, -2.76e-06, 0.575475
5e-10, -2.88e-06, 0.575475
5e-10, -3e-06, 0.575475
5e-10, -3.12e-06, 0.575475
5e-10, -3.24e-06, 0.575475
5e-10, -3.36e-06, 0.575475
5e-10, -3.48e-06, 0.575485
5e-10, -3.6e-06, 0.909215
6e-10, -0, 0.909215
6e-10, -1.2e-07, 0.575485
6e-10, -2.4e-07, 0.575475
6e-10, -3.6e-07, 0.575475
6e-10, -4.8e-07, 0.575475
6e-10, -6e-07, 0.575475
6e-10, -7.2e-07, 0.575475
6e-10, -8.4e-07, 0.575475
6e-10, -9.6e-07, 0.575475
6e-10, -1.08e-06, 0.575471
6e-10, -1.2e-06, 0.433732
6e-10, -1.32e-06, 0.433695
6e-10, -1.44e-06, 0.433695
6e-10, -1.56e-06, 0.433695
6e-10, -1.68e-06, 0.433695
6e-10, -1.8e-06, 0.433695
6e-10, -1.92e-06, 0.433695
6e-10, -2.04e-06, 0.433695
6e-10, -2.16e-06, 0.433695
6e-10, -2.28e-06, 0.433695
6e-10, -2.4e-06, 0.433732
6e-10, -2.52e-06, 0.575471
6e-10, -2.64e-06, 0.575475
6e-10, -2.76e-06, 0.575475
6e-10, -2.88e-06, 0.575475
6e-10, -3e-06, 0.575475
6e-10, -3.12e-06, 0.575475
6e-10, -3.24e-06, 0.575475
6e-10, -3.36e-06, 0.575475
6e-10, -3.48e-06, 0.575485
6e-10, -3.6e-06, 0.909215
7e-10, -0, 0.909215
7e-10, -1.2e-07, 0.575485
7e-10, -2.4e-07, 0.575475
7e-10, -3.6e-07, 0.575475
7e-10, -4.8e-07, 0.575475
7e-10, -6e-07, 0.575475
7e-10, -7.2e-07, 0.575475
7e-10, -8.4e-07, 0.575475
7e-10, -9.6e-07, 0.575475
7e-10, -1.08e-06, 0.575471
7e-10, -1.2e-06, 0.433732
7e-10, -1.32e-06, 0.433692
7e-10, -1.44e-06, 0.433692
7e-10, -1.56e-06, 0.433692
7e-10, -1.68e-06, 0.433692
7e-10, -1.8e-06, 0.433692
7e-10, -1.92e-06, 0.433692
7e-10, -2.04e-06, 0.433692
7e-10, -2.16e-06, 0.433692
7e-10, -2.28e-06, 0.433692
7e-10, -2.4e-06, 0.433732
7e-10, -2.52e-06, 0.575471
7e-10, -2.64e-06, 0.575475
7e-10, -2.76e-06, 0.575475
7e-10, -2.88e-06, 0.575475
7e-10, -3e-06, 0.575475
7e-10, -3.12e-06, 0.575475
7e-10, -3.24e-06, 0.575475
7e-10, -3.36e-06, 0.575475
7e-10, -3.48e-06, 0.575485
7e-10, -3.6e-06, 0.909215
8e-10, -0, 0.909215
8e-10, -1.2e-07, 0.575484
8e-10, -2.4e-07, 0.575475
8e-10, -3.6e-07, 0.575475
8e-10, -4.8e-07, 0.575475
8e-10, -6e-07, 0.575475
8e-10, -7.2e-07, 0.575475
8e-10, -8.4e-07, 0.575475
8e-10, -9.6e-07, 0.575475
8e-10, -1.08e-06, 0.575471
8e-10, -1.2e-06, 0.433731
8e-10, -1.32e-06, 0.43369
8e-10, -1.44e-06, 0.43369
8e-10, -1.56e-06, 0.43369
8e-10, -1.68e-06, 0.43369
8e-10, -1.8e-06, 0.43369
8e-10, -1.92e-06, 0.43369
8e-10, -2.04e-06, 0.43369
8e-10, -2.16e-06, 0.43369
8e-10, -2.28e-06, 0.43369
8e-10, -2.4e-06, 0.433731
8e-10, -2.52e-06, 0.575471
8e-10, -2.64e-06, 0.575475
8e-10, -2.76e-06, 0.575475
8e-10, -2.88e-06, 0.575475
8e-10, -3e-06, 0.575475
8e-10, -3.12e-06, 0.575475
8e-10, -3.24e-06, 0.575475
8e-10, -3.36e-06, 0.575475
8e-10, -3.48e-06, 0.575484
8e-10, -3.6e-06, 0.909215
9e-10, -0, 0.909215
9e-10, -1.2e-07, 0.575484
9e-10, -2.4e-07, 0.575475
9e-10, -3.6e-07, 0.575475
9e-10, -4.8e-07, 0.575475
9e-10, -6e-07, 0.575475
9e-10, -7.2e-07, 0.575475
9e-10, -8.4e-07, 0.575475
9e-10, -9.6e-07, 0.575475
9e-10, -1.08e-06, 0.575472
9e-10, -1.2e-06, 0.433731
9e-10, -1.32e-06, 0.433687
9e-10, -1.44e-06, 0.433687
9e-10, -1.56e-06, 0.433687
9e-10, -1.68e-06, 0.433687
9e-10, -1.8e-06, 0.433687
9e-10, -1.92e-06, 0.433687
9e-10, -2.04e-06, 0.433687
9e-10, -2.16e-06, 0.433687
9e-10, -2.28e-06, 0.433687
9e-10, -2.4e-06, 0.433731
9e-10, -2.52e-06, 0.575472
9e-10, -2.64e-06, 0.575475
9e-10, -2.76e-06, 0.575475
9e-10, -2.88e-06, 0.575475
9e-10, -3e-06, 0.575475
9e-10, -3.12e-06, 0.575475
9e-10, -3.24e-06, 0.575475
9e-10, -3.36e-06, 0.575475
9e-10, -3.48e-06, 0.575484
9e-10, -3.6e-06, 0.909215
1e-09, -0, 0.909215
1e-09, -1.2e-07, 0.575484
1e-09, -2.4e-07, 0.575475
1e-09, -3.6e-07, 0.575475
1e-09, -4.8e-07, 0.575475
1e-09, -6e-07, 0.575475
1e-09, -7.2e-07, 0.575475
1e-09, -8.4e-07, 0.575475
1e-09, -9.6e-07, 0.575475
1e-09, -1.08e-06, 0.575472
1e-09, -1.2e-06, 0.43373
1e-09, -1.32e-06, 0.433685
1e-09, -1.44e-06, 0.433685
1e-09, -1.56e-06, 0.433685
1e-09, -1.68e-06, 0.433685
1e-09, -1.8e-06, 0.433685
1e-09, -1.92e-06, 0.433685
1e-09, -2.04e-06, 0.433685
1e-09, -2.16e-06, 0.433685
1e-09, -2.28e-06, 0.433685
1e-09, -2.4e-06, 0.43373
1e-09, -2.52e-06, 0.575472
1e-09, -2.64e-06, 0.575475
1e-09, -2.76e-06, 0.575475
1e-09, -2.88e-06, 0.575475
1e-09, -3e-06, 0.575475
1e-09, -3.12e-06, 0.575475
1e-09, -3.24e-06, 0.575475
1e-09, -3.36e-06, 0.575475
1e-09, -3.48e-06, 0.575484
1e-09, -3.6e-06, 0.909215
1.1e-09, -0, 0.909215
1.1e-09, -1.2e-07, 0.575484
1.1e-09, -2.4e-07, 0.575475
1.1e-09, -3.6e-07, 0.575475
1.1e-09, -4.8e-07, 0.575475
1.1e-09, -6e-07, 0.575475
1.1e-09, -7.2e-07, 0.575475
1.1e-09, -8.4e-07, 0.575475
1.1e-09, -9.6e-07, 0.575475
1.1e-09, -1.08e-06, 0.575472
1.1e-09, -1.2e-06, 0.43373
1.1e-09, -1.32e-06, 0.433683
1.1e-09, -1.44e-06, 0.433683
1.1e-09, -1.56e-06, 0.433683
1.1e-09, -1.68e-06, 0.433683
1.1e-09, -1.8e-06, 0.433683
1.1e-09, -1.92e-06, 0.433683
1.1e-09, -2.04e-06, 0.433683
1.1e-09, -2.16e-06, 0.433683
1.1e-09, -2.28e-06, 0.433683
1.1e-09, -2.4e-06, 0.43373
1.1e-09, -2.52e-06, 0.575472
1.1e-09, -2.64e-06, 0.575475
1.1e-09, -2.76e-06, 0.575475
1.1e-09, -2.88e-06, 0.575475
1.1e-09, -3e-06, 0.575475
1.1e-09, -3.12e-06, 0.575475
1.1e-09, -3.24e-06, 0.575475
1.1e-09, -3.36e-06, 0.575475
1.1e-09, -3.48e-06, 0.575484
1.1e-09, -3.6e-06, 0.909215
1.2e-09, -0, 0.909215
1.2e-09, -1.2e-07, 0.575484
1.2e-09, -2.4e-07, 0.575475
1.2e-09, -3.6e-07, 0.575475
1.2e-09, -4.8e-07, 0.575475
1.2e-09, -6e-07, 0.575475
1.2e-09, -7.2e-07, 0.575475
1.2e-09, -8.4e-07, 0.575475
1.2e-09, -9.6e-07, 0.575475
1.2e-09, -1.08e-06, 0.575472
1.2e-09, -1.2e-06, 0.433729
1.2e-09, -1.32e-06, 0.433681
1.2e-09, -1.44e-06, 0.433681
1.2e-09, -1.56e-06, 0.433681
1.2e-09, -1.68e-06, 0.433681
1.2e-09, -1.8e-06, 0.433681
1.2e-09, -1.92e-06, 0.433681
1.2e-09, -2.04e-06, 0.433681
1.2e-09, -2.16e-06, 0.433681
1.2e-09, -2.28e-06, 0.433681
1.2e-09, -2.4e-06, 0.433729
1.2e-09, -2.52e-06, 0.575472
1.2e-09, -2.64e-06, 0.575475
1.2e-09, -2.76e-06, 0.575475
1.2e-09, -2.88e-06, 0.575475
1.2e-09, -3e-06, 0.575475
1.2e-09, -3.12e-06, 0.575475
1.2e-09, -3.24e-06, 0.575475
1.2e-09, -3.36e-06, 0.575475
1.2e-09, -3.48e-06, 0.575484
1.2e-09, -3.6e-06, 0.909215
1.3e-09, -0, 0.909215
1.3e-09, -1.2e-07, 0.575484
1.3e-09, -2.4e-07, 0.575475
1.3e-09, -3.6e-07, 0.575475
1.3e-09, -4.8e-07, 0.575475
1.3e-09, -6e-07, 0.575475
1.3e-09, -7.2e-07, 0.575475
1.3e-09, -8.4e-07, 0.575475
1.3e-09, -9.6e-07, 0.575475
1.3e-09, -1.08e-06, 0.575472
1.3e-09, -1.2e-06, 0.433729
1.3e-09, -1.32e-06, 0.433679
1.3e-09, -1.44e-06, 0.433679
1.3e-09, -1.56e-06, 0.433679
1.3e-09, -1.68e-06, 0.433679
1.3e-09, -1.8e-06, 0.433679
1.3e-09, -1.92e-06, 0.433679
1.3e-09, -2.04e-06, 0.433679
1.3e-09, -2.16e-06, 0.433679
1.3e-09, -2.28e-06, 0.433679
1.3e-09, -2.4e-06, 0.433729
1.3e-09, -2.52e-06, 0.575472
1.3e-09, -2.64e-06, 0.575475
1.3e-09, -2.76e-06, 0.575475
1.3e-09, -2.88e-06, 0.575475
1.3e-09, -3e-06, 0.575475
1.3e-09, -3.12e-06, 0.575475
1.3e-09, -3.24e-06, 0.575475
1.3e-09, -3.36e-06, 0.575475
1.3e-09, -3.48e-06, 0.575484
1.3e-09, -3.6e-06, 0.909215
1.4e-09, -0, 0.909215
1.4e-09, -1.2e-07, 0.575484
1.4e-09, -2.4e-07, 0.575475
1.4e-09, -3.6e-07, 0.575475
1.4e-09, -4.8e-07, 0.575475
1.4e-09, -6e-07, 0.575475
1.4e-09, -7.2e-07, 0.575475
1.4e-09, -8.4e-07, 0.575475
1.4e-09, -9.6e-07, 0.575475
1.4e-09, -1.08e-06, 0.575472
1.4e-09, -1.2e-06, 0.433728
1.4e-09, -1.32e-06, 0.433677
1.4e-09, -1.44e-06, 0.433677
1.4e-09, -1.56e-06, 0.433677
1.4e-09, -1.68e-06, 0.433677
1.4e-09, -1.8e-06, 0.433677
1.4e-09, -1.92e-06, 0.433677
1.4e-09, -2.04e-06, 0.433677
1.4e-09, -2.16e-06, 0.433677
1.4e-09, -2.28e-06, 0.433677
1.4e-09, -2.4e-06, 0.433728
1.4e-09, -2.52e-06, 0.575472
1.4e-09, -2.64e-06, 0.575475
1.4e-09, -2.76e-06, 0.575475
1.4e-09, -2.88e-06, 0.575475
1.4e-09, -3e-06, 0.575475
1.4e-09, -3.12e-06, 0.575475
1.4e-09, -3.24e-06, 0.575475
1.4e-09, -3.36e-06, 0.575475
1.4e-09, -3.48e-06, 0.575484
1.4e-09, -3.6e-06, 0.909215
1.5e-09, -0, 0.909215
1.5e-09, -1.2e-07, 0.575483
1.5e-09, -2.4e-07, 0.575475
1.5e-09, -3.6e-07, 0.575475
1.5e-09, -4.8e-07, 0.575475
1.5e-09, -6e-07, 0.575475
1.5e-09, -7.2e-07, 0.575475
1.5e-09, -8.4e-07, 0.575475
1.5e-09, -9.6e-07, 0.575475
1.5e-09, -1.08e-06, 0.575472
1.5e-09, -1.2e-06, 0.433728
1.5e-09, -1.32e-06, 0.433675
1.5e-09, -1.44e-06, 0.433675
1.5e-09, -1.56e-06, 0.433675
1.5e-09, -1.68e-06, 0.433675
1.5e-09, -1.8e-06, 0.433675
1.5e-09, -1.92e-06, 0.433675
1.5e-09, -2.04e-06, 0.433675
1.5e-09, -2.16e-06, 0.433675
1.5e-09, -2.28e-06, 0.433675
1.5e-09, -2.4e-06, 0.433728
1.5e-09, -2.52e-06, 0.575472
1.5e-09, -2.64e-06, 0.575475
1.5e-09, -2.76e-06, 0.575475
1.5e-09, -2.88e-06, 0.575475
1.5e-09, -3e-06, 0.575475
1.5e-09, -3.12e-06, 0.575475
1.5e-09, -3.24e-06, 0.575475
1.5e-09, -3.36e-06, 0.575475
1.5e-09, -3.48e-06, 0.575483
1.5e-09, -3.6e-06, 0.909215
1.6e-09, -0, 0.909215
1.6e-09, -1.2e-07, 0.575483
1.6e-09, -2.4e-07, 0.575475
1.6e-09, -3.6e-07, 0.575475
1.6e-09, -4.8e-07, 0.575475
1.6e-09, -6e-07, 0.575475
1.6e-09, -7.2e-07, 0.575475
1.6e-09, -8.4e-07, 0.575475
1.6e-09, -9.6e-07, 0.575475
1.6e-09, -1.08e-06, 0.575472
1.6e-09, -1.2e-06, 0.433728
1.6e-09, -1.32e-06, 0.433674
1.6e-09, -1.44e-06, 0.433673
1.6e-09, -1.56e-06, 0.433673
1.6e-09, -1.68e-06, 0.433673
1.6e-09, -1.8e-06, 0.433673
1.6e-09, -1.92e-06, 0.433673
1.6e-09, -2.04e-06, 0.433673
1.6e-09, -2.16e-06, 0.433673
1.6e-09, -2.28e-06, 0.433674
1.6e-09, -2.4e-06, 0.433728
1.6e-09, -2.52e-06, 0.575472
1.6e-09, -2.64e-06, 0.575475
1.6e-09, -2.76e-06, 0.575475
1.6e-09, -2.88e-06, 0.575475
1.6e-09, -3e-06, 0.575475
1.6e-09, -3.12e-06, 0.575475
1.6e-09, -3.24e-06, 0.575475
1.6e-09, -3.36e-06, 0.575475
1.6e-09, -3.48e-06, 0.575483
1.6e-09, -3.6e-06, 0.909215
1.7e-09, -0, 0.909215
1.7e-09, -1.2e-07, 0.575483
1.7e-09, -2.4e-07, 0.575475
1.7e-09, -3.6e-07, 0.575475
1.7e-09, -4.8e-07, 0.575475
1.7e-09, -6e-07, 0.575475
1.7e-09, -7.2e-07, 0.575475
1.7e-09, -8.4e-07, 0.575475
1.7e-09, -9.6e-07, 0.575475
1.7e-09, -1.08e-06, 0.575472
1.7e-09, -1.2e-06, 0.433727
1.7e-09, -1.32e-06, 0.433672
1.7e-09, -1.44e-06, 0.433672
1.7e-09, -1.56e-06, 0.433672
1.7e-09, -1.68e-06, 0.433672
1.7e-09, -1.8e-06, 0.433672
1.7e-09, -1.92e-06, 0.433672
1.7e-09, -2.04e-06, 0.433672
1.7e-09, -2.16e-06, 0.433672
1.7e-09, -2.28e-06, 0.433672
1.7e-09, -2.4e-06, 0.433727
1.7e-09, -2.52e-06, 0.575472
1.7e-09, -2.64e-06, 0.575475
1.7e-09, -2.76e-06, 0.575475
1.7e-09, -2.88e-06, 0.575475
1.7e-09, -3e-06, 0.575475
1.7e-09, -3.12e-06, 0.575475
1.7e-09, -3.24e-06, 0.575475
1.7e-09, -3.36e-06, 0.575475
1.7e-09, -3.48e-06, 0.575483
1.7e-09, -3.6e-06, 0.909215
1.8e-09, -0, 0.909215
1.8e-09, -1.2e-07, 0.575483
1.8e-09, -2.4e-07, 0.575475
1.8e-09, -3.6e-07, 0.575475
1.8e-09, -4.8e-07, 0.575475
1.8e-09, -6e-07, 0.575475
1.8e-09, -7.2e-07, 0.575475
1.8e-09, -8.4e-07, 0.575475
1.8e-09, -9.6e-07, 0.575475
1.8e-09, -1.08e-06, 0.575472
1.8e-09, -1.2e-06, 0.433727
1.8e-09, -1.32e-06, 0.433671
1.8e-09, -1.44e-06, 0.433671
1.8e-09, -1.56e-06, 0.433671
1.8e-09, -1.68e-06, 0.433671
1.8e-09, -1.8e-06, 0.433671
1.8e-09, -1.92e-06, 0.433671
1.8e-09, -2.04e-06, 0.433671
1.8e-09, -2.16e-06, 0.433671
1.8e-09, -2.28e-06, 0.433671
1.8e-09, -2.4e-06, 0.433727
1.8e-09, -2.52e-06, 0.575472
1.8e-09, -2.64e-06, 0.575475
1.8e-09, -2.76e-06, 0.575475
1.8e-09, -2.88e-06, 0.575475
1.8e-09, -3e-06, 0.575475
1.8e-09, -3.12e-06, 0.575475
1.8e-09, -3.24e-06, 0.575475
1.8e-09, -3.36e-06, 0.575475
1.8e-09, -3.48e-06, 0.575483
1.8e-09, -3.6e-06, 0.909215
1.9e-09, -0, 0.909215
1.9e-09, -1.2e-07, 0.575483
1.9e-09, -2.4e-07, 0.575475
1.9e-09, -3.6e-07, 0.575475
1.9e-09, -4.8e-07, 0.575475
1.9e-09, -6e-07, 0.575475
1.9e-09, -7.2e-07, 0.575475
1.9e-09, -8.4e-07, 0.575475
1.9e-09, -9.6e-07, 0.575475
1.9e-09, -1.08e-06, 0.575472
1.9e-09, -1.2e-06, 0.433727
1.9e-09, -1.32e-06, 0.433669
1.9e-09, -1.44e-06, 0.433669
1.9e-09, -1.56e-06, 0.433669
1.9e-09, -1.68e-06, 0.433669
1.9e-09, -1.8e-06, 0.433669
1.9e-09, -1.92e-06, 0.433669
1.9e-09, -2.04e-06, 0.433669
1.9e-09, -2.16e-06, 0.433669
1.9e-09, -2.28e-06, 0.433669
1.9e-09, -2.4e-06, 0.433727
1.9e-09, -2.52e-06, 0.575472
1.9e-09, -2.64e-06, 0.575475
1.9e-09, -2.76e-06, 0.575475
1.9e-09, -2.88e-06, 0.575475
1.9e-09, -3e-06, 0.575475
1.9e-09, -3.12e-06, 0.575475
1.9e-09, -3.24e-06, 0.575475
1.9e-09, -3.36e-06, 0.575475
1.9e-09, -3.48e-06, 0.575483
1.9e-09, -3.6e-06, 0.909215
2e-09, -0, 0.909215
2e-09, -1.2e-07, 0.575483
2e-09, -2.4e-07, 0.575475
2e-09, -3.6e-07, 0.575475
2e-09, -4.8e-07, 0.575475
2e-09, -6e-07, 0.575475
2e-09, -7.2e-07, 0.575475
2e-09, -8.4e-07, 0.575475
2e-09, -9.6e-07, 0.575475
2e-09, -1.08e-06, 0.575472
2e-09, -1.2e-06, 0.433727
2e-09, -1.32e-06, 0.433668
2e-09, -1.44e-06, 0.433668
2e-09, -1.56e-06, 0.433668
2e-09, -1.68e-06, 0.433668
2e-09, -1.8e-06, 0.433668
2e-09, -1.92e-06, 0.433668
2e-09, -2.04e-06, 0.433668
2e-09, -2.16e-06, 0.433668
2e-09, -2.28e-06, 0.433668
2e-09, -2.4e-06, 0.433727
2e-09, -2.52e-06, 0.575472
2e-09, -2.64e-06, 0.575475
2e-09, -2.76e-06, 0.575475
2e-09, -2.88e-06, 0.575475
2e-09, -3e-06, 0.575475
2e-09, -3.12e-06, 0.575475
2e-09, -3.24e-06, 0.575475
2e-09, -3.36e-06, 0.575475
2e-09, -3.48e-06, 0.575483
2e-09, -3.6e-06, 0.909215
2.1e-09, -0, 0.909215
2.1e-09, -1.2e-07, 0.575483
2.1e-09, -2.4e-07, 0.575475
2.1e-09, -3.6e-07, 0.575475
2.1e-09, -4.8e-07, 0.575475
2.1e-09, -6e-07, 0.575475
2.1e-09, -7.2e-07, 0.575475
2.1e-09, -8.4e-07, 0.575475
2.1e-09, -9.6e-07, 0.575475
2.1e-09, -1.08e-06, 0.575472
2.1e-09, -1.2e-06, 0.433726
2.1e-09, -1.32e-06, 0.433667
2.1e-09, -1.44e-06, 0.433667
2.1e-09, -1.56e-06, 0.433667
2.1e-09, -1.68e-06, 0.433667
2.1e-09, -1.8e-06, 0.433667
2.1e-09, -1.92e-06, 0.433667
2.1e-09, -2.04e-06, 0.433667
2.1e-09, -2.16e-06, 0.433667
2.1e-09, -2.28e-06, 0.433667
2.1e-09, -2.4e-06, 0.433726
2.1e-09, -2.52e-06, 0.575472
2.1e-09, -2.64e-06, 0.575475
2.1e-09, -2.76e-06, 0.575475
2.1e-09, -2.88e-06, 0.575475
2.1e-09, -3e-06, 0.575475
2.1e-09, -3.12e-06, 0.575475
2.1e-09, -3.24e-06, 0.575475
2.1e-09, -3.36e-06, 0.575475
2.1e-09, -3.48e-06, 0.575483
2.1e-09, -3.6e-06, 0.909215
2.2e-09, -0, 0.909215
2.2e-09, -1.2e-07, 0.575483
2.2e-09, -2.4e-07, 0.575475
2.2e-09, -3.6e-07, 0.575475
2.2e-09, -4.8e-07, 0.575475
2.2e-09, -6e-07, 0.575475
2.2e-09, -7.2e-07, 0.575475
2.2e-09, -8.4e-07, 0.575475
2.2e-09, -9.6e-07, 0.575475
2.2e-09, -1.08e-06, 0.575472
2.2e-09, -1.2e-06, 0.433726
2.2e-09, -1.32e-06, 0.433666
2.2e-09, -1.44e-06, 0.433666
2.2e-09, -1.56e-06, 0.433666
2.2e-09, -1.68e-06, 0.433666
2.2e-09, -1.8e-06, 0.433666
2.2e-09, -1.92e-06, 0.433666
2.2e-09, -2.04e-06, 0.433666
2.2e-09, -2.16e-06, 0.433666
2.2e-09, -2.28e-06, 0.433666
2.2e-09, -2.4e-06, 0.433726
2.2e-09, -2.52e-06, 0.575472
2.2e-09, -2.64e-06, 0.575475
2.2e-09, -2.76e-06, 0.575475
2.2e-09, -2.88e-06, 0.575475
2.2e-09, -3e-06, 0.575475
2.2e-09, -3.12e-06, 0.575475
2.2e-09, -3.24e-06, 0.575475
2.2e-09, -3.36e-06, 0.575475
2.2e-09, -3.48e-06, 0.575483
2.2e-09, -3.6e-06, 0.909215
2.3e-09, -0, 0.909215
2.3e-09, -1.2e-07, 0.575483
2.3e-09, -2.4e-07, 0.575475
2.3e-09, -3.6e-07, 0.575475
2.3e-09, -4.8e-07, 0.575475
2.3e-09, -6e-07, 0.575475
2.3e-09, -7.2e-07, 0.575475
2.3e-09, -8.4e-07, 0.575475
2.3e-09, -9.6e-07, 0.575475
2.3e-09, -1.08e-06, 0.575472
2.3e-09, -1.2e-06, 0.433726
2.3e-09, -1.32e-06, 0.433665
2.3e-09, -1.44e-06, 0.433665
2.3e-09, -1.56e-06, 0.433665
2.3e-09, -1.68e-06, 0.433665
2.3e-09, -1.8e-06, 0.433665
2.3e-09, -1.92e-06, 0.433665
2.3e-09, -2.04e-06, 0.433665
2.3e-09, -2.16e-06, 0.433665
2.3e-09, -2.28e-06, 0.433665
2.3e-09, -2.4e-06, 0.433726
2.3e-09, -2.52e-06, 0.575472
2.3e-09, -2.64e-06, 0.575475
2.3e-09, -2.76e-06, 0.575475
2.3e-09, -2.88e-06, 0.575475
2.3e-09, -3e-06, 0.575475
2.3e-09, -3.12e-06, 0.575475
2.3e-09, -3.24e-06, 0.575475
2.3e-09, -3.36e-06, 0.575475
2.3e-09, -3.48e-06, 0.575483
2.3e-09, -3.6e-06, 0.909215
2.4e-09, -0, 0.909215
2.4e-09, -1.2e-07, 0.575483
2.4e-09, -2.4e-07, 0.575475
2.4e-09, -3.6e-07, 0.575475
2.4e-09, -4.8e-07, 0.575475
2.4e-09, -6e-07, 0.575475
2.4e-09, -7.2e-07, 0.575475
2.4e-09, -8.4e-07, 0.575475
2.4e-09, -9.6e-07, 0.575475
2.4e-09, -1.08e-06, 0.575472
2.4e-09, -1.2e-06, 0.433726
2.4e-09, -1.32e-06, 0.433664
2.4e-09, -1.44e-06, 0.433664
2.4e-09, -1.56e-06, 0.433664
2.4e-09, -1.68e-06, 0.433664
2.4e-09, -1.8e-06, 0.433664
2.4e-09, -1.92e-06, 0.433664
2.4e-09, -2.04e-06, 0.433664
2.4e-09, -2.16e-06, 0.433664
2.4e-09, -2.28e-06, 0.433664
2.4e-09, -2.4e-06, 0.433726
2.4e-09, -2.52e-06, 0.575472
2.4e-09, -2.64e-06, 0.575475
2.4e-09, -2.76e-06, 0.575475
2.4e-09, -2.88e-06, 0.575475
2.4e-09, -3e-06, 0.575475
2.4e-09, -3.12e-06, 0.575475
2.4e-09, -3.24e-06, 0.575475
2.4e-09, -3.36e-06, 0.575475
2.4e-09, -3.48e-06, 0.575483
2.4e-09, -3.6e-06, 0.909215
2.5e-09, -0, 0.909215
2.5e-09, -1.2e-07, 0.575483
2.5e-09, -2.4e-07, 0.575475
2.5e-09, -3.6e-07, 0.575475
2.5e-09, -4.8e-07, 0.575475
2.5e-09, -6e-07, 0.575475
2.5e-09, -7.2e-07, 0.575475
2.5e-09, -8.4e-07, 0.575475
2.5e-09, -9.6e-07, 0.575475
2.5e-09, -1.08e-06, 0.575472
2.5e-09, -1.2e-06, 0.433726
2.5e-09, -1.32e-06, 0.433664
2.5e-09, -1.44e-06, 0.433664
2.5e-09, -1.56e-06, 0.433664
2.5e-09, -1.68e-06, 0.433664
2.5e-09, -1.8e-06, 0.433664
2.5e-09, -1.92e-06, 0.433664
2.5e-09, -2.04e-06, 0.433664
2.5e-09, -2.16e-06, 0.433664
2.5e-09, -2.28e-06, 0.433664
2.5e-09, -2.4e-06, 0.433726
2.5e-09, -2.52e-06, 0.575472
2.5e-09, -2.64e-06, 0.575475
2.5e-09, -2.76e-06, 0.575475
2.5e-09, -2.88e-06, 0.575475
2.5e-09, -3e-06, 0.575475
2.5e-09, -3.12e-06, 0.575475
2.5e-09, -3.24e-06, 0.575475
2.5e-09, -3.36e-06, 0.575475
2.5e-09, -3.48e-06, 0.575483
2.5e-09, -3.6e-06, 0.909215
2.6e-09, -0, 0.909215
2.6e-09, -1.2e-07, 0.575483
2.6e-09, -2.4e-07, 0.575475
2.6e-09, -3.6e-07, 0.575475
2.6e-09, -4.8e-07, 0.575475
2.6e-09, -6e-07, 0.575475
2.6e-09, -7.2e-07, 0.575475
2.6e-09, -8.4e-07, 0.575475
2.6e-09, -9.6e-07, 0.575475
2.6e-09, -1.08e-06, 0.575472
2.6e-09, -1.2e-06, 0.433726
2.6e-09, -1.32e-06, 0.433663
2.6e-09, -1.44e-06, 0.433663
2.6e-09, -1.56e-06, 0.433663
2.6e-09, -1.68e-06, 0.433663
2.6e-09, -1.8e-06, 0.433663
2.6e-09, -1.92e-06, 0.433663
2.6e-09, -2.04e-06, 0.433663
2.6e-09, -2.16e-06, 0.433663
2.6e-09, -2.28e-06, 0.433663
2.6e-09, -2.4e-06, 0.433726
2.6e-09, -2.52e-06, 0.575472
2.6e-09, -2.64e-06, 0.575475
2.6e-09, -2.76e-06, 0.575475
2.6e-09, -2.88e-06, 0.575475
2.6e-09, -3e-06, 0.575475
2.6e-09, -3.12e-06, 0.575475
2.6e-09, -3.24e-06, 0.575475
2.6e-09, -3.36e-06, 0.575475
2.6e-09, -3.48e-06, 0.575483
2.6e-09, -3.6e-06, 0.909215
2.7e-09, -0, 0.909215
2.7e-09, -1.2e-07, 0.575483
2.7e-09, -2.4e-07, 0.575475
2.7e-09, -3.6e-07, 0.575475
2.7e-09, -4.8e-07, 0.575475
2.7e-09, -6e-07, 0.575475
2.7e-09, -7.2e-07, 0.575475
2.7e-09, -8.4e-07, 0.575475
2.7e-09, -9.6e-07, 0.575475
2.7e-09, -1.08e-06, 0.575472
2.7e-09, -1.2e-06, 0.433726
2.7e-09, -1.32e-06, 0.433663
2.7e-09, -1.44e-06, 0.433663
2.7e-09, -1.56e-06, 0.433663
2.7e-09, -1.68e-06, 0.433663
2.7e-09, -1.8e-06, 0.433663
2.7e-09, -1.92e-06, 0.433663
2.7e-09, -2.04e-06, 0.433663
2.7e-09, -2.16e-06, 0.433663
2.7e-09, -2.28e-06, 0.433663
2.7e-09, -2.4e-06, 0.433726
2.7e-09, -2.52e-06, 0.575472
2.7e-09, -2.64e-06, 0.575475
2.7e-09, -2.76e-06, 0.575475
2.7e-09, -2.88e-06, 0.575475
2.7e-09, -3e-06, 0.575475
2.7e-09, -3.12e-06, 0.575475
2.7e-09, -3.24e-06, 0.575475
2.7e-09, -3.36e-06, 0.575475
2.7e-09, -3.48e-06, 0.575483
2.7e-09, -3.6e-06, 0.909215
2.8e-09, -0, 0.909215
2.8e-09, -1.2e-07, 0.575483
2.8e-09, -2.4e-07, 0.575475
2.8e-09, -3.6e-07, 0.575475
2.8e-09, -4.8e-07, 0.575475
2.8e-09, -6e-07, 0.575475
2.8e-09, -7.2e-07, 0.575475
2.8e-09, -8.4e-07, 0.575475
2.8e-09, -9.6e-07, 0.575475
2.8e-09, -1.08e-06, 0.575472
2.8e-09, -1.2e-06, 0.433726
2.8e-09, -1.32e-06, 0.433663
2.8e-09, -1.44e-06, 0.433663
2.8e-09, -1.56e-06, 0.433663
2.8e-09, -1.68e-06, 0.433663
2.8e-09, -1.8e-06, 0.433663
2.8e-09, -1.92e-06, 0.433663
2.8e-09, -2.04e-06, 0.433663
2.8e-09, -2.16e-06, 0.433663
2.8e-09, -2.28e-06, 0.433663
2.8e-09, -2.4e-06, 0.433726
2.8e-09, -2.52e-06, 0.575472
2.8e-09, -2.64e-06, 0.575475
2.8e-09, -2.76e-06, 0.575475
2.8e-09, -2.88e-06, 0.575475
2.8e-09, -3e-06, 0.575475
2.8e-09, -3.12e-06, 0.575475
2.8e-09, -3.24e-06, 0.575475
2.8e-09, -3.36e-06, 0.575475
2.8e-09, -3.48e-06, 0.575483
2.8e-09, -3.6e-06, 0.909215
2.9e-09, -0, 0.909215
2.9e-09, -1.2e-07, 0.575483
2.9e-09, -2.4e-07, 0.575475
2.9e-09, -3.6e-07, 0.575475
2.9e-09, -4.8e-07, 0.575475
2.9e-09, -6e-07, 0.575475
2.9e-09, -7.2e-07, 0.575475
2.9e-09, -8.4e-07, 0.575475
2.9e-09, -9.6e-07, 0.575475
2.9e-09, -1.08e-06, 0.575472
2.9e-09, -1.2e-06, 0.433726
2.9e-09, -1.32e-06, 0.433662
2.9e-09, -1.44e-06, 0.433662
2.9e-09, -1.56e-06, 0.433662
2.9e-09, -1.68e-06, 0.433662
2.9e-09, -1.8e-06, 0.433662
2.9e-09, -1.92e-06, 0.433662
2.9e-09, -2.04e-06, 0.433662
2.9e-09, -2.16e-06, 0.433662
2.9e-09, -2.28e-06, 0.433662
2.9e-09, -2.4e-06, 0.433726
2.9e-09, -2.52e-06, 0.575472
2.9e-09, -2.64e-06, 0.575475
2.9e-09, -2.76e-06, 0.575475
2.9e-09, -2.88e-06, 0.575475
2.9e-09, -3e-06, 0.575475
2.9e-09, -3.12e-06, 0.575475
2.9e-09, -3.24e-06, 0.575475
2.9e-09, -3.36e-06, 0.575475
2.9e-09, -3.48e-06, 0.575483
2.9e-09, -3.6e-06, 0.909215
3e-09, -0, 0.909215
3e-09, -1.2e-07, 0.575483
3e-09, -2.4e-07, 0.575475
3e-09, -3.6e-07, 0.575475
3e-09, -4.8e-07, 0.575475
3e-09, -6e-07, 0.575475
3e-09, -7.2e-07, 0.575475
3e-09, -8.4e-07, 0.575475
3e-09, -9.6e-07, 0.575475
3e-09, -1.08e-06, 0.575472
3e-09, -1.2e-06, 0.433726
3e-09, -1.32e-06, 0.433662
3e-09, -1.44e-06, 0.433662
3e-09, -1.56e-06, 0.433662
3e-09, -1.68e-06, 0.433662
3e-09, -1.8e-06, 0.433662
3e-09, -1.92e-06, 0.433662
3e-09, -2.04e-06, 0.433662
3e-09, -2.16e-06, 0.433662
3e-09, -2.28e-06, 0.433662
3e-09, -2.4e-06, 0.433726
3e-09, -2.52e-06, 0.575472
3e-09, -2.64e-06, 0.575475
3e-09, -2.76e-06, 0.575475
3e-09, -2.88e-06, 0.575475
3e-09, -3e-06, 0.575475
3e-09, -3.12e-06, 0.575475
3e-09, -3.24e-06, 0.575475
3e-09, -3.36e-06, 0.575475
3e-09, -3.48e-06, 0.575483
3e-09, -3.6e-06, 0.909215
3.1e-09, -0, 0.909215
3.1e-09, -1.2e-07, 0.575483
3.1e-09, -2.4e-07, 0.575475
3.1e-09, -3.6e-07, 0.575475
3.1e-09, -4.8e-07, 0.575475
3.1e-09, -6e-07, 0.575475
3.1e-09, -7.2e-07, 0.575475
3.1e-09, -8.4e-07, 0.575475
3.1e-09, -9.6e-07, 0.575475
3.1e-09, -1.08e-06, 0.575472
3.1e-09, -1.2e-06, 0.433726
3.1e-09, -1.32e-06, 0.433662
3.1e-09, -1.44e-06, 0.433662
3.1e-09, -1.56e-06, 0.433662
3.1e-09, -1.68e-06, 0.433662
3.1e-09, -1.8e-06, 0.433662
3.1e-09, -1.92e-06, 0.433662
3.1e-09, -2.04e-06, 0.433662
3.1e-09, -2.16e-06, 0.433662
3.1e-09, -2.28e-06, 0.433662
3.1e-09, -2.4e-06, 0.433726
3.1e-09, -2.52e-06, 0.575472
3.1e-09, -2.64e-06, 0.575475
3.1e-09, -2.76e-06, 0.575475
3.1e-09, -2.88e-06, 0.575475
3.1e-09, -3e-06, 0.575475
3.1e-09, -3.12e-06, 0.575475
3.1e-09, -3.24e-06, 0.575475
3.1e-09, -3.36e-06, 0.575475
3.1e-09, -3.48e-06, 0.575483
3.1e-09, -3.6e-06, 0.909215
3.2e-09, -0, 0.909215
3.2e-09, -1.2e-07, 0.575483
3.2e-09, -2.4e-07, 0.575475
3.2e-09, -3.6e-07, 0.575475
3.2e-09, -4.8e-07, 0.575475
3.2e-09, -6e-07, 0.575475
3.2e-09, -7.2e-07, 0.575475
3.2e-09, -8.4e-07, 0.575475
3.2e-09, -9.6e-07, 0.575475
3.2e-09, -1.08e-06, 0.575472
3.2e-09, -1.2e-06, 0.433726
3.2e-09, -1.32e-06, 0.433663
3.2e-09, -1.44e-06, 0.433663
3.2e-09, -1.56e-06, 0.433663
3.2e-09, -1.68e-06, 0.433663
3.2e-09, -1.8e-06, 0.433663
3.2e-09, -1.92e-06, 0.433663
3.2e-09, -2.04e-06, 0.433663
3.2e-09, -2.16e-06, 0.433663
3.2e-09, -2.28e-06, 0.433663
3.2e-09, -2.4e-06, 0.433726
3.2e-09, -2.52e-06, 0.575472
3.2e-09, -2.64e-06, 0.575475
3.2e-09, -2.76e-06, 0.575475
3.2e-09, -2.88e-06, 0.575475
3.2e-09, -3e-06, 0.575475
3.2e-09, -3.12e-06, 0.575475
3.2e-09, -3.24e-06, 0.575475
3.2e-09, -3.36e-06, 0.575475
3.2e-09, -3.48e-06, 0.575483
3.2e-09, -3.6e-06, 0.909215
3.3e-09, -0, 0.909215
3.3e-09, -1.2e-07, 0.575483
3.3e-09, -2.4e-07, 0.575475
3.3e-09, -3.6e-07, 0.575475
3.3e-09, -4.8e-07, 0.575475
3.3e-09, -6e-07, 0.575475
3.3e-09, -7.2e-07, 0.575475
3.3e-09, -8.4e-07, 0.575475
3.3e-09, -9.6e-07, 0.575475
3.3e-09, -1.08e-06, 0.575472
3.3e-09, -1.2e-06, 0.433726
3.3e-09, -1.32e-06, 0.433663
3.3e-09, -1.44e-06, 0.433663
3.3e-09, -1.56e-06, 0.433663
3.3e-09, -1.68e-06, 0.433663
3.3e-09, -1.8e-06, 0.433663
3.3e-09, -1.92e-06, 0.433663
3.3e-09, -2.04e-06, 0.433663
3.3e-09, -2.16e-06, 0.433663
3.3e-09, -2.28e-06, 0.433663
3.3e-09, -2.4e-06, 0.433726
3.3e-09, -2.52e-06, 0.575472
3.3e-09, -2.64e-06, 0.575475
3.3e-09, -2.76e-06, 0.575475
3.3e-09, -2.88e-06, 0.575475
3.3e-09, -3e-06, 0.575475
3.3e-09, -3.12e-06, 0.575475
3.3e-09, -3.24e-06, 0.575475
3.3e-09, -3.36e-06, 0.575475
3.3e-09, -3.48e-06, 0.575483
3.3e-09, -3.6e-06, 0.909215
3.4e-09, -0, 0.909215
3.4e-09, -1.2e-07, 0.575483
3.4e-09, -2.4e-07, 0.575475
3.4e-09, -3.6e-07, 0.575475
3.4e-09, -4.8e-07, 0.575475
3.4e-09, -6e-07, 0.575475
3.4e-09, -7.2e-07, 0.575475
3.4e-09, -8.4e-07, 0.575475
3.4e-09, -9.6e-07, 0.575475
3.4e-09, -1.08e-06, 0.575472
3.4e-09, -1.2e-06, 0.433726
3.4e-09, -1.32e-06, 0.433663
3.4e-09, -1.44e-06, 0.433663
3.4e-09, -1.56e-06, 0.433663
3.4e-09, -1.68e-06, 0.433663
3.4e-09, -1.8e-06, 0.433663
3.4e-09, -1.92e-06, 0.433663
3.4e-09, -2.04e-06, 0.433663
3.4e-09, -2.16e-06, 0.433663
3.4e-09, -2.28e-06, 0.433663
3.4e-09, -2.4e-06, 0.433726
3.4e-09, -2.52e-06, 0.575472
3.4e-09, -2.64e-06, 0.575475
3.4e-09, -2.76e-06, 0.575475
3.4e-09, -2.88e-06, 0.575475
3.4e-09, -3e-06, 0.575475
3.4e-09, -3.12e-06, 0.575475
3.4e-09, -3.24e-06, 0.575475
3.4e-09, -3.36e-06, 0.575475
3.4e-09, -3.48e-06, 0.575483
3.4e-09, -3.6e-06, 0.909215
3.5e-09, -0, 0.909215
3.5e-09, -1.2e-07, 0.575483
3.5e-09, -2.4e-07, 0.575475
3.5e-09, -3.6e-07, 0.575475
3.5e-09, -4.8e-07, 0.575475
3.5e-09, -6e-07, 0.575475
3.5e-09, -7.2e-07, 0.575475
3.5e-09, -8.4e-07, 0.575475
3.5e-09, -9.6e-07, 0.575475
3.5e-09, -1.08e-06, 0.575472
3.5e-09, -1.2e-06, 0.433726
3.5e-09, -1.32e-06, 0.433664
3.5e-09, -1.44e-06, 0.433664
3.5e-09, -1.56e-06, 0.433664
3.5e-09, -1.68e-06, 0.433664
3.5e-09, -1.8e-06, 0.433664
3.5e-09, -1.92e-06, 0.433664
3.5e-09, -2.04e-06, 0.433664
3.5e-09, -2.16e-06, 0.433664
3.5e-09, -2.28e-06, 0.433664
3.5e-09, -2.4e-06, 0.433726
3.5e-09, -2.52e-06, 0.575472
3.5e-09, -2.64e-06, 0.575475
3.5e-09, -2.76e-06, 0.575475
3.5e-09, -2.88e-06, 0.575475
3.5e-09, -3e-06, 0.575475
3.5e-09, -3.12e-06, 0.575475
3.5e-09, -3.24e-06, 0.575475
3.5e-09, -3.36e-06, 0.575475
3.5e-09, -3.48e-06, 0.575483
3.5e-09, -3.6e-06, 0.909215
3.6e-09, -0, 0.909215
3.6e-09, -1.2e-07, 0.575483
3.6e-09, -2.4e-07, 0.575475
3.6e-09, -3.6e-07, 0.575475
3.6e-09, -4.8e-07, 0.575475
3.6e-09, -6e-07, 0.575475
3.6e-09, -7.2e-07, 0.575475
3.6e-09, -8.4e-07, 0.575475
3.6e-09, -9.6e-07, 0.575475
3.6e-09, -1.08e-06, 0.575472
3.6e-09, -1.2e-06, 0.433726
3.6e-09, -1.32e-06, 0.433664
3.6e-09, -1.44e-06, 0.433664
3.6e-09, -1.56e-06, 0.433664
3.6e-09, -1.68e-06, 0.433664
3.6e-09, -1.8e-06, 0.433664
3.6e-09, -1.92e-06, 0.433664
3.6e-09, -2.04e-06, 0.433664
3.6e-09, -2.16e-06, 0.433664
3.6e-09, -2.28e-06, 0.433664
3.6e-09, -2.4e-06, 0.433726
3.6e-09, -2.52e-06, 0.575472
3.6e-09, -2.64e-06, 0.575475
3.6e-09, -2.76e-06, 0.575475
3.6e-09, -2.88e-06, 0.575475
3.6e-09, -3e-06, 0.575475
3.6e-09, -3.12e-06, 0.575475
3.6e-09, -3.24e-06, 0.575475
3.6e-09, -3.36e-06, 0.575475
3.6e-09, -3.48e-06, 0.575483
3.6e-09, -3.6e-06, 0.909215
3.7e-09, -0, 0.909215
3.7e-09, -1.2e-07, 0.575483
3.7e-09, -2.4e-07, 0.575475
3.7e-09, -3.6e-07, 0.575475
3.7e-09, -4.8e-07, 0.575475
3.7e-09, -6e-07, 0.575475
3.7e-09, -7.2e-07, 0.575475
3.7e-09, -8.4e-07, 0.575475
3.7e-09, -9.6e-07, 0.575475
3.7e-09, -1.08e-06, 0.575472
3.7e-09, -1.2e-06, 0.433726
3.7e-09, -1.32e-06, 0.433665
3.7e-09, -1.44e-06, 0.433665
3.7e-09, -1.56e-06, 0.433665
3.7e-09, -1.68e-06, 0.433665
3.7e-09, -1.8e-06, 0.433665
3.7e-09, -1.92e-06, 0.433665
3.7e-09, -2.04e-06, 0.433665
3.7e-09, -2.16e-06, 0.433665
3.7e-09, -2.28e-06, 0.433665
3.7e-09, -2.4e-06, 0.433726
3.7e-09, -2.52e-06, 0.575472
3.7e-09, -2.64e-06, 0.575475
3.7e-09, -2.76e-06, 0.575475
3.7e-09, -2.88e-06, 0.575475
3.7e-09, -3e-06, 0.575475
3.7e-09, -3.12e-06, 0.575475
3.7e-09, -3.24e-06, 0.575475
3.7e-09, -3.36e-06, 0.575475
3.7e-09, -3.48e-06, 0.575483
3.7e-09, -3.6e-06, 0.909215
3.8e-09, -0, 0.909215
3.8e-09, -1.2e-07, 0.575483
3.8e-09, -2.4e-07, 0.575475
3.8e-09, -3.6e-07, 0.575475
3.8e-09, -4.8e-07, 0.575475
3.8e-09, -6e-07, 0.575475
3.8e-09, -7.2e-07, 0.575475
3.8e-09, -8.4e-07, 0.575475
3.8e-09, -9.6e-07, 0.575475
3.8e-09, -1.08e-06, 0.575472
3.8e-09, -1.2e-06, 0.433726
3.8e-09, -1.32e-06, 0.433666
3.8e-09, -1.44e-06, 0.433666
3.8e-09, -1.56e-06, 0.433666
3.8e-09, -1.68e-06, 0.433666
3.8e-09, -1.8e-06, 0.433666
3.8e-09, -1.92e-06, 0.433666
3.8e-09, -2.04e-06, 0.433666
3.8e-09, -2.16e-06, 0.433666
3.8e-09, -2.28e-06, 0.433666
3.8e-09, -2.4e-06, 0.433726
3.8e-09, -2.52e-06, 0.575472
3.8e-09, -2.64e-06, 0.575475
3.8e-09, -2.76e-06, 0.575475
3.8e-09, -2.88e-06, 0.575475
3.8e-09, -3e-06, 0.575475
3.8e-09, -3.12e-06, 0.575475
3.8e-09, -3.24e-06, 0.575475
3.8e-09, -3.36e-06, 0.575475
3.8e-09, -3.48e-06, 0.575483
3.8e-09, -3.6e-06, 0.909215
3.9e-09, -0, 0.909215
3.9e-09, -1.2e-07, 0.575483
3.9e-09, -2.4e-07, 0.575475
3.9e-09, -3.6e-07, 0.575475
3.9e-09, -4.8e-07, 0.575475
3.9e-09, -6e-07, 0.575475
3.9e-09, -7.2e-07, 0.575475
3.9e-09, -8.4e-07, 0.575475
3.9e-09, -9.6e-07, 0.575475
3.9e-09, -1.08e-06, 0.575472
3.9e-09, -1.2e-06, 0.433726
3.9e-09, -1.32e-06, 0.433667
3.9e-09, -1.44e-06, 0.433667
3.9e-09, -1.56e-06, 0.433667
3.9e-09, -1.68e-06, 0.433667
3.9e-09, -1.8e-06, 0.433667
3.9e-09, -1.92e-06, 0.433667
3.9e-09, -2.04e-06, 0.433667
3.9e-09, -2.16e-06, 0.433667
3.9e-09, -2.28e-06, 0.433667
3.9e-09, -2.4e-06, 0.433726
3.9e-09, -2.52e-06, 0.575472
3.9e-09, -2.64e-06, 0.575475
3.9e-09, -2.76e-06, 0.575475
3.9e-09, -2.88e-06, 0.575475
3.9e-09, -3e-06, 0.575475
3.9e-09, -3.12e-06, 0.575475
3.9e-09, -3.24e-06, 0.575475
3.9e-09, -3.36e-06, 0.575475
3.9e-09, -3.48e-06, 0.575483
3.9e-09, -3.6e-06, 0.909215
4e-09, -0, 0.909215
4e-09, -1.2e-07, 0.575483
4e-09, -2.4e-07, 0.575475
4e-09, -3.6e-07, 0.575475
4e-09, -4.8e-07, 0.575475
4e-09, -6e-07, 0.575475
4e-09, -7.2e-07, 0.575475
4e-09, -8.4e-07, 0.575475
4e-09, -9.6e-07, 0.575475
4e-09, -1.08e-06, 0.575472
4e-09, -1.2e-06, 0.433727
4e-09, -1.32e-06, 0.433668
4e-09, -1.44e-06, 0.433668
4e-09, -1.56e-06, 0.433668
4e-09, -1.68e-06, 0.433668
4e-09, -1.8e-06, 0.433668
4e-09, -1.92e-06, 0.433668
4e-09, -2.04e-06, 0.433668
4e-09, -2.16e-06, 0.433668
4e-09, -2.28e-06, 0.433668
4e-09, -2.4e-06, 0.433727
4e-09, -2.52e-06, 0.575472
4e-09, -2.64e-06, 0.575475
4e-09, -2.76e-06, 0.575475
4e-09, -2.88e-06, 0.575475
4e-09, -3e-06, 0.575475
4e-09, -3.12e-06, 0.575475
4e-09, -3.24e-06, 0.575475
4e-09, -3.36e-06, 0.575475
4e-09, -3.48e-06, 0.575483
4e-09, -3.6e-06, 0.909215
4.1e-09, -0, 0.909215
4.1e-09, -1.2e-07, 0.575483
4.1e-09, -2.4e-07, 0.575475
4.1e-09, -3.6e-07, 0.575475
4.1e-09, -4.8e-07, 0.575475
4.1e-09, -6e-07, 0.575475
4.1e-09, -7.2e-07, 0.575475
4.1e-09, -8.4e-07, 0.575475
4.1e-09, -9.6e-07, 0.575475
4.1e-09, -1.08e-06, 0.575472
4.1e-09, -1.2e-06, 0.433727
4.1e-09, -1.32e-06, 0.433669
4.1e-09, -1.44e-06, 0.433669
4.1e-09, -1.56e-06, 0.433669
4.1e-09, -1.68e-06, 0.433669
4.1e-09, -1.8e-06, 0.433669
4.1e-09, -1.92e-06, 0.433669
4.1e-09, -2.04e-06, 0.433669
4.1e-09, -2.16e-06, 0.433669
4.1e-09, -2.28e-06, 0.433669
4.1e-09, -2.4e-06, 0.433727
4.1e-09, -2.52e-06, 0.575472
4.1e-09, -2.64e-06, 0.575475
4.1e-09, -2.76e-06, 0.575475
4.1e-09, -2.88e-06, 0.575475
4.1e-09, -3e-06, 0.575475
4.1e-09, -3.12e-06, 0.575475
4.1e-09, -3.24e-06, 0.575475
4.1e-09, -3.36e-06, 0.575475
4.1e-09, -3.48e-06, 0.575483
4.1e-09, -3.6e-06, 0.909215
4.2e-09, -0, 0.909215
4.2e-09, -1.2e-07, 0.575483
4.2e-09, -2.4e-07, 0.575475
4.2e-09, -3.6e-07, 0.575475
4.2e-09, -4.8e-07, 0.575475
4.2e-09, -6e-07, 0.575475
4.2e-09, -7.2e-07, 0.575475
4.2e-09, -8.4e-07, 0.575475
4.2e-09, -9.6e-07, 0.575475
4.2e-09, -1.08e-06, 0.575472
4.2e-09, -1.2e-06, 0.433727
4.2e-09, -1.32e-06, 0.433671
4.2e-09, -1.44e-06, 0.433671
4.2e-09, -1.56e-06, 0.433671
4.2e-09, -1.68e-06, 0.433671
4.2e-09, -1.8e-06, 0.433671
4.2e-09, -1.92e-06, 0.433671
4.2e-09, -2.04e-06, 0.433671
4.2e-09, -2.16e-06, 0.433671
4.2e-09, -2.28e-06, 0.433671
4.2e-09, -2.4e-06, 0.433727
4.2e-09, -2.52e-06, 0.575472
4.2e-09, -2.64e-06, 0.575475
4.2e-09, -2.76e-06, 0.575475
4.2e-09, -2.88e-06, 0.575475
4.2e-09, -3e-06, 0.575475
4.2e-09, -3.12e-06, 0.575475
4.2e-09, -3.24e-06, 0.575475
4.2e-09, -3.36e-06, 0.575475
4.2e-09, -3.48e-06, 0.575483
4.2e-09, -3.6e-06, 0.909215
4.3e-09, -0, 0.909215
4.3e-09, -1.2e-07, 0.575483
4.3e-09, -2.4e-07, 0.575475
4.3e-09, -3.6e-07, 0.575475
4.3e-09, -4.8e-07, 0.575475
4.3e-09, -6e-07, 0.575475
4.3e-09, -7.2e-07, 0.575475
4.3e-09, -8.4e-07, 0.575475
4.3e-09, -9.6e-07, 0.575475
4.3e-09, -1.08e-06, 0.575472
4.3e-09, -1.2e-06, 0.433727
4.3e-09, -1.32e-06, 0.433672
4.3e-09, -1.44e-06, 0.433672
4.3e-09, -1.56e-06, 0.433672
4.3e-09, -1.68e-06, 0.433672
4.3e-09, -1.8e-06, 0.433672
4.3e-09, -1.92e-06, 0.433672
4.3e-09, -2.04e-06, 0.433672
4.3e-09, -2.16e-06, 0.433672
4.3e-09, -2.28e-06, 0.433672
4.3e-09, -2.4e-06, 0.433727
4.3e-09, -2.52e-06, 0.575472
4.3e-09, -2.64e-06, 0.575475
4.3e-09, -2.76e-06, 0.575475
4.3e-09, -2.88e-06, 0.575475
4.3e-09, -3e-06, 0.575475
4.3e-09, -3.12e-06, 0.575475
4.3e-09, -3.24e-06, 0.575475
4.3e-09, -3.36e-06, 0.575475
4.3e-09, -3.48e-06, 0.575483
4.3e-09, -3.6e-06, 0.909215
4.4e-09, -0, 0.909215
4.4e-09, -1.2e-07, 0.575483
4.4e-09, -2.4e-07, 0.575475
4.4e-09, -3.6e-07, 0.575475
4.4e-09, -4.8e-07, 0.575475
4.4e-09, -6e-07, 0.575475
4.4e-09, -7.2e-07, 0.575475
4.4e-09, -8.4e-07, 0.575475
4.4e-09, -9.6e-07, 0.575475
4.4e-09, -1.08e-06, 0.575472
4.4e-09, -1.2e-06, 0.433728
4.4e-09, -1.32e-06, 0.433674
4.4e-09, -1.44e-06, 0.433673
4.4e-09, -1.56e-06, 0.433673
4.4e-09, -1.68e-06, 0.433673
4.4e-09, -1.8e-06, 0.433673
4.4e-09, -1.92e-06, 0.433673
4.4e-09, -2.04e-06, 0.433673
4.4e-09, -2.16e-06, 0.433673
4.4e-09, -2.28e-06, 0.433674
4.4e-09, -2.4e-06, 0.433728
4.4e-09, -2.52e-06, 0.575472
4.4e-09, -2.64e-06, 0.575475
4.4e-09, -2.76e-06, 0.575475
4.4e-09, -2.88e-06, 0.575475
4.4e-09, -3e-06, 0.575475
4.4e-09, -3.12e-06, 0.575475
4.4e-09, -3.24e-06, 0.575475
4.4e-09, -3.36e-06, 0.575475
4.4e-09, -3.48e-06, 0.575483
4.4e-09, -3.6e-06, 0.909215
4.5e-09, -0, 0.909215
4.5e-09, -1.2e-07, 0.575483
4.5e-09, -2.4e-07, 0.575475
4.5e-09, -3.6e-07, 0.575475
4.5e-09, -4.8e-07, 0.575475
4.5e-09, -6e-07, 0.575475
4.5e-09, -7.2e-07, 0.575475
4.5e-09, -8.4e-07, 0.575475
4.5e-09, -9.6e-07, 0.575475
4.5e-09, -1.08e-06, 0.575472
4.5e-09, -1.2e-06, 0.433728
4.5e-09, -1.32e-06, 0.433675
4.5e-09, -1.44e-06, 0.433675
4.5e-09, -1.56e-06, 0.433675
4.5e-09, -1.68e-06, 0.433675
4.5e-09, -1.8e-06, 0.433675
4.5e-09, -1.92e-06, 0.433675
4.5e-09, -2.04e-06, 0.433675
4.5e-09, -2.16e-06, 0.433675
4.5e-09, -2.28e-06, 0.433675
4.5e-09, -2.4e-06, 0.433728
4.5e-09, -2.52e-06, 0.575472
4.5e-09, -2.64e-06, 0.575475
4.5e-09, -2.76e-06, 0.575475
4.5e-09, -2.88e-06, 0.575475
4.5e-09, -3e-06, 0.575475
4.5e-09, -3.12e-06, 0.575475
4.5e-09, -3.24e-06, 0.575475
4.5e-09, -3.36e-06, 0.575475
4.5e-09, -3.48e-06, 0.575483
4.5e-09, -3.6e-06, 0.909215
4.6e-09, -0, 0.909215
4.6e-09, -1.2e-07, 0.575484
4.6e-09, -2.4e-07, 0.575475
4.6e-09, -3.6e-07, 0.575475
4.6e-09, -4.8e-07, 0.575475
4.6e-09, -6e-07, 0.575475
4.6e-09, -7.2e-07, 0.575475
4.6e-09, -8.4e-07, 0.575475
4.6e-09, -9.6e-07, 0.575475
4.6e-09, -1.08e-06, 0.575472
4.6e-09, -1.2e-06, 0.433728
4.6e-09, -1.32e-06, 0.433677
4.6e-09, -1.44e-06, 0.433677
4.6e-09, -1.56e-06, 0.433677
4.6e-09, -1.68e-06, 0.433677
4.6e-09, -1.8e-06, 0.433677
4.6e-09, -1.92e-06, 0.433677
4.6e-09, -2.04e-06, 0.433677
4.6e-09, -2.16e-06, 0.433677
4.6e-09, -2.28e-06, 0.433677
4.6e-09, -2.4e-06, 0.433728
4.6e-09, -2.52e-06, 0.575472
4.6e-09, -2.64e-06, 0.575475
4.6e-09, -2.76e-06, 0.575475
4.6e-09, -2.88e-06, 0.575475
4.6e-09, -3e-06, 0.575475
4.6e-09, -3.12e-06, 0.575475
4.6e-09, -3.24e-06, 0.575475
4.6e-09, -3.36e-06, 0.575475
4.6e-09, -3.48e-06, 0.575484
4.6e-09, -3.6e-06, 0.909215
4.7e-09, -0, 0.909215
4.7e-09, -1.2e-07, 0.575484
4.7e-09, -2.4e-07, 0.575475
4.7e-09, -3.6e-07, 0.575475
4.7e-09, -4.8e-07, 0.575475
4.7e-09, -6e-07, 0.575475
4.7e-09, -7.2e-07, 0.575475
4.7e-09, -8.4e-07, 0.575475
4.7e-09, -9.6e-07, 0.575475
4.7e-09, -1.08e-06, 0.575472
4.7e-09, -1.2e-06, 0.433729
4.7e-09, -1.32e-06, 0.433679
4.7e-09, -1.44e-06, 0.433679
4.7e-09, -1.56e-06, 0.433679
4.7e-09, -1.68e-06, 0.433679
4.7e-09, -1.8e-06, 0.433679
4.7e-09, -1.92e-06, 0.433679
4.7e-09, -2.04e-06, 0.433679
4.7e-09, -2.16e-06, 0.433679
4.7e-09, -2.28e-06, 0.433679
4.7e-09, -2.4e-06, 0.433729
4.7e-09, -2.52e-06, 0.575472
4.7e-09, -2.64e-06, 0.575475
4.7e-09, -2.76e-06, 0.575475
4.7e-09, -2.88e-06, 0.575475
4.7e-09, -3e-06, 0.575475
4.7e-09, -3.12e-06, 0.575475
4.7e-09, -3.24e-06, 0.575475
4.7e-09, -3.36e-06, 0.575475
4.7e-09, -3.48e-06, 0.575484
4.7e-09, -3.6e-06, 0.909215
4.8e-09, -0, 0.909215
4.8e-09, -1.2e-07, 0.575484
4.8e-09, -2.4e-07, 0.575475
4.8e-09, -3.6e-07, 0.575475
4.8e-09, -4.8e-07, 0.575475
4.8e-09, -6e-07, 0.575475
4.8e-09, -7.2e-07, 0.575475
4.8e-09, -8.4e-07, 0.575475
4.8e-09, -9.6e-07, 0.575475
4.8e-09, -1.08e-06, 0.575472
4.8e-09, -1.2e-06, 0.433729
4.8e-09, -1.32e-06, 0.433681
4.8e-09, -1.44e-06, 0.433681
4.8e-09, -1.56e-06, 0.433681
4.8e-09, -1.68e-06, 0.433681
4.8e-09, -1.8e-06, 0.433681
4.8e-09, -1.92e-06, 0.433681
4.8e-09, -2.04e-06, 0.433681
4.8e-09, -2.16e-06, 0.433681
4.8e-09, -2.28e-06, 0.433681
4.8e-09, -2.4e-06, 0.433729
4.8e-09, -2.52e-06, 0.575472
4.8e-09, -2.64e-06, 0.575475
4.8e-09, -2.76e-06, 0.575475
4.8e-09, -2.88e-06, 0.575475
4.8e-09, -3e-06, 0.575475
4.8e-09, -3.12e-06, 0.575475
4.8e-09, -3.24e-06, 0.575475
4.8e-09, -3.36e-06, 0.575475
4.8e-09, -3.48e-06, 0.575484
4.8e-09, -3.6e-06, 0.909215
4.9e-09, -0, 0.909215
4.9e-09, -1.2e-07, 0.575484
4.9e-09, -2.4e-07, 0.575475
4.9e-09, -3.6e-07, 0.575475
4.9e-09, -4.8e-07, 0.575475
4.9e-09, -6e-07, 0.575475
4.9e-09, -7.2e-07, 0.575475
4.9e-09, -8.4e-07, 0.575475
4.9e-09, -9.6e-07, 0.575475
4.9e-09, -1.08e-06, 0.575472
4.9e-09, -1.2e-06, 0.43373
4.9e-09, -1.32e-06, 0.433683
4.9e-09, -1.44e-06, 0.433683
4.9e-09, -1.56e-06, 0.433683
4.9e-09, -1.68e-06, 0.433683
4.9e-09, -1.8e-06, 0.433683
4.9e-09, -1.92e-06, 0.433683
4.9e-09, -2.04e-06, 0.433683
4.9e-09, -2.16e-06, 0.433683
4.9e-09, -2.28e-06, 0.433683
4.9e-09, -2.4e-06, 0.43373
4.9e-09, -2.52e-06, 0.575472
4.9e-09, -2.64e-06, 0.575475
4.9e-09, -2.76e-06, 0.575475
4.9e-09, -2.88e-06, 0.575475
4.9e-09, -3e-06, 0.575475
4.9e-09, -3.12e-06, 0.575475
4.9e-09, -3.24e-06, 0.575475
4.9e-09, -3.36e-06, 0.575475
4.9e-09, -3.48e-06, 0.575484
4.9e-09, -3.6e-06, 0.909215
5e-09, -0, 0.909215
5e-09, -1.2e-07, 0.575484
5e-09, -2.4e-07, 0.575475
5e-09, -3.6e-07, 0.575475
5e-09, -4.8e-07, 0.575475
5e-09, -6e-07, 0.575475
5e-09, -7.2e-07, 0.575475
5e-09, -8.4e-07, 0.575475
5e-09, -9.6e-07, 0.575475
5e-09, -1.08e-06, 0.575472
5e-09, -1.2e-06, 0.43373
5e-09, -1.32e-06, 0.433685
5e-09, -1.44e-06, 0.433685
5e-09, -1.56e-06, 0.433685
5e-09, -1.68e-06, 0.433685
5e-09, -1.8e-06, 0.433685
5e-09, -1.92e-06, 0.433685
5e-09, -2.04e-06, 0.433685
5e-09, -2.16e-06, 0.433685
5e-09, -2.28e-06, 0.433685
5e-09, -2.4e-06, 0.43373
5e-09, -2.52e-06, 0.575472
5e-09, -2.64e-06, 0.575475
5e-09, -2.76e-06, 0.575475
5e-09, -2.88e-06, 0.575475
5e-09, -3e-06, 0.575475
5e-09, -3.12e-06, 0.575475
5e-09, -3.24e-06, 0.575475
5e-09, -3.36e-06, 0.575475
5e-09, -3.48e-06, 0.575484
5e-09, -3.6e-06, 0.909215
5.1e-09, -0, 0.909215
5.1e-09, -1.2e-07, 0.575484
5.1e-09, -2.4e-07, 0.575475
5.1e-09, -3.6e-07, 0.575475
5.1e-09, -4.8e-07, 0.575475
5.1e-09, -6e-07, 0.575475
5.1e-09, -7.2e-07, 0.575475
5.1e-09, -8.4e-07, 0.575475
5.1e-09, -9.6e-07, 0.575475
5.1e-09, -1.08e-06, 0.575472
5.1e-09, -1.2e-06, 0.433731
5.1e-09, -1.32e-06, 0.433687
5.1e-09, -1.44e-06, 0.433687
5.1e-09, -1.56e-06, 0.433687
5.1e-09, -1.68e-06, 0.433687
5.1e-09, -1.8e-06, 0.433687
5.1e-09, -1.92e-06, 0.433687
5.1e-09, -2.04e-06, 0.433687
5.1e-09, -2.16e-06, 0.433687
5.1e-09, -2.28e-06, 0.433687
5.1e-09, -2.4e-06, 0.433731
5.1e-09, -2.52e-06, 0.575472
5.1e-09, -2.64e-06, 0.575475
5.1e-09, -2.76e-06, 0.575475
5.1e-09, -2.88e-06, 0.575475
5.1e-09, -3e-06, 0.575475
5.1e-09, -3.12e-06, 0.575475
5.1e-09, -3.24e-06, 0.575475
5.1e-09, -3.36e-06, 0.575475
5.1e-09, -3.48e-06, 0.575484
5.1e-09, -3.6e-06, 0.909215
5.2e-09, -0, 0.909215
5.2e-09, -1.2e-07, 0.575484
5.2e-09, -2.4e-07, 0.575475
5.2e-09, -3.6e-07, 0.575475
5.2e-09, -4.8e-07, 0.575475
5.2e-09, -6e-07, 0.575475
5.2e-09, -7.2e-07, 0.575475
5.2e-09, -8.4e-07, 0.575475
5.2e-09, -9.6e-07, 0.575475
5.2e-09, -1.08e-06, 0.575471
5.2e-09, -1.2e-06, 0.433731
5.2e-09, -1.32e-06, 0.43369
5.2e-09, -1.44e-06, 0.43369
5.2e-09, -1.56e-06, 0.43369
5.2e-09, -1.68e-06, 0.43369
5.2e-09, -1.8e-06, 0.43369
5.2e-09, -1.92e-06, 0.43369
5.2e-09, -2.04e-06, 0.43369
5.2e-09, -2.16e-06, 0.43369
5.2e-09, -2.28e-06, 0.43369
5.2e-09, -2.4e-06, 0.433731
5.2e-09, -2.52e-06, 0.575471
5.2e-09, -2.64e-06, 0.575475
5.2e-09, -2.76e-06, 0.575475
5.2e-09, -2.88e-06, 0.575475
5.2e-09, -3e-06, 0.575475
5.2e-09, -3.12e-06, 0.575475
5.2e-09, -3.24e-06, 0.575475
5.2e-09, -3.36e-06, 0.575475
5.2e-09, -3.48e-06, 0.575484
5.2e-09, -3.6e-06, 0.909215
5.3e-09, -0, 0.909215
5.3e-09, -1.2e-07, 0.575485
5.3e-09, -2.4e-07, 0.575475
5.3e-09, -3.6e-07, 0.575475
5.3e-09, -4.8e-07, 0.575475
5.3e-09, -6e-07, 0.575475
5.3e-09, -7.2e-07, 0.575475
5.3e-09, -8.4e-07, 0.575475
5.3e-09, -9.6e-07, 0.575475
5.3e-09, -1.08e-06, 0.575471
5.3e-09, -1.2e-06, 0.433732
5.3e-09, -1.32e-06, 0.433692
5.3e-09, -1.44e-06, 0.433692
5.3e-09, -1.56e-06, 0.433692
5.3e-09, -1.68e-06, 0.433692
5.3e-09, -1.8e-06, 0.433692
5.3e-09, -1.92e-06, 0.433692
5.3e-09, -2.04e-06, 0.433692
5.3e-09, -2.16e-06, 0.433692
5.3e-09, -2.28e-06, 0.433692
5.3e-09, -2.4e-06, 0.433732
5.3e-09, -2.52e-06, 0.575471
5.3e-09, -2.64e-06, 0.575475
5.3e-09, -2.76e-06, 0.575475
5.3e-09, -2.88e-06, 0.575475
5.3e-09, -3e-06, 0.575475
5.3e-09, -3.12e-06, 0.575475
5.3e-09, -3.24e-06, 0.575475
5.3e-09, -3.36e-06, 0.575475
5.3e-09, -3.48e-06, 0.575485
5.3e-09, -3.6e-06, 0.909215
5.4e-09, -0, 0.909215
5.4e-09, -1.2e-07, 0.575485
5.4e-09, -2.4e-07, 0.575475
5.4e-09, -3.6e-07, 0.575475
5.4e-09, -4.8e-07, 0.575475
5.4e-09, -6e-07, 0.575475
5.4e-09, -7.2e-07, 0.575475
5.4e-09, -8.4e-07, 0.575475
5.4e-09, -9.6e-07, 0.575475
5.4e-09, -1.08e-06, 0.575471
5.4e-09, -1.2e-06, 0.433732
5.4e-09, -1.32e-06, 0.433695
5.4e-09, -1.44e-06, 0.433695
5.4e-09, -1.56e-06, 0.433695
5.4e-09, -1.68e-06, 0.433695
5.4e-09, -1.8e-06, 0.433695
5.4e-09, -1.92e-06, 0.433695
5.4e-09, -2.04e-06, 0.433695
5.4e-09, -2.16e-06, 0.433695
5.4e-09, -2.28e-06, 0.433695
5.4e-09, -2.4e-06, 0.433732
5.4e-09, -2.52e-06, 0.575471
5.4e-09, -2.64e-06, 0.575475
5.4e-09, -2.76e-06, 0.575475
5.4e-09, -2.88e-06, 0.575475
5.4e-09, -3e-06, 0.575475
5.4e-09, -3.12e-06, 0.575475
5.4e-09, -3.24e-06, 0.575475
5.4e-09, -3.36e-06, 0.575475
5.4e-09, -3.48e-06, 0.575485
5.4e-09, -3.6e-06, 0.909215
5.5e-09, -0, 0.909215
5.5e-09, -1.2e-07, 0.575485
5.5e-09, -2.4e-07, 0.575475
5.5e-09, -3.6e-07, 0.575475
5.5e-09, -4.8e-07, 0.575475
5.5e-09, -6e-07, 0.575475
5.5e-09, -7.2e-07, 0.575475
5.5e-09, -8.4e-07, 0.575475
5.5e-09, -9.6e-07, 0.575475
5.5e-09, -1.08e-06, 0.575471
5.5e-09, -1.2e-06, 0.433733
5.5e-09, -1.32e-06, 0.433698
5.5e-09, -1.44e-06, 0.433698
5.5e-09, -1.56e-06, 0.433698
5.5e-09, -1.68e-06, 0.433698
5.5e-09, -1.8e-06, 0.433698
5.5e-09, -1.92e-06, 0.433698
5.5e-09, -2.04e-06, 0.433698
5.5e-09, -2.16e-06, 0.433698
5.5e-09, -2.28e-06, 0.433698
5.5e-09, -2.4e-06, 0.433733
5.5e-09, -2.52e-06, 0.575471
5.5e-09, -2.64e-06, 0.575475
5.5e-09, -2.76e-06, 0.575475
5.5e-09, -2.88e-06, 0.575475
5.5e-09, -3e-06, 0.575475
5.5e-09, -3.12e-06, 0.575475
5.5e-09, -3.24e-06, 0.575475
5.5e-09, -3.36e-06, 0.575475
5.5e-09, -3.48e-06, 0.575485
5.5e-09, -3.6e-06, 0.909215
5.6e-09, -0, 0.909213
5.6e-09, -1.2e-07, 0.575486
5.6e-09, -2.4e-07, 0.575475
5.6e-09, -3.6e-07, 0.575475
5.6e-09, -4.8e-07, 0.575475
5.6e-09, -6e-07, 0.575475
5.6e-09, -7.2e-07, 0.575475
5.6e-09, -8.4e-07, 0.575475
5.6e-09, -9.6e-07, 0.575475
5.6e-09, -1.08e-06, 0.575471
5.6e-09, -1.2e-06, 0.433734
5.6e-09, -1.32e-06, 0.433706
5.6e-09, -1.44e-06, 0.433706
5.6e-09, -1.56e-06, 0.433706
5.6e-09, -1.68e-06, 0.433706
5.6e-09, -1.8e-06, 0.433706
5.6e-09, -1.92e-06, 0.433706
5.6e-09, -2.04e-06, 0.433706
5.6e-09, -2.16e-06, 0.433706
5.6e-09, -2.28e-06, 0.433706
5.6e-09, -2.4e-06, 0.433734
5.6e-09, -2.52e-06, 0.575471
5.6e-09, -2.64e-06, 0.575475
5.6e-09, -2.76e-06, 0.575475
5.6e-09, -2.88e-06, 0.575475
5.6e-09, -3e-06, 0.575475
5.6e-09, -3.12e-06, 0.575475
5.6e-09, -3.24e-06, 0.575475
5.6e-09, -3.36e-06, 0.575475
5.6e-09, -3.48e-06, 0.575486
5.6e-09, -3.6e-06, 0.909213
5.7e-09, -0, 0.909211
5.7e-09, -1.2e-07, 0.575487
5.7e-09, -2.4e-07, 0.575475
5.7e-09, -3.6e-07, 0.575475
5.7e-09, -4.8e-07, 0.575475
5.7e-09, -6e-07, 0.575475
5.7e-09, -7.2e-07, 0.575475
5.7e-09, -8.4e-07, 0.575475
5.7e-09, -9.6e-07, 0.575475
5.7e-09, -1.08e-06, 0.57547
5.7e-09, -1.2e-06, 0.433736
5.7e-09, -1.32e-06, 0.433715
5.7e-09, -1.44e-06, 0.433715
5.7e-09, -1.56e-06, 0.433715
5.7e-09, -1.68e-06, 0.433715
5.7e-09, -1.8e-06, 0.433715
5.7e-09, -1.92e-06, 0.433715
5.7e-09, -2.04e-06, 0.433715
5.7e-09, -2.16e-06, 0.433715
5.7e-09, -2.28e-06, 0.433715
5.7e-09, -2.4e-06, 0.433736
5.7e-09, -2.52e-06, 0.57547
5.7e-09, -2.64e-06, 0.575475
5.7e-09, -2.76e-06, 0.575475
5.7e-09, -2.88e-06, 0.575475
5.7e-09, -3e-06, 0.575475
5.7e-09, -3.12e-06, 0.575475
5.7e-09, -3.24e-06, 0.575475
5.7e-09, -3.36e-06, 0.575475
5.7e-09, -3.48e-06, 0.575487
5.7e-09, -3.6e-06, 0.909211
5.8e-09, -0, 0.90921
5.8e-09, -1.2e-07, 0.575488
5.8e-09, -2.4e-07, 0.575475
5.8e-09, -3.6e-07, 0.575475
5.8e-09, -4.8e-07, 0.575475
5.8e-09, -6e-07, 0.575475
5.8e-09, -7.2e-07, 0.575475
5.8e-09, -8.4e-07, 0.575475
5.8e-09, -9.6e-07, 0.575475
5.8e-09, -1.08e-06, 0.57547
5.8e-09, -1.2e-06, 0.433737
5.8e-09, -1.32e-06, 0.433723
5.8e-09, -1.44e-06, 0.433723
5.8e-09, -1.56e-06, 0.433723
5.8e-09, -1.68e-06, 0.433723
5.8e-09, -1.8e-06, 0.433723
5.8e-09, -1.92e-06, 0.433723
5.8e-09, -2.04e-06, 0.433723
5.8e-09, -2.16e-06, 0.433723
5.8e-09, -2.28e-06, 0.433723
5.8e-09, -2.4e-06, 0.433737
5.8e-09, -2.52e-06, 0.57547
5.8e-09, -2.64e-06, 0.575475
5.8e-09, -2.76e-06, 0.575475
5.8e-09, -2.88e-06, 0.575475
5.8e-09, -3e-06, 0.575475
5.8e-09, -3.12e-06, 0.575475
5.8e-09, -3.24e-06, 0.575475
5.8e-09, -3.36e-06, 0.575475
5.8e-09, -3.48e-06, 0.575488
5.8e-09, -3.6e-06, 0.90921
5.9e-09, -0, 0.909209
5.9e-09, -1.2e-07, 0.575488
5.9e-09, -2.4e-07, 0.575475
5.9e-09, -3.6e-07, 0.575475
5.9e-09, -4.8e-07, 0.575475
5.9e-09, -6e-07, 0.575475
5.9e-09, -7.2e-07, 0.575475
5.9e-09, -8.4e-07, 0.575475
5.9e-09, -9.6e-07, 0.575475
5.9e-09, -1.08e-06, 0.57547
5.9e-09, -1.2e-06, 0.433739
5.9e-09, -1.32e-06, 0.433732
5.9e-09, -1.44e-06, 0.433732
5.9e-09, -1.56e-06, 0.433732
5.9e-09, -1.68e-06, 0.433732
5.9e-09, -1.8e-06, 0.433732
5.9e-09, -1.92e-06, 0.433732
5.9e-09, -2.04e-06, 0.433732
5.9e-09, -2.16e-06, 0.433732
5.9e-09, -2.28e-06, 0.433732
5.9e-09, -2.4e-06, 0.433739
5.9e-09, -2.52e-06, 0.57547
5.9e-09, -2.64e-06, 0.575475
5.9e-09, -2.76e-06, 0.575475
5.9e-09, -2.88e-06, 0.575475
5.9e-09, -3e-06, 0.575475
5.9e-09, -3.12e-06, 0.575475
5.9e-09, -3.24e-06, 0.575475
5.9e-09, -3.36e-06, 0.575475
5.9e-09, -3.48e-06, 0.575488
5.9e-09, -3.6e-06, 0.909209
6e-09, -0, 0.909209
6e-09, -1.2e-07, 0.575488
6e-09, -2.4e-07, 0.575475
6e-09, -3.6e-07, 0.575475
6e-09, -4.8e-07, 0.575475
6e-09, -6e-07, 0.575475
6e-09, -7.2e-07, 0.575475
6e-09, -8.4e-07, 0.575475
6e-09, -9.6e-07, 0.575475
6e-09, -1.08e-06, 0.57547
6e-09, -1.2e-06, 0.43374
6e-09, -1.32e-06, 0.43374
6e-09, -1.44e-06, 0.43374
6e-09, -1.56e-06, 0.43374
6e-09, -1.68e-06, 0.43374
6e-09, -1.8e-06, 0.43374
6e-09, -1.92e-06, 0.43374
6e-09, -2.04e-06, 0.43374
6e-09, -2.16e-06, 0.43374
6e-09, -2.28e-06, 0.43374
6e-09, -2.4e-06, 0.43374
6e-09, -2.52e-06, 0.57547
6e-09, -2.64e-06, 0.575475
6e-09, -2.76e-06, 0.575475
6e-09, -2.88e-06, 0.575475
6e-09, -3e-06, 0.575475
6e-09, -3.12e-06, 0.575475
6e-09, -3.24e-06, 0.575475
6e-09, -3.36e-06, 0.575475
6e-09, -3.48e-06, 0.575488
6e-09, -3.6e-06, 0.909209
