0, -0, 0.909209
0, -1.2e-07, 0.575488
0, -2.4e-07, 0.575475
0, -3.6e-07, 0.575475
0, -4.8e-07, 0.575475
0, -6e-07, 0.575475
0, -7.2e-07, 0.575475
0, -8.4e-07, 0.575475
0, -9.6e-07, 0.575475
0, -1.08e-06, 0.575473
0, -1.2e-06, 0.53374
0, -1.32e-06, 0.53374
0, -1.44e-06, 0.53374
0, -1.56e-06, 0.53374
0, -1.68e-06, 0.53374
0, -1.8e-06, 0.53374
0, -1.92e-06, 0.53374
0, -2.04e-06, 0.53374
0, -2.16e-06, 0.53374
0, -2.28e-06, 0.53374
0, -2.4e-06, 0.53374
0, -2.52e-06, 0.575473
0, -2.64e-06, 0.575475
0, -2.76e-06, 0.575475
0, -2.88e-06, 0.575475
0, -3e-06, 0.575475
0, -3.12e-06, 0.575475
0, -3.24e-06, 0.575475
0, -3.36e-06, 0.575475
0, -3.48e-06, 0.575488
0, -3.6e-06, 0.909209
1e-10, -0, 0.909209
1e-10, -1.2e-07, 0.575488
1e-10, -2.4e-07, 0.575475
1e-10, -3.6e-07, 0.575475
1e-10, -4.8e-07, 0.575475
1e-10, -6e-07, 0.575475
1e-10, -7.2e-07, 0.575475
1e-10, -8.4e-07, 0.575475
1e-10, -9.6e-07, 0.575475
1e-10, -1.08e-06, 0.575473
1e-10, -1.2e-06, 0.530095
1e-10, -1.32e-06, 0.530094
1e-10, -1.44e-06, 0.530094
1e-10, -1.56e-06, 0.530094
1e-10, -1.68e-06, 0.530094
1e-10, -1.8e-06, 0.530094
1e-10, -1.92e-06, 0.530094
1e-10, -2.04e-06, 0.530094
1e-10, -2.16e-06, 0.530094
1e-10, -2.28e-06, 0.530094
1e-10, -2.4e-06, 0.530095
1e-10, -2.52e-06, 0.575473
1e-10, -2.64e-06, 0.575475
1e-10, -2.76e-06, 0.575475
1e-10, -2.88e-06, 0.575475
1e-10, -3e-06, 0.575475
1e-10, -3.12e-06, 0.575475
1e-10, -3.24e-06, 0.575475
1e-10, -3.36e-06, 0.575475
1e-10, -3.48e-06, 0.575488
1e-10, -3.6e-06, 0.909209
2e-10, -0, 0.90921
2e-10, -1.2e-07, 0.575488
2e-10, -2.4e-07, 0.575475
2e-10, -3.6e-07, 0.575475
2e-10, -4.8e-07, 0.575475
2e-10, -6e-07, 0.575475
2e-10, -7.2e-07, 0.575475
2e-10, -8.4e-07, 0.575475
2e-10, -9.6e-07, 0.575475
2e-10, -1.08e-06, 0.575473
2e-10, -1.2e-06, 0.526451
2e-10, -1.32e-06, 0.526447
2e-10, -1.44e-06, 0.526447
2e-10, -1.56e-06, 0.526447
2e-10, -1.68e-06, 0.526447
2e-10, -1.8e-06, 0.526447
2e-10, -1.92e-06, 0.526447
2e-10, -2.04e-06, 0.526447
2e-10, -2.16e-06, 0.526447
2e-10, -2.28e-06, 0.526447
2e-10, -2.4e-06, 0.526451
2e-10, -2.52e-06, 0.575473
2e-10, -2.64e-06, 0.575475
2e-10, -2.76e-06, 0.575475
2e-10, -2.88e-06, 0.575475
2e-10, -3e-06, 0.575475
2e-10, -3.12e-06, 0.575475
2e-10, -3.24e-06, 0.575475
2e-10, -3.36e-06, 0.575475
2e-10, -3.48e-06, 0.575488
2e-10, -3.6e-06, 0.90921
3e-10, -0, 0.909211
3e-10, -1.2e-07, 0.575487
3e-10, -2.4e-07, 0.575475
3e-10, -3.6e-07, 0.575475
3e-10, -4.8e-07, 0.575475
3e-10, -6e-07, 0.575475
3e-10, -7.2e-07, 0.575475
3e-10, -8.4e-07, 0.575475
3e-10, -9.6e-07, 0.575475
3e-10, -1.08e-06, 0.575473
3e-10, -1.2e-06, 0.522806
3e-10, -1.32e-06, 0.522801
3e-10, -1.44e-06, 0.522801
3e-10, -1.56e-06, 0.522801
3e-10, -1.68e-06, 0.522801
3e-10, -1.8e-06, 0.522801
3e-10, -1.92e-06, 0.522801
3e-10, -2.04e-06, 0.522801
3e-10, -2.16e-06, 0.522801
3e-10, -2.28e-06, 0.522801
3e-10, -2.4e-06, 0.522806
3e-10, -2.52e-06, 0.575473
3e-10, -2.64e-06, 0.575475
3e-10, -2.76e-06, 0.575475
3e-10, -2.88e-06, 0.575475
3e-10, -3e-06, 0.575475
3e-10, -3.12e-06, 0.575475
3e-10, -3.24e-06, 0.575475
3e-10, -3.36e-06, 0.575475
3e-10, -3.48e-06, 0.575487
3e-10, -3.6e-06, 0.909211
4e-10, -0, 0.909213
4e-10, -1.2e-07, 0.575486
4e-10, -2.4e-07, 0.575475
4e-10, -3.6e-07, 0.575475
4e-10, -4.8e-07, 0.575475
4e-10, -6e-07, 0.575475
4e-10, -7.2e-07, 0.575475
4e-10, -8.4e-07, 0.575475
4e-10, -9.6e-07, 0.575475
4e-10, -1.08e-06, 0.575473
4e-10, -1.2e-06, 0.519162
4e-10, -1.32e-06, 0.519155
4e-10, -1.44e-06, 0.519155
4e-10, -1.56e-06, 0.519155
4e-10, -1.68e-06, 0.519155
4e-10, -1.8e-06, 0.519155
4e-10, -1.92e-06, 0.519155
4e-10, -2.04e-06, 0.519155
4e-10, -2.16e-06, 0.519155
4e-10, -2.28e-06, 0.519155
4e-10, -2.4e-06, 0.519162
4e-10, -2.52e-06, 0.575473
4e-10, -2.64e-06, 0.575475
4e-10, -2.76e-06, 0.575475
4e-10, -2.88e-06, 0.575475
4e-10, -3e-06, 0.575475
4e-10, -3.12e-06, 0.575475
4e-10, -3.24e-06, 0.575475
4e-10, -3.36e-06, 0.575475
4e-10, -3.48e-06, 0.575486
4e-10, -3.6e-06, 0.909213
5e-10, -0, 0.909215
5e-10, -1.2e-07, 0.575485
5e-10, -2.4e-07, 0.575475
5e-10, -3.6e-07, 0.575475
5e-10, -4.8e-07, 0.575475
5e-10, -6e-07, 0.575475
5e-10, -7.2e-07, 0.575475
5e-10, -8.4e-07, 0.575475
5e-10, -9.6e-07, 0.575475
5e-10, -1.08e-06, 0.575473
5e-10, -1.2e-06, 0.515517
5e-10, -1.32e-06, 0.515509
5e-10, -1.44e-06, 0.515509
5e-10, -1.56e-06, 0.515509
5e-10, -1.68e-06, 0.515509
5e-10, -1.8e-06, 0.515509
5e-10, -1.92e-06, 0.515509
5e-10, -2.04e-06, 0.515509
5e-10, -2.16e-06, 0.515509
5e-10, -2.28e-06, 0.515509
5e-10, -2.4e-06, 0.515517
5e-10, -2.52e-06, 0.575473
5e-10, -2.64e-06, 0.575475
5e-10, -2.76e-06, 0.575475
5e-10, -2.88e-06, 0.575475
5e-10, -3e-06, 0.575475
5e-10, -3.12e-06, 0.575475
5e-10, -3.24e-06, 0.575475
5e-10, -3.36e-06, 0.575475
5e-10, -3.48e-06, 0.575485
5e-10, -3.6e-06, 0.909215
6e-10, -0, 0.909215
6e-10, -1.2e-07, 0.575485
6e-10, -2.4e-07, 0.575475
6e-10, -3.6e-07, 0.575475
6e-10, -4.8e-07, 0.575475
6e-10, -6e-07, 0.575475
6e-10, -7.2e-07, 0.575475
6e-10, -8.4e-07, 0.575475
6e-10, -9.6e-07, 0.575475
6e-10, -1.08e-06, 0.575474
6e-10, -1.2e-06, 0.514302
6e-10, -1.32e-06, 0.514293
6e-10, -1.44e-06, 0.514293
6e-10, -1.56e-06, 0.514293
6e-10, -1.68e-06, 0.514293
6e-10, -1.8e-06, 0.514293
6e-10, -1.92e-06, 0.514293
6e-10, -2.04e-06, 0.514293
6e-10, -2.16e-06, 0.514293
6e-10, -2.28e-06, 0.514293
6e-10, -2.4e-06, 0.514302
6e-10, -2.52e-06, 0.575474
6e-10, -2.64e-06, 0.575475
6e-10, -2.76e-06, 0.575475
6e-10, -2.88e-06, 0.575475
6e-10, -3e-06, 0.575475
6e-10, -3.12e-06, 0.575475
6e-10, -3.24e-06, 0.575475
6e-10, -3.36e-06, 0.575475
6e-10, -3.48e-06, 0.575485
6e-10, -3.6e-06, 0.909215
7e-10, -0, 0.909215
7e-10, -1.2e-07, 0.575485
7e-10, -2.4e-07, 0.575475
7e-10, -3.6e-07, 0.575475
7e-10, -4.8e-07, 0.575475
7e-10, -6e-07, 0.575475
7e-10, -7.2e-07, 0.575475
7e-10, -8.4e-07, 0.575475
7e-10, -9.6e-07, 0.575475
7e-10, -1.08e-06, 0.575474
7e-10, -1.2e-06, 0.513157
7e-10, -1.32e-06, 0.513147
7e-10, -1.44e-06, 0.513147
7e-10, -1.56e-06, 0.513147
7e-10, -1.68e-06, 0.513147
7e-10, -1.8e-06, 0.513147
7e-10, -1.92e-06, 0.513147
7e-10, -2.04e-06, 0.513147
7e-10, -2.16e-06, 0.513147
7e-10, -2.28e-06, 0.513147
7e-10, -2.4e-06, 0.513157
7e-10, -2.52e-06, 0.575474
7e-10, -2.64e-06, 0.575475
7e-10, -2.76e-06, 0.575475
7e-10, -2.88e-06, 0.575475
7e-10, -3e-06, 0.575475
7e-10, -3.12e-06, 0.575475
7e-10, -3.24e-06, 0.575475
7e-10, -3.36e-06, 0.575475
7e-10, -3.48e-06, 0.575485
7e-10, -3.6e-06, 0.909215
8e-10, -0, 0.909215
8e-10, -1.2e-07, 0.575484
8e-10, -2.4e-07, 0.575475
8e-10, -3.6e-07, 0.575475
8e-10, -4.8e-07, 0.575475
8e-10, -6e-07, 0.575475
8e-10, -7.2e-07, 0.575475
8e-10, -8.4e-07, 0.575475
8e-10, -9.6e-07, 0.575475
8e-10, -1.08e-06, 0.575474
8e-10, -1.2e-06, 0.512077
8e-10, -1.32e-06, 0.512067
8e-10, -1.44e-06, 0.512067
8e-10, -1.56e-06, 0.512067
8e-10, -1.68e-06, 0.512067
8e-10, -1.8e-06, 0.512067
8e-10, -1.92e-06, 0.512067
8e-10, -2.04e-06, 0.512067
8e-10, -2.16e-06, 0.512067
8e-10, -2.28e-06, 0.512067
8e-10, -2.4e-06, 0.512077
8e-10, -2.52e-06, 0.575474
8e-10, -2.64e-06, 0.575475
8e-10, -2.76e-06, 0.575475
8e-10, -2.88e-06, 0.575475
8e-10, -3e-06, 0.575475
8e-10, -3.12e-06, 0.575475
8e-10, -3.24e-06, 0.575475
8e-10, -3.36e-06, 0.575475
8e-10, -3.48e-06, 0.575484
8e-10, -3.6e-06, 0.909215
9e-10, -0, 0.909215
9e-10, -1.2e-07, 0.575484
9e-10, -2.4e-07, 0.575475
9e-10, -3.6e-07, 0.575475
9e-10, -4.8e-07, 0.575475
9e-10, -6e-07, 0.575475
9e-10, -7.2e-07, 0.575475
9e-10, -8.4e-07, 0.575475
9e-10, -9.6e-07, 0.575475
9e-10, -1.08e-06, 0.575474
9e-10, -1.2e-06, 0.511062
9e-10, -1.32e-06, 0.511051
9e-10, -1.44e-06, 0.511051
9e-10, -1.56e-06, 0.511051
9e-10, -1.68e-06, 0.511051
9e-10, -1.8e-06, 0.511051
9e-10, -1.92e-06, 0.511051
9e-10, -2.04e-06, 0.511051
9e-10, -2.16e-06, 0.511051
9e-10, -2.28e-06, 0.511051
9e-10, -2.4e-06, 0.511062
9e-10, -2.52e-06, 0.575474
9e-10, -2.64e-06, 0.575475
9e-10, -2.76e-06, 0.575475
9e-10, -2.88e-06, 0.575475
9e-10, -3e-06, 0.575475
9e-10, -3.12e-06, 0.575475
9e-10, -3.24e-06, 0.575475
9e-10, -3.36e-06, 0.575475
9e-10, -3.48e-06, 0.575484
9e-10, -3.6e-06, 0.909215
1e-09, -0, 0.909215
1e-09, -1.2e-07, 0.575484
1e-09, -2.4e-07, 0.575475
1e-09, -3.6e-07, 0.575475
1e-09, -4.8e-07, 0.575475
1e-09, -6e-07, 0.575475
1e-09, -7.2e-07, 0.575475
1e-09, -8.4e-07, 0.575475
1e-09, -9.6e-07, 0.575475
1e-09, -1.08e-06, 0.575474
1e-09, -1.2e-06, 0.510107
1e-09, -1.32e-06, 0.510096
1e-09, -1.44e-06, 0.510096
1e-09, -1.56e-06, 0.510096
1e-09, -1.68e-06, 0.510096
1e-09, -1.8e-06, 0.510096
1e-09, -1.92e-06, 0.510096
1e-09, -2.04e-06, 0.510096
1e-09, -2.16e-06, 0.510096
1e-09, -2.28e-06, 0.510096
1e-09, -2.4e-06, 0.510107
1e-09, -2.52e-06, 0.575474
1e-09, -2.64e-06, 0.575475
1e-09, -2.76e-06, 0.575475
1e-09, -2.88e-06, 0.575475
1e-09, -3e-06, 0.575475
1e-09, -3.12e-06, 0.575475
1e-09, -3.24e-06, 0.575475
1e-09, -3.36e-06, 0.575475
1e-09, -3.48e-06, 0.575484
1e-09, -3.6e-06, 0.909215
1.1e-09, -0, 0.909215
1.1e-09, -1.2e-07, 0.575484
1.1e-09, -2.4e-07, 0.575475
1.1e-09, -3.6e-07, 0.575475
1.1e-09, -4.8e-07, 0.575475
1.1e-09, -6e-07, 0.575475
1.1e-09, -7.2e-07, 0.575475
1.1e-09, -8.4e-07, 0.575475
1.1e-09, -9.6e-07, 0.575475
1.1e-09, -1.08e-06, 0.575474
1.1e-09, -1.2e-06, 0.509211
1.1e-09, -1.32e-06, 0.509199
1.1e-09, -1.44e-06, 0.509199
1.1e-09, -1.56e-06, 0.509199
1.1e-09, -1.68e-06, 0.509199
1.1e-09, -1.8e-06, 0.509199
1.1e-09, -1.92e-06, 0.509199
1.1e-09, -2.04e-06, 0.509199
1.1e-09, -2.16e-06, 0.509199
1.1e-09, -2.28e-06, 0.509199
1.1e-09, -2.4e-06, 0.509211
1.1e-09, -2.52e-06, 0.575474
1.1e-09, -2.64e-06, 0.575475
1.1e-09, -2.76e-06, 0.575475
1.1e-09, -2.88e-06, 0.575475
1.1e-09, -3e-06, 0.575475
1.1e-09, -3.12e-06, 0.575475
1.1e-09, -3.24e-06, 0.575475
1.1e-09, -3.36e-06, 0.575475
1.1e-09, -3.48e-06, 0.575484
1.1e-09, -3.6e-06, 0.909215
1.2e-09, -0, 0.909215
1.2e-09, -1.2e-07, 0.575484
1.2e-09, -2.4e-07, 0.575475
1.2e-09, -3.6e-07, 0.575475
1.2e-09, -4.8e-07, 0.575475
1.2e-09, -6e-07, 0.575475
1.2e-09, -7.2e-07, 0.575475
1.2e-09, -8.4e-07, 0.575475
1.2e-09, -9.6e-07, 0.575475
1.2e-09, -1.08e-06, 0.575474
1.2e-09, -1.2e-06, 0.508371
1.2e-09, -1.32e-06, 0.508359
1.2e-09, -1.44e-06, 0.508359
1.2e-09, -1.56e-06, 0.508359
1.2e-09, -1.68e-06, 0.508359
1.2e-09, -1.8e-06, 0.508359
1.2e-09, -1.92e-06, 0.508359
1.2e-09, -2.04e-06, 0.508359
1.2e-09, -2.16e-06, 0.508359
1.2e-09, -2.28e-06, 0.508359
1.2e-09, -2.4e-06, 0.508371
1.2e-09, -2.52e-06, 0.575474
1.2e-09, -2.64e-06, 0.575475
1.2e-09, -2.76e-06, 0.575475
1.2e-09, -2.88e-06, 0.575475
1.2e-09, -3e-06, 0.575475
1.2e-09, -3.12e-06, 0.575475
1.2e-09, -3.24e-06, 0.575475
1.2e-09, -3.36e-06, 0.575475
1.2e-09, -3.48e-06, 0.575484
1.2e-09, -3.6e-06, 0.909215
1.3e-09, -0, 0.909215
1.3e-09, -1.2e-07, 0.575484
1.3e-09, -2.4e-07, 0.575475
1.3e-09, -3.6e-07, 0.575475
1.3e-09, -4.8e-07, 0.575475
1.3e-09, -6e-07, 0.575475
1.3e-09, -7.2e-07, 0.575475
1.3e-09, -8.4e-07, 0.575475
1.3e-09, -9.6e-07, 0.575475
1.3e-09, -1.08e-06, 0.575474
1.3e-09, -1.2e-06, 0.507585
1.3e-09, -1.32e-06, 0.507573
1.3e-09, -1.44e-06, 0.507573
1.3e-09, -1.56e-06, 0.507573
1.3e-09, -1.68e-06, 0.507573
1.3e-09, -1.8e-06, 0.507573
1.3e-09, -1.92e-06, 0.507573
1.3e-09, -2.04e-06, 0.507573
1.3e-09, -2.16e-06, 0.507573
1.3e-09, -2.28e-06, 0.507573
1.3e-09, -2.4e-06, 0.507585
1.3e-09, -2.52e-06, 0.575474
1.3e-09, -2.64e-06, 0.575475
1.3e-09, -2.76e-06, 0.575475
1.3e-09, -2.88e-06, 0.575475
1.3e-09, -3e-06, 0.575475
1.3e-09, -3.12e-06, 0.575475
1.3e-09, -3.24e-06, 0.575475
1.3e-09, -3.36e-06, 0.575475
1.3e-09, -3.48e-06, 0.575484
1.3e-09, -3.6e-06, 0.909215
1.4e-09, -0, 0.909215
1.4e-09, -1.2e-07, 0.575484
1.4e-09, -2.4e-07, 0.575475
1.4e-09, -3.6e-07, 0.575475
1.4e-09, -4.8e-07, 0.575475
1.4e-09, -6e-07, 0.575475
1.4e-09, -7.2e-07, 0.575475
1.4e-09, -8.4e-07, 0.575475
1.4e-09, -9.6e-07, 0.575475
1.4e-09, -1.08e-06, 0.575474
1.4e-09, -1.2e-06, 0.506853
1.4e-09, -1.32e-06, 0.50684
1.4e-09, -1.44e-06, 0.50684
1.4e-09, -1.56e-06, 0.50684
1.4e-09, -1.68e-06, 0.50684
1.4e-09, -1.8e-06, 0.50684
1.4e-09, -1.92e-06, 0.50684
1.4e-09, -2.04e-06, 0.50684
1.4e-09, -2.16e-06, 0.50684
1.4e-09, -2.28e-06, 0.50684
1.4e-09, -2.4e-06, 0.506853
1.4e-09, -2.52e-06, 0.575474
1.4e-09, -2.64e-06, 0.575475
1.4e-09, -2.76e-06, 0.575475
1.4e-09, -2.88e-06, 0.575475
1.4e-09, -3e-06, 0.575475
1.4e-09, -3.12e-06, 0.575475
1.4e-09, -3.24e-06, 0.575475
1.4e-09, -3.36e-06, 0.575475
1.4e-09, -3.48e-06, 0.575484
1.4e-09, -3.6e-06, 0.909215
1.5e-09, -0, 0.909215
1.5e-09, -1.2e-07, 0.575483
1.5e-09, -2.4e-07, 0.575475
1.5e-09, -3.6e-07, 0.575475
1.5e-09, -4.8e-07, 0.575475
1.5e-09, -6e-07, 0.575475
1.5e-09, -7.2e-07, 0.575475
1.5e-09, -8.4e-07, 0.575475
1.5e-09, -9.6e-07, 0.575475
1.5e-09, -1.08e-06, 0.575474
1.5e-09, -1.2e-06, 0.506172
1.5e-09, -1.32e-06, 0.506159
1.5e-09, -1.44e-06, 0.506159
1.5e-09, -1.56e-06, 0.506159
1.5e-09, -1.68e-06, 0.506159
1.5e-09, -1.8e-06, 0.506159
1.5e-09, -1.92e-06, 0.506159
1.5e-09, -2.04e-06, 0.506159
1.5e-09, -2.16e-06, 0.506159
1.5e-09, -2.28e-06, 0.506159
1.5e-09, -2.4e-06, 0.506172
1.5e-09, -2.52e-06, 0.575474
1.5e-09, -2.64e-06, 0.575475
1.5e-09, -2.76e-06, 0.575475
1.5e-09, -2.88e-06, 0.575475
1.5e-09, -3e-06, 0.575475
1.5e-09, -3.12e-06, 0.575475
1.5e-09, -3.24e-06, 0.575475
1.5e-09, -3.36e-06, 0.575475
1.5e-09, -3.48e-06, 0.575483
1.5e-09, -3.6e-06, 0.909215
1.6e-09, -0, 0.909215
1.6e-09, -1.2e-07, 0.575483
1.6e-09, -2.4e-07, 0.575475
1.6e-09, -3.6e-07, 0.575475
1.6e-09, -4.8e-07, 0.575475
1.6e-09, -6e-07, 0.575475
1.6e-09, -7.2e-07, 0.575475
1.6e-09, -8.4e-07, 0.575475
1.6e-09, -9.6e-07, 0.575475
1.6e-09, -1.08e-06, 0.575474
1.6e-09, -1.2e-06, 0.50554
1.6e-09, -1.32e-06, 0.505527
1.6e-09, -1.44e-06, 0.505527
1.6e-09, -1.56e-06, 0.505527
1.6e-09, -1.68e-06, 0.505527
1.6e-09, -1.8e-06, 0.505527
1.6e-09, -1.92e-06, 0.505527
1.6e-09, -2.04e-06, 0.505527
1.6e-09, -2.16e-06, 0.505527
1.6e-09, -2.28e-06, 0.505527
1.6e-09, -2.4e-06, 0.50554
1.6e-09, -2.52e-06, 0.575474
1.6e-09, -2.64e-06, 0.575475
1.6e-09, -2.76e-06, 0.575475
1.6e-09, -2.88e-06, 0.575475
1.6e-09, -3e-06, 0.575475
1.6e-09, -3.12e-06, 0.575475
1.6e-09, -3.24e-06, 0.575475
1.6e-09, -3.36e-06, 0.575475
1.6e-09, -3.48e-06, 0.575483
1.6e-09, -3.6e-06, 0.909215
1.7e-09, -0, 0.909215
1.7e-09, -1.2e-07, 0.575483
1.7e-09, -2.4e-07, 0.575475
1.7e-09, -3.6e-07, 0.575475
1.7e-09, -4.8e-07, 0.575475
1.7e-09, -6e-07, 0.575475
1.7e-09, -7.2e-07, 0.575475
1.7e-09, -8.4e-07, 0.575475
1.7e-09, -9.6e-07, 0.575475
1.7e-09, -1.08e-06, 0.575474
1.7e-09, -1.2e-06, 0.504957
1.7e-09, -1.32e-06, 0.504944
1.7e-09, -1.44e-06, 0.504944
1.7e-09, -1.56e-06, 0.504944
1.7e-09, -1.68e-06, 0.504944
1.7e-09, -1.8e-06, 0.504944
1.7e-09, -1.92e-06, 0.504944
1.7e-09, -2.04e-06, 0.504944
1.7e-09, -2.16e-06, 0.504944
1.7e-09, -2.28e-06, 0.504944
1.7e-09, -2.4e-06, 0.504957
1.7e-09, -2.52e-06, 0.575474
1.7e-09, -2.64e-06, 0.575475
1.7e-09, -2.76e-06, 0.575475
1.7e-09, -2.88e-06, 0.575475
1.7e-09, -3e-06, 0.575475
1.7e-09, -3.12e-06, 0.575475
1.7e-09, -3.24e-06, 0.575475
1.7e-09, -3.36e-06, 0.575475
1.7e-09, -3.48e-06, 0.575483
1.7e-09, -3.6e-06, 0.909215
1.8e-09, -0, 0.909215
1.8e-09, -1.2e-07, 0.575483
1.8e-09, -2.4e-07, 0.575475
1.8e-09, -3.6e-07, 0.575475
1.8e-09, -4.8e-07, 0.575475
1.8e-09, -6e-07, 0.575475
1.8e-09, -7.2e-07, 0.575475
1.8e-09, -8.4e-07, 0.575475
1.8e-09, -9.6e-07, 0.575475
1.8e-09, -1.08e-06, 0.575474
1.8e-09, -1.2e-06, 0.504422
1.8e-09, -1.32e-06, 0.504408
1.8e-09, -1.44e-06, 0.504408
1.8e-09, -1.56e-06, 0.504408
1.8e-09, -1.68e-06, 0.504408
1.8e-09, -1.8e-06, 0.504408
1.8e-09, -1.92e-06, 0.504408
1.8e-09, -2.04e-06, 0.504408
1.8e-09, -2.16e-06, 0.504408
1.8e-09, -2.28e-06, 0.504408
1.8e-09, -2.4e-06, 0.504422
1.8e-09, -2.52e-06, 0.575474
1.8e-09, -2.64e-06, 0.575475
1.8e-09, -2.76e-06, 0.575475
1.8e-09, -2.88e-06, 0.575475
1.8e-09, -3e-06, 0.575475
1.8e-09, -3.12e-06, 0.575475
1.8e-09, -3.24e-06, 0.575475
1.8e-09, -3.36e-06, 0.575475
1.8e-09, -3.48e-06, 0.575483
1.8e-09, -3.6e-06, 0.909215
1.9e-09, -0, 0.909215
1.9e-09, -1.2e-07, 0.575483
1.9e-09, -2.4e-07, 0.575475
1.9e-09, -3.6e-07, 0.575475
1.9e-09, -4.8e-07, 0.575475
1.9e-09, -6e-07, 0.575475
1.9e-09, -7.2e-07, 0.575475
1.9e-09, -8.4e-07, 0.575475
1.9e-09, -9.6e-07, 0.575475
1.9e-09, -1.08e-06, 0.575474
1.9e-09, -1.2e-06, 0.503933
1.9e-09, -1.32e-06, 0.503918
1.9e-09, -1.44e-06, 0.503918
1.9e-09, -1.56e-06, 0.503918
1.9e-09, -1.68e-06, 0.503918
1.9e-09, -1.8e-06, 0.503918
1.9e-09, -1.92e-06, 0.503918
1.9e-09, -2.04e-06, 0.503918
1.9e-09, -2.16e-06, 0.503918
1.9e-09, -2.28e-06, 0.503918
1.9e-09, -2.4e-06, 0.503933
1.9e-09, -2.52e-06, 0.575474
1.9e-09, -2.64e-06, 0.575475
1.9e-09, -2.76e-06, 0.575475
1.9e-09, -2.88e-06, 0.575475
1.9e-09, -3e-06, 0.575475
1.9e-09, -3.12e-06, 0.575475
1.9e-09, -3.24e-06, 0.575475
1.9e-09, -3.36e-06, 0.575475
1.9e-09, -3.48e-06, 0.575483
1.9e-09, -3.6e-06, 0.909215
2e-09, -0, 0.909215
2e-09, -1.2e-07, 0.575483
2e-09, -2.4e-07, 0.575475
2e-09, -3.6e-07, 0.575475
2e-09, -4.8e-07, 0.575475
2e-09, -6e-07, 0.575475
2e-09, -7.2e-07, 0.575475
2e-09, -8.4e-07, 0.575475
2e-09, -9.6e-07, 0.575475
2e-09, -1.08e-06, 0.575474
2e-09, -1.2e-06, 0.503489
2e-09, -1.32e-06, 0.503474
2e-09, -1.44e-06, 0.503474
2e-09, -1.56e-06, 0.503474
2e-09, -1.68e-06, 0.503474
2e-09, -1.8e-06, 0.503474
2e-09, -1.92e-06, 0.503474
2e-09, -2.04e-06, 0.503474
2e-09, -2.16e-06, 0.503474
2e-09, -2.28e-06, 0.503474
2e-09, -2.4e-06, 0.503489
2e-09, -2.52e-06, 0.575474
2e-09, -2.64e-06, 0.575475
2e-09, -2.76e-06, 0.575475
2e-09, -2.88e-06, 0.575475
2e-09, -3e-06, 0.575475
2e-09, -3.12e-06, 0.575475
2e-09, -3.24e-06, 0.575475
2e-09, -3.36e-06, 0.575475
2e-09, -3.48e-06, 0.575483
2e-09, -3.6e-06, 0.909215
2.1e-09, -0, 0.909215
2.1e-09, -1.2e-07, 0.575483
2.1e-09, -2.4e-07, 0.575475
2.1e-09, -3.6e-07, 0.575475
2.1e-09, -4.8e-07, 0.575475
2.1e-09, -6e-07, 0.575475
2.1e-09, -7.2e-07, 0.575475
2.1e-09, -8.4e-07, 0.575475
2.1e-09, -9.6e-07, 0.575475
2.1e-09, -1.08e-06, 0.575474
2.1e-09, -1.2e-06, 0.50309
2.1e-09, -1.32e-06, 0.503075
2.1e-09, -1.44e-06, 0.503075
2.1e-09, -1.56e-06, 0.503075
2.1e-09, -1.68e-06, 0.503075
2.1e-09, -1.8e-06, 0.503075
2.1e-09, -1.92e-06, 0.503075
2.1e-09, -2.04e-06, 0.503075
2.1e-09, -2.16e-06, 0.503075
2.1e-09, -2.28e-06, 0.503075
2.1e-09, -2.4e-06, 0.50309
2.1e-09, -2.52e-06, 0.575474
2.1e-09, -2.64e-06, 0.575475
2.1e-09, -2.76e-06, 0.575475
2.1e-09, -2.88e-06, 0.575475
2.1e-09, -3e-06, 0.575475
2.1e-09, -3.12e-06, 0.575475
2.1e-09, -3.24e-06, 0.575475
2.1e-09, -3.36e-06, 0.575475
2.1e-09, -3.48e-06, 0.575483
2.1e-09, -3.6e-06, 0.909215
2.2e-09, -0, 0.909215
2.2e-09, -1.2e-07, 0.575483
2.2e-09, -2.4e-07, 0.575475
2.2e-09, -3.6e-07, 0.575475
2.2e-09, -4.8e-07, 0.575475
2.2e-09, -6e-07, 0.575475
2.2e-09, -7.2e-07, 0.575475
2.2e-09, -8.4e-07, 0.575475
2.2e-09, -9.6e-07, 0.575475
2.2e-09, -1.08e-06, 0.575474
2.2e-09, -1.2e-06, 0.502735
2.2e-09, -1.32e-06, 0.50272
2.2e-09, -1.44e-06, 0.50272
2.2e-09, -1.56e-06, 0.50272
2.2e-09, -1.68e-06, 0.50272
2.2e-09, -1.8e-06, 0.50272
2.2e-09, -1.92e-06, 0.50272
2.2e-09, -2.04e-06, 0.50272
2.2e-09, -2.16e-06, 0.50272
2.2e-09, -2.28e-06, 0.50272
2.2e-09, -2.4e-06, 0.502735
2.2e-09, -2.52e-06, 0.575474
2.2e-09, -2.64e-06, 0.575475
2.2e-09, -2.76e-06, 0.575475
2.2e-09, -2.88e-06, 0.575475
2.2e-09, -3e-06, 0.575475
2.2e-09, -3.12e-06, 0.575475
2.2e-09, -3.24e-06, 0.575475
2.2e-09, -3.36e-06, 0.575475
2.2e-09, -3.48e-06, 0.575483
2.2e-09, -3.6e-06, 0.909215
2.3e-09, -0, 0.909215
2.3e-09, -1.2e-07, 0.575483
2.3e-09, -2.4e-07, 0.575475
2.3e-09, -3.6e-07, 0.575475
2.3e-09, -4.8e-07, 0.575475
2.3e-09, -6e-07, 0.575475
2.3e-09, -7.2e-07, 0.575475
2.3e-09, -8.4e-07, 0.575475
2.3e-09, -9.6e-07, 0.575475
2.3e-09, -1.08e-06, 0.575474
2.3e-09, -1.2e-06, 0.502423
2.3e-09, -1.32e-06, 0.502408
2.3e-09, -1.44e-06, 0.502408
2.3e-09, -1.56e-06, 0.502408
2.3e-09, -1.68e-06, 0.502408
2.3e-09, -1.8e-06, 0.502408
2.3e-09, -1.92e-06, 0.502408
2.3e-09, -2.04e-06, 0.502408
2.3e-09, -2.16e-06, 0.502408
2.3e-09, -2.28e-06, 0.502408
2.3e-09, -2.4e-06, 0.502423
2.3e-09, -2.52e-06, 0.575474
2.3e-09, -2.64e-06, 0.575475
2.3e-09, -2.76e-06, 0.575475
2.3e-09, -2.88e-06, 0.575475
2.3e-09, -3e-06, 0.575475
2.3e-09, -3.12e-06, 0.575475
2.3e-09, -3.24e-06, 0.575475
2.3e-09, -3.36e-06, 0.575475
2.3e-09, -3.48e-06, 0.575483
2.3e-09, -3.6e-06, 0.909215
2.4e-09, -0, 0.909215
2.4e-09, -1.2e-07, 0.575483
2.4e-09, -2.4e-07, 0.575475
2.4e-09, -3.6e-07, 0.575475
2.4e-09, -4.8e-07, 0.575475
2.4e-09, -6e-07, 0.575475
2.4e-09, -7.2e-07, 0.575475
2.4e-09, -8.4e-07, 0.575475
2.4e-09, -9.6e-07, 0.575475
2.4e-09, -1.08e-06, 0.575474
2.4e-09, -1.2e-06, 0.502154
2.4e-09, -1.32e-06, 0.502138
2.4e-09, -1.44e-06, 0.502138
2.4e-09, -1.56e-06, 0.502138
2.4e-09, -1.68e-06, 0.502138
2.4e-09, -1.8e-06, 0.502138
2.4e-09, -1.92e-06, 0.502138
2.4e-09, -2.04e-06, 0.502138
2.4e-09, -2.16e-06, 0.502138
2.4e-09, -2.28e-06, 0.502138
2.4e-09, -2.4e-06, 0.502154
2.4e-09, -2.52e-06, 0.575474
2.4e-09, -2.64e-06, 0.575475
2.4e-09, -2.76e-06, 0.575475
2.4e-09, -2.88e-06, 0.575475
2.4e-09, -3e-06, 0.575475
2.4e-09, -3.12e-06, 0.575475
2.4e-09, -3.24e-06, 0.575475
2.4e-09, -3.36e-06, 0.575475
2.4e-09, -3.48e-06, 0.575483
2.4e-09, -3.6e-06, 0.909215
2.5e-09, -0, 0.909215
2.5e-09, -1.2e-07, 0.575483
2.5e-09, -2.4e-07, 0.575475
2.5e-09, -3.6e-07, 0.575475
2.5e-09, -4.8e-07, 0.575475
2.5e-09, -6e-07, 0.575475
2.5e-09, -7.2e-07, 0.575475
2.5e-09, -8.4e-07, 0.575475
2.5e-09, -9.6e-07, 0.575475
2.5e-09, -1.08e-06, 0.575474
2.5e-09, -1.2e-06, 0.501927
2.5e-09, -1.32e-06, 0.501911
2.5e-09, -1.44e-06, 0.501911
2.5e-09, -1.56e-06, 0.501911
2.5e-09, -1.68e-06, 0.501911
2.5e-09, -1.8e-06, 0.501911
2.5e-09, -1.92e-06, 0.501911
2.5e-09, -2.04e-06, 0.501911
2.5e-09, -2.16e-06, 0.501911
2.5e-09, -2.28e-06, 0.501911
2.5e-09, -2.4e-06, 0.501927
2.5e-09, -2.52e-06, 0.575474
2.5e-09, -2.64e-06, 0.575475
2.5e-09, -2.76e-06, 0.575475
2.5e-09, -2.88e-06, 0.575475
2.5e-09, -3e-06, 0.575475
2.5e-09, -3.12e-06, 0.575475
2.5e-09, -3.24e-06, 0.575475
2.5e-09, -3.36e-06, 0.575475
2.5e-09, -3.48e-06, 0.575483
2.5e-09, -3.6e-06, 0.909215
2.6e-09, -0, 0.909215
2.6e-09, -1.2e-07, 0.575483
2.6e-09, -2.4e-07, 0.575475
2.6e-09, -3.6e-07, 0.575475
2.6e-09, -4.8e-07, 0.575475
2.6e-09, -6e-07, 0.575475
2.6e-09, -7.2e-07, 0.575475
2.6e-09, -8.4e-07, 0.575475
2.6e-09, -9.6e-07, 0.575475
2.6e-09, -1.08e-06, 0.575474
2.6e-09, -1.2e-06, 0.501741
2.6e-09, -1.32e-06, 0.501726
2.6e-09, -1.44e-06, 0.501726
2.6e-09, -1.56e-06, 0.501726
2.6e-09, -1.68e-06, 0.501726
2.6e-09, -1.8e-06, 0.501726
2.6e-09, -1.92e-06, 0.501726
2.6e-09, -2.04e-06, 0.501726
2.6e-09, -2.16e-06, 0.501726
2.6e-09, -2.28e-06, 0.501726
2.6e-09, -2.4e-06, 0.501741
2.6e-09, -2.52e-06, 0.575474
2.6e-09, -2.64e-06, 0.575475
2.6e-09, -2.76e-06, 0.575475
2.6e-09, -2.88e-06, 0.575475
2.6e-09, -3e-06, 0.575475
2.6e-09, -3.12e-06, 0.575475
2.6e-09, -3.24e-06, 0.575475
2.6e-09, -3.36e-06, 0.575475
2.6e-09, -3.48e-06, 0.575483
2.6e-09, -3.6e-06, 0.909215
2.7e-09, -0, 0.909215
2.7e-09, -1.2e-07, 0.575483
2.7e-09, -2.4e-07, 0.575475
2.7e-09, -3.6e-07, 0.575475
2.7e-09, -4.8e-07, 0.575475
2.7e-09, -6e-07, 0.575475
2.7e-09, -7.2e-07, 0.575475
2.7e-09, -8.4e-07, 0.575475
2.7e-09, -9.6e-07, 0.575475
2.7e-09, -1.08e-06, 0.575474
2.7e-09, -1.2e-06, 0.501598
2.7e-09, -1.32e-06, 0.501582
2.7e-09, -1.44e-06, 0.501582
2.7e-09, -1.56e-06, 0.501582
2.7e-09, -1.68e-06, 0.501582
2.7e-09, -1.8e-06, 0.501582
2.7e-09, -1.92e-06, 0.501582
2.7e-09, -2.04e-06, 0.501582
2.7e-09, -2.16e-06, 0.501582
2.7e-09, -2.28e-06, 0.501582
2.7e-09, -2.4e-06, 0.501598
2.7e-09, -2.52e-06, 0.575474
2.7e-09, -2.64e-06, 0.575475
2.7e-09, -2.76e-06, 0.575475
2.7e-09, -2.88e-06, 0.575475
2.7e-09, -3e-06, 0.575475
2.7e-09, -3.12e-06, 0.575475
2.7e-09, -3.24e-06, 0.575475
2.7e-09, -3.36e-06, 0.575475
2.7e-09, -3.48e-06, 0.575483
2.7e-09, -3.6e-06, 0.909215
2.8e-09, -0, 0.909215
2.8e-09, -1.2e-07, 0.575483
2.8e-09, -2.4e-07, 0.575475
2.8e-09, -3.6e-07, 0.575475
2.8e-09, -4.8e-07, 0.575475
2.8e-09, -6e-07, 0.575475
2.8e-09, -7.2e-07, 0.575475
2.8e-09, -8.4e-07, 0.575475
2.8e-09, -9.6e-07, 0.575475
2.8e-09, -1.08e-06, 0.575474
2.8e-09, -1.2e-06, 0.501495
2.8e-09, -1.32e-06, 0.501479
2.8e-09, -1.44e-06, 0.501479
2.8e-09, -1.56e-06, 0.501479
2.8e-09, -1.68e-06, 0.501479
2.8e-09, -1.8e-06, 0.501479
2.8e-09, -1.92e-06, 0.501479
2.8e-09, -2.04e-06, 0.501479
2.8e-09, -2.16e-06, 0.501479
2.8e-09, -2.28e-06, 0.501479
2.8e-09, -2.4e-06, 0.501495
2.8e-09, -2.52e-06, 0.575474
2.8e-09, -2.64e-06, 0.575475
2.8e-09, -2.76e-06, 0.575475
2.8e-09, -2.88e-06, 0.575475
2.8e-09, -3e-06, 0.575475
2.8e-09, -3.12e-06, 0.575475
2.8e-09, -3.24e-06, 0.575475
2.8e-09, -3.36e-06, 0.575475
2.8e-09, -3.48e-06, 0.575483
2.8e-09, -3.6e-06, 0.909215
2.9e-09, -0, 0.909215
2.9e-09, -1.2e-07, 0.575483
2.9e-09, -2.4e-07, 0.575475
2.9e-09, -3.6e-07, 0.575475
2.9e-09, -4.8e-07, 0.575475
2.9e-09, -6e-07, 0.575475
2.9e-09, -7.2e-07, 0.575475
2.9e-09, -8.4e-07, 0.575475
2.9e-09, -9.6e-07, 0.575475
2.9e-09, -1.08e-06, 0.575474
2.9e-09, -1.2e-06, 0.501434
2.9e-09, -1.32e-06, 0.501418
2.9e-09, -1.44e-06, 0.501418
2.9e-09, -1.56e-06, 0.501418
2.9e-09, -1.68e-06, 0.501418
2.9e-09, -1.8e-06, 0.501418
2.9e-09, -1.92e-06, 0.501418
2.9e-09, -2.04e-06, 0.501418
2.9e-09, -2.16e-06, 0.501418
2.9e-09, -2.28e-06, 0.501418
2.9e-09, -2.4e-06, 0.501434
2.9e-09, -2.52e-06, 0.575474
2.9e-09, -2.64e-06, 0.575475
2.9e-09, -2.76e-06, 0.575475
2.9e-09, -2.88e-06, 0.575475
2.9e-09, -3e-06, 0.575475
2.9e-09, -3.12e-06, 0.575475
2.9e-09, -3.24e-06, 0.575475
2.9e-09, -3.36e-06, 0.575475
2.9e-09, -3.48e-06, 0.575483
2.9e-09, -3.6e-06, 0.909215
3e-09, -0, 0.909215
3e-09, -1.2e-07, 0.575483
3e-09, -2.4e-07, 0.575475
3e-09, -3.6e-07, 0.575475
3e-09, -4.8e-07, 0.575475
3e-09, -6e-07, 0.575475
3e-09, -7.2e-07, 0.575475
3e-09, -8.4e-07, 0.575475
3e-09, -9.6e-07, 0.575475
3e-09, -1.08e-06, 0.575474
3e-09, -1.2e-06, 0.501413
3e-09, -1.32e-06, 0.501397
3e-09, -1.44e-06, 0.501397
3e-09, -1.56e-06, 0.501397
3e-09, -1.68e-06, 0.501397
3e-09, -1.8e-06, 0.501397
3e-09, -1.92e-06, 0.501397
3e-09, -2.04e-06, 0.501397
3e-09, -2.16e-06, 0.501397
3e-09, -2.28e-06, 0.501397
3e-09, -2.4e-06, 0.501413
3e-09, -2.52e-06, 0.575474
3e-09, -2.64e-06, 0.575475
3e-09, -2.76e-06, 0.575475
3e-09, -2.88e-06, 0.575475
3e-09, -3e-06, 0.575475
3e-09, -3.12e-06, 0.575475
3e-09, -3.24e-06, 0.575475
3e-09, -3.36e-06, 0.575475
3e-09, -3.48e-06, 0.575483
3e-09, -3.6e-06, 0.909215
3.1e-09, -0, 0.909215
3.1e-09, -1.2e-07, 0.575483
3.1e-09, -2.4e-07, 0.575475
3.1e-09, -3.6e-07, 0.575475
3.1e-09, -4.8e-07, 0.575475
3.1e-09, -6e-07, 0.575475
3.1e-09, -7.2e-07, 0.575475
3.1e-09, -8.4e-07, 0.575475
3.1e-09, -9.6e-07, 0.575475
3.1e-09, -1.08e-06, 0.575474
3.1e-09, -1.2e-06, 0.501434
3.1e-09, -1.32e-06, 0.501418
3.1e-09, -1.44e-06, 0.501418
3.1e-09, -1.56e-06, 0.501418
3.1e-09, -1.68e-06, 0.501418
3.1e-09, -1.8e-06, 0.501418
3.1e-09, -1.92e-06, 0.501418
3.1e-09, -2.04e-06, 0.501418
3.1e-09, -2.16e-06, 0.501418
3.1e-09, -2.28e-06, 0.501418
3.1e-09, -2.4e-06, 0.501434
3.1e-09, -2.52e-06, 0.575474
3.1e-09, -2.64e-06, 0.575475
3.1e-09, -2.76e-06, 0.575475
3.1e-09, -2.88e-06, 0.575475
3.1e-09, -3e-06, 0.575475
3.1e-09, -3.12e-06, 0.575475
3.1e-09, -3.24e-06, 0.575475
3.1e-09, -3.36e-06, 0.575475
3.1e-09, -3.48e-06, 0.575483
3.1e-09, -3.6e-06, 0.909215
3.2e-09, -0, 0.909215
3.2e-09, -1.2e-07, 0.575483
3.2e-09, -2.4e-07, 0.575475
3.2e-09, -3.6e-07, 0.575475
3.2e-09, -4.8e-07, 0.575475
3.2e-09, -6e-07, 0.575475
3.2e-09, -7.2e-07, 0.575475
3.2e-09, -8.4e-07, 0.575475
3.2e-09, -9.6e-07, 0.575475
3.2e-09, -1.08e-06, 0.575474
3.2e-09, -1.2e-06, 0.501495
3.2e-09, -1.32e-06, 0.501479
3.2e-09, -1.44e-06, 0.501479
3.2e-09, -1.56e-06, 0.501479
3.2e-09, -1.68e-06, 0.501479
3.2e-09, -1.8e-06, 0.501479
3.2e-09, -1.92e-06, 0.501479
3.2e-09, -2.04e-06, 0.501479
3.2e-09, -2.16e-06, 0.501479
3.2e-09, -2.28e-06, 0.501479
3.2e-09, -2.4e-06, 0.501495
3.2e-09, -2.52e-06, 0.575474
3.2e-09, -2.64e-06, 0.575475
3.2e-09, -2.76e-06, 0.575475
3.2e-09, -2.88e-06, 0.575475
3.2e-09, -3e-06, 0.575475
3.2e-09, -3.12e-06, 0.575475
3.2e-09, -3.24e-06, 0.575475
3.2e-09, -3.36e-06, 0.575475
3.2e-09, -3.48e-06, 0.575483
3.2e-09, -3.6e-06, 0.909215
3.3e-09, -0, 0.909215
3.3e-09, -1.2e-07, 0.575483
3.3e-09, -2.4e-07, 0.575475
3.3e-09, -3.6e-07, 0.575475
3.3e-09, -4.8e-07, 0.575475
3.3e-09, -6e-07, 0.575475
3.3e-09, -7.2e-07, 0.575475
3.3e-09, -8.4e-07, 0.575475
3.3e-09, -9.6e-07, 0.575475
3.3e-09, -1.08e-06, 0.575474
3.3e-09, -1.2e-06, 0.501598
3.3e-09, -1.32e-06, 0.501582
3.3e-09, -1.44e-06, 0.501582
3.3e-09, -1.56e-06, 0.501582
3.3e-09, -1.68e-06, 0.501582
3.3e-09, -1.8e-06, 0.501582
3.3e-09, -1.92e-06, 0.501582
3.3e-09, -2.04e-06, 0.501582
3.3e-09, -2.16e-06, 0.501582
3.3e-09, -2.28e-06, 0.501582
3.3e-09, -2.4e-06, 0.501598
3.3e-09, -2.52e-06, 0.575474
3.3e-09, -2.64e-06, 0.575475
3.3e-09, -2.76e-06, 0.575475
3.3e-09, -2.88e-06, 0.575475
3.3e-09, -3e-06, 0.575475
3.3e-09, -3.12e-06, 0.575475
3.3e-09, -3.24e-06, 0.575475
3.3e-09, -3.36e-06, 0.575475
3.3e-09, -3.48e-06, 0.575483
3.3e-09, -3.6e-06, 0.909215
3.4e-09, -0, 0.909215
3.4e-09, -1.2e-07, 0.575483
3.4e-09, -2.4e-07, 0.575475
3.4e-09, -3.6e-07, 0.575475
3.4e-09, -4.8e-07, 0.575475
3.4e-09, -6e-07, 0.575475
3.4e-09, -7.2e-07, 0.575475
3.4e-09, -8.4e-07, 0.575475
3.4e-09, -9.6e-07, 0.575475
3.4e-09, -1.08e-06, 0.575474
3.4e-09, -1.2e-06, 0.501741
3.4e-09, -1.32e-06, 0.501726
3.4e-09, -1.44e-06, 0.501726
3.4e-09, -1.56e-06, 0.501726
3.4e-09, -1.68e-06, 0.501726
3.4e-09, -1.8e-06, 0.501726
3.4e-09, -1.92e-06, 0.501726
3.4e-09, -2.04e-06, 0.501726
3.4e-09, -2.16e-06, 0.501726
3.4e-09, -2.28e-06, 0.501726
3.4e-09, -2.4e-06, 0.501741
3.4e-09, -2.52e-06, 0.575474
3.4e-09, -2.64e-06, 0.575475
3.4e-09, -2.76e-06, 0.575475
3.4e-09, -2.88e-06, 0.575475
3.4e-09, -3e-06, 0.575475
3.4e-09, -3.12e-06, 0.575475
3.4e-09, -3.24e-06, 0.575475
3.4e-09, -3.36e-06, 0.575475
3.4e-09, -3.48e-06, 0.575483
3.4e-09, -3.6e-06, 0.909215
3.5e-09, -0, 0.909215
3.5e-09, -1.2e-07, 0.575483
3.5e-09, -2.4e-07, 0.575475
3.5e-09, -3.6e-07, 0.575475
3.5e-09, -4.8e-07, 0.575475
3.5e-09, -6e-07, 0.575475
3.5e-09, -7.2e-07, 0.575475
3.5e-09, -8.4e-07, 0.575475
3.5e-09, -9.6e-07, 0.575475
3.5e-09, -1.08e-06, 0.575474
3.5e-09, -1.2e-06, 0.501927
3.5e-09, -1.32e-06, 0.501911
3.5e-09, -1.44e-06, 0.501911
3.5e-09, -1.56e-06, 0.501911
3.5e-09, -1.68e-06, 0.501911
3.5e-09, -1.8e-06, 0.501911
3.5e-09, -1.92e-06, 0.501911
3.5e-09, -2.04e-06, 0.501911
3.5e-09, -2.16e-06, 0.501911
3.5e-09, -2.28e-06, 0.501911
3.5e-09, -2.4e-06, 0.501927
3.5e-09, -2.52e-06, 0.575474
3.5e-09, -2.64e-06, 0.575475
3.5e-09, -2.76e-06, 0.575475
3.5e-09, -2.88e-06, 0.575475
3.5e-09, -3e-06, 0.575475
3.5e-09, -3.12e-06, 0.575475
3.5e-09, -3.24e-06, 0.575475
3.5e-09, -3.36e-06, 0.575475
3.5e-09, -3.48e-06, 0.575483
3.5e-09, -3.6e-06, 0.909215
3.6e-09, -0, 0.909215
3.6e-09, -1.2e-07, 0.575483
3.6e-09, -2.4e-07, 0.575475
3.6e-09, -3.6e-07, 0.575475
3.6e-09, -4.8e-07, 0.575475
3.6e-09, -6e-07, 0.575475
3.6e-09, -7.2e-07, 0.575475
3.6e-09, -8.4e-07, 0.575475
3.6e-09, -9.6e-07, 0.575475
3.6e-09, -1.08e-06, 0.575474
3.6e-09, -1.2e-06, 0.502154
3.6e-09, -1.32e-06, 0.502138
3.6e-09, -1.44e-06, 0.502138
3.6e-09, -1.56e-06, 0.502138
3.6e-09, -1.68e-06, 0.502138
3.6e-09, -1.8e-06, 0.502138
3.6e-09, -1.92e-06, 0.502138
3.6e-09, -2.04e-06, 0.502138
3.6e-09, -2.16e-06, 0.502138
3.6e-09, -2.28e-06, 0.502138
3.6e-09, -2.4e-06, 0.502154
3.6e-09, -2.52e-06, 0.575474
3.6e-09, -2.64e-06, 0.575475
3.6e-09, -2.76e-06, 0.575475
3.6e-09, -2.88e-06, 0.575475
3.6e-09, -3e-06, 0.575475
3.6e-09, -3.12e-06, 0.575475
3.6e-09, -3.24e-06, 0.575475
3.6e-09, -3.36e-06, 0.575475
3.6e-09, -3.48e-06, 0.575483
3.6e-09, -3.6e-06, 0.909215
3.7e-09, -0, 0.909215
3.7e-09, -1.2e-07, 0.575483
3.7e-09, -2.4e-07, 0.575475
3.7e-09, -3.6e-07, 0.575475
3.7e-09, -4.8e-07, 0.575475
3.7e-09, -6e-07, 0.575475
3.7e-09, -7.2e-07, 0.575475
3.7e-09, -8.4e-07, 0.575475
3.7e-09, -9.6e-07, 0.575475
3.7e-09, -1.08e-06, 0.575474
3.7e-09, -1.2e-06, 0.502423
3.7e-09, -1.32e-06, 0.502408
3.7e-09, -1.44e-06, 0.502408
3.7e-09, -1.56e-06, 0.502408
3.7e-09, -1.68e-06, 0.502408
3.7e-09, -1.8e-06, 0.502408
3.7e-09, -1.92e-06, 0.502408
3.7e-09, -2.04e-06, 0.502408
3.7e-09, -2.16e-06, 0.502408
3.7e-09, -2.28e-06, 0.502408
3.7e-09, -2.4e-06, 0.502423
3.7e-09, -2.52e-06, 0.575474
3.7e-09, -2.64e-06, 0.575475
3.7e-09, -2.76e-06, 0.575475
3.7e-09, -2.88e-06, 0.575475
3.7e-09, -3e-06, 0.575475
3.7e-09, -3.12e-06, 0.575475
3.7e-09, -3.24e-06, 0.575475
3.7e-09, -3.36e-06, 0.575475
3.7e-09, -3.48e-06, 0.575483
3.7e-09, -3.6e-06, 0.909215
3.8e-09, -0, 0.909215
3.8e-09, -1.2e-07, 0.575483
3.8e-09, -2.4e-07, 0.575475
3.8e-09, -3.6e-07, 0.575475
3.8e-09, -4.8e-07, 0.575475
3.8e-09, -6e-07, 0.575475
3.8e-09, -7.2e-07, 0.575475
3.8e-09, -8.4e-07, 0.575475
3.8e-09, -9.6e-07, 0.575475
3.8e-09, -1.08e-06, 0.575474
3.8e-09, -1.2e-06, 0.502735
3.8e-09, -1.32e-06, 0.50272
3.8e-09, -1.44e-06, 0.50272
3.8e-09, -1.56e-06, 0.50272
3.8e-09, -1.68e-06, 0.50272
3.8e-09, -1.8e-06, 0.50272
3.8e-09, -1.92e-06, 0.50272
3.8e-09, -2.04e-06, 0.50272
3.8e-09, -2.16e-06, 0.50272
3.8e-09, -2.28e-06, 0.50272
3.8e-09, -2.4e-06, 0.502735
3.8e-09, -2.52e-06, 0.575474
3.8e-09, -2.64e-06, 0.575475
3.8e-09, -2.76e-06, 0.575475
3.8e-09, -2.88e-06, 0.575475
3.8e-09, -3e-06, 0.575475
3.8e-09, -3.12e-06, 0.575475
3.8e-09, -3.24e-06, 0.575475
3.8e-09, -3.36e-06, 0.575475
3.8e-09, -3.48e-06, 0.575483
3.8e-09, -3.6e-06, 0.909215
3.9e-09, -0, 0.909215
3.9e-09, -1.2e-07, 0.575483
3.9e-09, -2.4e-07, 0.575475
3.9e-09, -3.6e-07, 0.575475
3.9e-09, -4.8e-07, 0.575475
3.9e-09, -6e-07, 0.575475
3.9e-09, -7.2e-07, 0.575475
3.9e-09, -8.4e-07, 0.575475
3.9e-09, -9.6e-07, 0.575475
3.9e-09, -1.08e-06, 0.575474
3.9e-09, -1.2e-06, 0.50309
3.9e-09, -1.32e-06, 0.503075
3.9e-09, -1.44e-06, 0.503075
3.9e-09, -1.56e-06, 0.503075
3.9e-09, -1.68e-06, 0.503075
3.9e-09, -1.8e-06, 0.503075
3.9e-09, -1.92e-06, 0.503075
3.9e-09, -2.04e-06, 0.503075
3.9e-09, -2.16e-06, 0.503075
3.9e-09, -2.28e-06, 0.503075
3.9e-09, -2.4e-06, 0.50309
3.9e-09, -2.52e-06, 0.575474
3.9e-09, -2.64e-06, 0.575475
3.9e-09, -2.76e-06, 0.575475
3.9e-09, -2.88e-06, 0.575475
3.9e-09, -3e-06, 0.575475
3.9e-09, -3.12e-06, 0.575475
3.9e-09, -3.24e-06, 0.575475
3.9e-09, -3.36e-06, 0.575475
3.9e-09, -3.48e-06, 0.575483
3.9e-09, -3.6e-06, 0.909215
4e-09, -0, 0.909215
4e-09, -1.2e-07, 0.575483
4e-09, -2.4e-07, 0.575475
4e-09, -3.6e-07, 0.575475
4e-09, -4.8e-07, 0.575475
4e-09, -6e-07, 0.575475
4e-09, -7.2e-07, 0.575475
4e-09, -8.4e-07, 0.575475
4e-09, -9.6e-07, 0.575475
4e-09, -1.08e-06, 0.575474
4e-09, -1.2e-06, 0.503489
4e-09, -1.32e-06, 0.503474
4e-09, -1.44e-06, 0.503474
4e-09, -1.56e-06, 0.503474
4e-09, -1.68e-06, 0.503474
4e-09, -1.8e-06, 0.503474
4e-09, -1.92e-06, 0.503474
4e-09, -2.04e-06, 0.503474
4e-09, -2.16e-06, 0.503474
4e-09, -2.28e-06, 0.503474
4e-09, -2.4e-06, 0.503489
4e-09, -2.52e-06, 0.575474
4e-09, -2.64e-06, 0.575475
4e-09, -2.76e-06, 0.575475
4e-09, -2.88e-06, 0.575475
4e-09, -3e-06, 0.575475
4e-09, -3.12e-06, 0.575475
4e-09, -3.24e-06, 0.575475
4e-09, -3.36e-06, 0.575475
4e-09, -3.48e-06, 0.575483
4e-09, -3.6e-06, 0.909215
4.1e-09, -0, 0.909215
4.1e-09, -1.2e-07, 0.575483
4.1e-09, -2.4e-07, 0.575475
4.1e-09, -3.6e-07, 0.575475
4.1e-09, -4.8e-07, 0.575475
4.1e-09, -6e-07, 0.575475
4.1e-09, -7.2e-07, 0.575475
4.1e-09, -8.4e-07, 0.575475
4.1e-09, -9.6e-07, 0.575475
4.1e-09, -1.08e-06, 0.575474
4.1e-09, -1.2e-06, 0.503933
4.1e-09, -1.32e-06, 0.503918
4.1e-09, -1.44e-06, 0.503918
4.1e-09, -1.56e-06, 0.503918
4.1e-09, -1.68e-06, 0.503918
4.1e-09, -1.8e-06, 0.503918
4.1e-09, -1.92e-06, 0.503918
4.1e-09, -2.04e-06, 0.503918
4.1e-09, -2.16e-06, 0.503918
4.1e-09, -2.28e-06, 0.503918
4.1e-09, -2.4e-06, 0.503933
4.1e-09, -2.52e-06, 0.575474
4.1e-09, -2.64e-06, 0.575475
4.1e-09, -2.76e-06, 0.575475
4.1e-09, -2.88e-06, 0.575475
4.1e-09, -3e-06, 0.575475
4.1e-09, -3.12e-06, 0.575475
4.1e-09, -3.24e-06, 0.575475
4.1e-09, -3.36e-06, 0.575475
4.1e-09, -3.48e-06, 0.575483
4.1e-09, -3.6e-06, 0.909215
4.2e-09, -0, 0.909215
4.2e-09, -1.2e-07, 0.575483
4.2e-09, -2.4e-07, 0.575475
4.2e-09, -3.6e-07, 0.575475
4.2e-09, -4.8e-07, 0.575475
4.2e-09, -6e-07, 0.575475
4.2e-09, -7.2e-07, 0.575475
4.2e-09, -8.4e-07, 0.575475
4.2e-09, -9.6e-07, 0.575475
4.2e-09, -1.08e-06, 0.575474
4.2e-09, -1.2e-06, 0.504422
4.2e-09, -1.32e-06, 0.504408
4.2e-09, -1.44e-06, 0.504408
4.2e-09, -1.56e-06, 0.504408
4.2e-09, -1.68e-06, 0.504408
4.2e-09, -1.8e-06, 0.504408
4.2e-09, -1.92e-06, 0.504408
4.2e-09, -2.04e-06, 0.504408
4.2e-09, -2.16e-06, 0.504408
4.2e-09, -2.28e-06, 0.504408
4.2e-09, -2.4e-06, 0.504422
4.2e-09, -2.52e-06, 0.575474
4.2e-09, -2.64e-06, 0.575475
4.2e-09, -2.76e-06, 0.575475
4.2e-09, -2.88e-06, 0.575475
4.2e-09, -3e-06, 0.575475
4.2e-09, -3.12e-06, 0.575475
4.2e-09, -3.24e-06, 0.575475
4.2e-09, -3.36e-06, 0.575475
4.2e-09, -3.48e-06, 0.575483
4.2e-09, -3.6e-06, 0.909215
4.3e-09, -0, 0.909215
4.3e-09, -1.2e-07, 0.575483
4.3e-09, -2.4e-07, 0.575475
4.3e-09, -3.6e-07, 0.575475
4.3e-09, -4.8e-07, 0.575475
4.3e-09, -6e-07, 0.575475
4.3e-09, -7.2e-07, 0.575475
4.3e-09, -8.4e-07, 0.575475
4.3e-09, -9.6e-07, 0.575475
4.3e-09, -1.08e-06, 0.575474
4.3e-09, -1.2e-06, 0.504957
4.3e-09, -1.32e-06, 0.504944
4.3e-09, -1.44e-06, 0.504944
4.3e-09, -1.56e-06, 0.504944
4.3e-09, -1.68e-06, 0.504944
4.3e-09, -1.8e-06, 0.504944
4.3e-09, -1.92e-06, 0.504944
4.3e-09, -2.04e-06, 0.504944
4.3e-09, -2.16e-06, 0.504944
4.3e-09, -2.28e-06, 0.504944
4.3e-09, -2.4e-06, 0.504957
4.3e-09, -2.52e-06, 0.575474
4.3e-09, -2.64e-06, 0.575475
4.3e-09, -2.76e-06, 0.575475
4.3e-09, -2.88e-06, 0.575475
4.3e-09, -3e-06, 0.575475
4.3e-09, -3.12e-06, 0.575475
4.3e-09, -3.24e-06, 0.575475
4.3e-09, -3.36e-06, 0.575475
4.3e-09, -3.48e-06, 0.575483
4.3e-09, -3.6e-06, 0.909215
4.4e-09, -0, 0.909215
4.4e-09, -1.2e-07, 0.575483
4.4e-09, -2.4e-07, 0.575475
4.4e-09, -3.6e-07, 0.575475
4.4e-09, -4.8e-07, 0.575475
4.4e-09, -6e-07, 0.575475
4.4e-09, -7.2e-07, 0.575475
4.4e-09, -8.4e-07, 0.575475
4.4e-09, -9.6e-07, 0.575475
4.4e-09, -1.08e-06, 0.575474
4.4e-09, -1.2e-06, 0.50554
4.4e-09, -1.32e-06, 0.505527
4.4e-09, -1.44e-06, 0.505527
4.4e-09, -1.56e-06, 0.505527
4.4e-09, -1.68e-06, 0.505527
4.4e-09, -1.8e-06, 0.505527
4.4e-09, -1.92e-06, 0.505527
4.4e-09, -2.04e-06, 0.505527
4.4e-09, -2.16e-06, 0.505527
4.4e-09, -2.28e-06, 0.505527
4.4e-09, -2.4e-06, 0.50554
4.4e-09, -2.52e-06, 0.575474
4.4e-09, -2.64e-06, 0.575475
4.4e-09, -2.76e-06, 0.575475
4.4e-09, -2.88e-06, 0.575475
4.4e-09, -3e-06, 0.575475
4.4e-09, -3.12e-06, 0.575475
4.4e-09, -3.24e-06, 0.575475
4.4e-09, -3.36e-06, 0.575475
4.4e-09, -3.48e-06, 0.575483
4.4e-09, -3.6e-06, 0.909215
4.5e-09, -0, 0.909215
4.5e-09, -1.2e-07, 0.575483
4.5e-09, -2.4e-07, 0.575475
4.5e-09, -3.6e-07, 0.575475
4.5e-09, -4.8e-07, 0.575475
4.5e-09, -6e-07, 0.575475
4.5e-09, -7.2e-07, 0.575475
4.5e-09, -8.4e-07, 0.575475
4.5e-09, -9.6e-07, 0.575475
4.5e-09, -1.08e-06, 0.575474
4.5e-09, -1.2e-06, 0.506172
4.5e-09, -1.32e-06, 0.506159
4.5e-09, -1.44e-06, 0.506159
4.5e-09, -1.56e-06, 0.506159
4.5e-09, -1.68e-06, 0.506159
4.5e-09, -1.8e-06, 0.506159
4.5e-09, -1.92e-06, 0.506159
4.5e-09, -2.04e-06, 0.506159
4.5e-09, -2.16e-06, 0.506159
4.5e-09, -2.28e-06, 0.506159
4.5e-09, -2.4e-06, 0.506172
4.5e-09, -2.52e-06, 0.575474
4.5e-09, -2.64e-06, 0.575475
4.5e-09, -2.76e-06, 0.575475
4.5e-09, -2.88e-06, 0.575475
4.5e-09, -3e-06, 0.575475
4.5e-09, -3.12e-06, 0.575475
4.5e-09, -3.24e-06, 0.575475
4.5e-09, -3.36e-06, 0.575475
4.5e-09, -3.48e-06, 0.575483
4.5e-09, -3.6e-06, 0.909215
4.6e-09, -0, 0.909215
4.6e-09, -1.2e-07, 0.575484
4.6e-09, -2.4e-07, 0.575475
4.6e-09, -3.6e-07, 0.575475
4.6e-09, -4.8e-07, 0.575475
4.6e-09, -6e-07, 0.575475
4.6e-09, -7.2e-07, 0.575475
4.6e-09, -8.4e-07, 0.575475
4.6e-09, -9.6e-07, 0.575475
4.6e-09, -1.08e-06, 0.575474
4.6e-09, -1.2e-06, 0.506853
4.6e-09, -1.32e-06, 0.50684
4.6e-09, -1.44e-06, 0.50684
4.6e-09, -1.56e-06, 0.50684
4.6e-09, -1.68e-06, 0.50684
4.6e-09, -1.8e-06, 0.50684
4.6e-09, -1.92e-06, 0.50684
4.6e-09, -2.04e-06, 0.50684
4.6e-09, -2.16e-06, 0.50684
4.6e-09, -2.28e-06, 0.50684
4.6e-09, -2.4e-06, 0.506853
4.6e-09, -2.52e-06, 0.575474
4.6e-09, -2.64e-06, 0.575475
4.6e-09, -2.76e-06, 0.575475
4.6e-09, -2.88e-06, 0.575475
4.6e-09, -3e-06, 0.575475
4.6e-09, -3.12e-06, 0.575475
4.6e-09, -3.24e-06, 0.575475
4.6e-09, -3.36e-06, 0.575475
4.6e-09, -3.48e-06, 0.575484
4.6e-09, -3.6e-06, 0.909215
4.7e-09, -0, 0.909215
4.7e-09, -1.2e-07, 0.575484
4.7e-09, -2.4e-07, 0.575475
4.7e-09, -3.6e-07, 0.575475
4.7e-09, -4.8e-07, 0.575475
4.7e-09, -6e-07, 0.575475
4.7e-09, -7.2e-07, 0.575475
4.7e-09, -8.4e-07, 0.575475
4.7e-09, -9.6e-07, 0.575475
4.7e-09, -1.08e-06, 0.575474
4.7e-09, -1.2e-06, 0.507585
4.7e-09, -1.32e-06, 0.507573
4.7e-09, -1.44e-06, 0.507573
4.7e-09, -1.56e-06, 0.507573
4.7e-09, -1.68e-06, 0.507573
4.7e-09, -1.8e-06, 0.507573
4.7e-09, -1.92e-06, 0.507573
4.7e-09, -2.04e-06, 0.507573
4.7e-09, -2.16e-06, 0.507573
4.7e-09, -2.28e-06, 0.507573
4.7e-09, -2.4e-06, 0.507585
4.7e-09, -2.52e-06, 0.575474
4.7e-09, -2.64e-06, 0.575475
4.7e-09, -2.76e-06, 0.575475
4.7e-09, -2.88e-06, 0.575475
4.7e-09, -3e-06, 0.575475
4.7e-09, -3.12e-06, 0.575475
4.7e-09, -3.24e-06, 0.575475
4.7e-09, -3.36e-06, 0.575475
4.7e-09, -3.48e-06, 0.575484
4.7e-09, -3.6e-06, 0.909215
4.8e-09, -0, 0.909215
4.8e-09, -1.2e-07, 0.575484
4.8e-09, -2.4e-07, 0.575475
4.8e-09, -3.6e-07, 0.575475
4.8e-09, -4.8e-07, 0.575475
4.8e-09, -6e-07, 0.575475
4.8e-09, -7.2e-07, 0.575475
4.8e-09, -8.4e-07, 0.575475
4.8e-09, -9.6e-07, 0.575475
4.8e-09, -1.08e-06, 0.575474
4.8e-09, -1.2e-06, 0.508371
4.8e-09, -1.32e-06, 0.508359
4.8e-09, -1.44e-06, 0.508359
4.8e-09, -1.56e-06, 0.508359
4.8e-09, -1.68e-06, 0.508359
4.8e-09, -1.8e-06, 0.508359
4.8e-09, -1.92e-06, 0.508359
4.8e-09, -2.04e-06, 0.508359
4.8e-09, -2.16e-06, 0.508359
4.8e-09, -2.28e-06, 0.508359
4.8e-09, -2.4e-06, 0.508371
4.8e-09, -2.52e-06, 0.575474
4.8e-09, -2.64e-06, 0.575475
4.8e-09, -2.76e-06, 0.575475
4.8e-09, -2.88e-06, 0.575475
4.8e-09, -3e-06, 0.575475
4.8e-09, -3.12e-06, 0.575475
4.8e-09, -3.24e-06, 0.575475
4.8e-09, -3.36e-06, 0.575475
4.8e-09, -3.48e-06, 0.575484
4.8e-09, -3.6e-06, 0.909215
4.9e-09, -0, 0.909215
4.9e-09, -1.2e-07, 0.575484
4.9e-09, -2.4e-07, 0.575475
4.9e-09, -3.6e-07, 0.575475
4.9e-09, -4.8e-07, 0.575475
4.9e-09, -6e-07, 0.575475
4.9e-09, -7.2e-07, 0.575475
4.9e-09, -8.4e-07, 0.575475
4.9e-09, -9.6e-07, 0.575475
4.9e-09, -1.08e-06, 0.575474
4.9e-09, -1.2e-06, 0.509211
4.9e-09, -1.32e-06, 0.509199
4.9e-09, -1.44e-06, 0.509199
4.9e-09, -1.56e-06, 0.509199
4.9e-09, -1.68e-06, 0.509199
4.9e-09, -1.8e-06, 0.509199
4.9e-09, -1.92e-06, 0.509199
4.9e-09, -2.04e-06, 0.509199
4.9e-09, -2.16e-06, 0.509199
4.9e-09, -2.28e-06, 0.509199
4.9e-09, -2.4e-06, 0.509211
4.9e-09, -2.52e-06, 0.575474
4.9e-09, -2.64e-06, 0.575475
4.9e-09, -2.76e-06, 0.575475
4.9e-09, -2.88e-06, 0.575475
4.9e-09, -3e-06, 0.575475
4.9e-09, -3.12e-06, 0.575475
4.9e-09, -3.24e-06, 0.575475
4.9e-09, -3.36e-06, 0.575475
4.9e-09, -3.48e-06, 0.575484
4.9e-09, -3.6e-06, 0.909215
5e-09, -0, 0.909215
5e-09, -1.2e-07, 0.575484
5e-09, -2.4e-07, 0.575475
5e-09, -3.6e-07, 0.575475
5e-09, -4.8e-07, 0.575475
5e-09, -6e-07, 0.575475
5e-09, -7.2e-07, 0.575475
5e-09, -8.4e-07, 0.575475
5e-09, -9.6e-07, 0.575475
5e-09, -1.08e-06, 0.575474
5e-09, -1.2e-06, 0.510107
5e-09, -1.32e-06, 0.510096
5e-09, -1.44e-06, 0.510096
5e-09, -1.56e-06, 0.510096
5e-09, -1.68e-06, 0.510096
5e-09, -1.8e-06, 0.510096
5e-09, -1.92e-06, 0.510096
5e-09, -2.04e-06, 0.510096
5e-09, -2.16e-06, 0.510096
5e-09, -2.28e-06, 0.510096
5e-09, -2.4e-06, 0.510107
5e-09, -2.52e-06, 0.575474
5e-09, -2.64e-06, 0.575475
5e-09, -2.76e-06, 0.575475
5e-09, -2.88e-06, 0.575475
5e-09, -3e-06, 0.575475
5e-09, -3.12e-06, 0.575475
5e-09, -3.24e-06, 0.575475
5e-09, -3.36e-06, 0.575475
5e-09, -3.48e-06, 0.575484
5e-09, -3.6e-06, 0.909215
5.1e-09, -0, 0.909215
5.1e-09, -1.2e-07, 0.575484
5.1e-09, -2.4e-07, 0.575475
5.1e-09, -3.6e-07, 0.575475
5.1e-09, -4.8e-07, 0.575475
5.1e-09, -6e-07, 0.575475
5.1e-09, -7.2e-07, 0.575475
5.1e-09, -8.4e-07, 0.575475
5.1e-09, -9.6e-07, 0.575475
5.1e-09, -1.08e-06, 0.575474
5.1e-09, -1.2e-06, 0.511062
5.1e-09, -1.32e-06, 0.511051
5.1e-09, -1.44e-06, 0.511051
5.1e-09, -1.56e-06, 0.511051
5.1e-09, -1.68e-06, 0.511051
5.1e-09, -1.8e-06, 0.511051
5.1e-09, -1.92e-06, 0.511051
5.1e-09, -2.04e-06, 0.511051
5.1e-09, -2.16e-06, 0.511051
5.1e-09, -2.28e-06, 0.511051
5.1e-09, -2.4e-06, 0.511062
5.1e-09, -2.52e-06, 0.575474
5.1e-09, -2.64e-06, 0.575475
5.1e-09, -2.76e-06, 0.575475
5.1e-09, -2.88e-06, 0.575475
5.1e-09, -3e-06, 0.575475
5.1e-09, -3.12e-06, 0.575475
5.1e-09, -3.24e-06, 0.575475
5.1e-09, -3.36e-06, 0.575475
5.1e-09, -3.48e-06, 0.575484
5.1e-09, -3.6e-06, 0.909215
5.2e-09, -0, 0.909215
5.2e-09, -1.2e-07, 0.575484
5.2e-09, -2.4e-07, 0.575475
5.2e-09, -3.6e-07, 0.575475
5.2e-09, -4.8e-07, 0.575475
5.2e-09, -6e-07, 0.575475
5.2e-09, -7.2e-07, 0.575475
5.2e-09, -8.4e-07, 0.575475
5.2e-09, -9.6e-07, 0.575475
5.2e-09, -1.08e-06, 0.575474
5.2e-09, -1.2e-06, 0.512077
5.2e-09, -1.32e-06, 0.512067
5.2e-09, -1.44e-06, 0.512067
5.2e-09, -1.56e-06, 0.512067
5.2e-09, -1.68e-06, 0.512067
5.2e-09, -1.8e-06, 0.512067
5.2e-09, -1.92e-06, 0.512067
5.2e-09, -2.04e-06, 0.512067
5.2e-09, -2.16e-06, 0.512067
5.2e-09, -2.28e-06, 0.512067
5.2e-09, -2.4e-06, 0.512077
5.2e-09, -2.52e-06, 0.575474
5.2e-09, -2.64e-06, 0.575475
5.2e-09, -2.76e-06, 0.575475
5.2e-09, -2.88e-06, 0.575475
5.2e-09, -3e-06, 0.575475
5.2e-09, -3.12e-06, 0.575475
5.2e-09, -3.24e-06, 0.575475
5.2e-09, -3.36e-06, 0.575475
5.2e-09, -3.48e-06, 0.575484
5.2e-09, -3.6e-06, 0.909215
5.3e-09, -0, 0.909215
5.3e-09, -1.2e-07, 0.575485
5.3e-09, -2.4e-07, 0.575475
5.3e-09, -3.6e-07, 0.575475
5.3e-09, -4.8e-07, 0.575475
5.3e-09, -6e-07, 0.575475
5.3e-09, -7.2e-07, 0.575475
5.3e-09, -8.4e-07, 0.575475
5.3e-09, -9.6e-07, 0.575475
5.3e-09, -1.08e-06, 0.575474
5.3e-09, -1.2e-06, 0.513157
5.3e-09, -1.32e-06, 0.513147
5.3e-09, -1.44e-06, 0.513147
5.3e-09, -1.56e-06, 0.513147
5.3e-09, -1.68e-06, 0.513147
5.3e-09, -1.8e-06, 0.513147
5.3e-09, -1.92e-06, 0.513147
5.3e-09, -2.04e-06, 0.513147
5.3e-09, -2.16e-06, 0.513147
5.3e-09, -2.28e-06, 0.513147
5.3e-09, -2.4e-06, 0.513157
5.3e-09, -2.52e-06, 0.575474
5.3e-09, -2.64e-06, 0.575475
5.3e-09, -2.76e-06, 0.575475
5.3e-09, -2.88e-06, 0.575475
5.3e-09, -3e-06, 0.575475
5.3e-09, -3.12e-06, 0.575475
5.3e-09, -3.24e-06, 0.575475
5.3e-09, -3.36e-06, 0.575475
5.3e-09, -3.48e-06, 0.575485
5.3e-09, -3.6e-06, 0.909215
5.4e-09, -0, 0.909215
5.4e-09, -1.2e-07, 0.575485
5.4e-09, -2.4e-07, 0.575475
5.4e-09, -3.6e-07, 0.575475
5.4e-09, -4.8e-07, 0.575475
5.4e-09, -6e-07, 0.575475
5.4e-09, -7.2e-07, 0.575475
5.4e-09, -8.4e-07, 0.575475
5.4e-09, -9.6e-07, 0.575475
5.4e-09, -1.08e-06, 0.575474
5.4e-09, -1.2e-06, 0.514302
5.4e-09, -1.32e-06, 0.514293
5.4e-09, -1.44e-06, 0.514293
5.4e-09, -1.56e-06, 0.514293
5.4e-09, -1.68e-06, 0.514293
5.4e-09, -1.8e-06, 0.514293
5.4e-09, -1.92e-06, 0.514293
5.4e-09, -2.04e-06, 0.514293
5.4e-09, -2.16e-06, 0.514293
5.4e-09, -2.28e-06, 0.514293
5.4e-09, -2.4e-06, 0.514302
5.4e-09, -2.52e-06, 0.575474
5.4e-09, -2.64e-06, 0.575475
5.4e-09, -2.76e-06, 0.575475
5.4e-09, -2.88e-06, 0.575475
5.4e-09, -3e-06, 0.575475
5.4e-09, -3.12e-06, 0.575475
5.4e-09, -3.24e-06, 0.575475
5.4e-09, -3.36e-06, 0.575475
5.4e-09, -3.48e-06, 0.575485
5.4e-09, -3.6e-06, 0.909215
5.5e-09, -0, 0.909215
5.5e-09, -1.2e-07, 0.575485
5.5e-09, -2.4e-07, 0.575475
5.5e-09, -3.6e-07, 0.575475
5.5e-09, -4.8e-07, 0.575475
5.5e-09, -6e-07, 0.575475
5.5e-09, -7.2e-07, 0.575475
5.5e-09, -8.4e-07, 0.575475
5.5e-09, -9.6e-07, 0.575475
5.5e-09, -1.08e-06, 0.575473
5.5e-09, -1.2e-06, 0.515517
5.5e-09, -1.32e-06, 0.515509
5.5e-09, -1.44e-06, 0.515509
5.5e-09, -1.56e-06, 0.515509
5.5e-09, -1.68e-06, 0.515509
5.5e-09, -1.8e-06, 0.515509
5.5e-09, -1.92e-06, 0.515509
5.5e-09, -2.04e-06, 0.515509
5.5e-09, -2.16e-06, 0.515509
5.5e-09, -2.28e-06, 0.515509
5.5e-09, -2.4e-06, 0.515517
5.5e-09, -2.52e-06, 0.575473
5.5e-09, -2.64e-06, 0.575475
5.5e-09, -2.76e-06, 0.575475
5.5e-09, -2.88e-06, 0.575475
5.5e-09, -3e-06, 0.575475
5.5e-09, -3.12e-06, 0.575475
5.5e-09, -3.24e-06, 0.575475
5.5e-09, -3.36e-06, 0.575475
5.5e-09, -3.48e-06, 0.575485
5.5e-09, -3.6e-06, 0.909215
5.6e-09, -0, 0.909213
5.6e-09, -1.2e-07, 0.575486
5.6e-09, -2.4e-07, 0.575475
5.6e-09, -3.6e-07, 0.575475
5.6e-09, -4.8e-07, 0.575475
5.6e-09, -6e-07, 0.575475
5.6e-09, -7.2e-07, 0.575475
5.6e-09, -8.4e-07, 0.575475
5.6e-09, -9.6e-07, 0.575475
5.6e-09, -1.08e-06, 0.575473
5.6e-09, -1.2e-06, 0.519162
5.6e-09, -1.32e-06, 0.519155
5.6e-09, -1.44e-06, 0.519155
5.6e-09, -1.56e-06, 0.519155
5.6e-09, -1.68e-06, 0.519155
5.6e-09, -1.8e-06, 0.519155
5.6e-09, -1.92e-06, 0.519155
5.6e-09, -2.04e-06, 0.519155
5.6e-09, -2.16e-06, 0.519155
5.6e-09, -2.28e-06, 0.519155
5.6e-09, -2.4e-06, 0.519162
5.6e-09, -2.52e-06, 0.575473
5.6e-09, -2.64e-06, 0.575475
5.6e-09, -2.76e-06, 0.575475
5.6e-09, -2.88e-06, 0.575475
5.6e-09, -3e-06, 0.575475
5.6e-09, -3.12e-06, 0.575475
5.6e-09, -3.24e-06, 0.575475
5.6e-09, -3.36e-06, 0.575475
5.6e-09, -3.48e-06, 0.575486
5.6e-09, -3.6e-06, 0.909213
5.7e-09, -0, 0.909211
5.7e-09, -1.2e-07, 0.575487
5.7e-09, -2.4e-07, 0.575475
5.7e-09, -3.6e-07, 0.575475
5.7e-09, -4.8e-07, 0.575475
5.7e-09, -6e-07, 0.575475
5.7e-09, -7.2e-07, 0.575475
5.7e-09, -8.4e-07, 0.575475
5.7e-09, -9.6e-07, 0.575475
5.7e-09, -1.08e-06, 0.575473
5.7e-09, -1.2e-06, 0.522806
5.7e-09, -1.32e-06, 0.522801
5.7e-09, -1.44e-06, 0.522801
5.7e-09, -1.56e-06, 0.522801
5.7e-09, -1.68e-06, 0.522801
5.7e-09, -1.8e-06, 0.522801
5.7e-09, -1.92e-06, 0.522801
5.7e-09, -2.04e-06, 0.522801
5.7e-09, -2.16e-06, 0.522801
5.7e-09, -2.28e-06, 0.522801
5.7e-09, -2.4e-06, 0.522806
5.7e-09, -2.52e-06, 0.575473
5.7e-09, -2.64e-06, 0.575475
5.7e-09, -2.76e-06, 0.575475
5.7e-09, -2.88e-06, 0.575475
5.7e-09, -3e-06, 0.575475
5.7e-09, -3.12e-06, 0.575475
5.7e-09, -3.24e-06, 0.575475
5.7e-09, -3.36e-06, 0.575475
5.7e-09, -3.48e-06, 0.575487
5.7e-09, -3.6e-06, 0.909211
5.8e-09, -0, 0.90921
5.8e-09, -1.2e-07, 0.575488
5.8e-09, -2.4e-07, 0.575475
5.8e-09, -3.6e-07, 0.575475
5.8e-09, -4.8e-07, 0.575475
5.8e-09, -6e-07, 0.575475
5.8e-09, -7.2e-07, 0.575475
5.8e-09, -8.4e-07, 0.575475
5.8e-09, -9.6e-07, 0.575475
5.8e-09, -1.08e-06, 0.575473
5.8e-09, -1.2e-06, 0.526451
5.8e-09, -1.32e-06, 0.526447
5.8e-09, -1.44e-06, 0.526447
5.8e-09, -1.56e-06, 0.526447
5.8e-09, -1.68e-06, 0.526447
5.8e-09, -1.8e-06, 0.526447
5.8e-09, -1.92e-06, 0.526447
5.8e-09, -2.04e-06, 0.526447
5.8e-09, -2.16e-06, 0.526447
5.8e-09, -2.28e-06, 0.526447
5.8e-09, -2.4e-06, 0.526451
5.8e-09, -2.52e-06, 0.575473
5.8e-09, -2.64e-06, 0.575475
5.8e-09, -2.76e-06, 0.575475
5.8e-09, -2.88e-06, 0.575475
5.8e-09, -3e-06, 0.575475
5.8e-09, -3.12e-06, 0.575475
5.8e-09, -3.24e-06, 0.575475
5.8e-09, -3.36e-06, 0.575475
5.8e-09, -3.48e-06, 0.575488
5.8e-09, -3.6e-06, 0.90921
5.9e-09, -0, 0.909209
5.9e-09, -1.2e-07, 0.575488
5.9e-09, -2.4e-07, 0.575475
5.9e-09, -3.6e-07, 0.575475
5.9e-09, -4.8e-07, 0.575475
5.9e-09, -6e-07, 0.575475
5.9e-09, -7.2e-07, 0.575475
5.9e-09, -8.4e-07, 0.575475
5.9e-09, -9.6e-07, 0.575475
5.9e-09, -1.08e-06, 0.575473
5.9e-09, -1.2e-06, 0.530095
5.9e-09, -1.32e-06, 0.530094
5.9e-09, -1.44e-06, 0.530094
5.9e-09, -1.56e-06, 0.530094
5.9e-09, -1.68e-06, 0.530094
5.9e-09, -1.8e-06, 0.530094
5.9e-09, -1.92e-06, 0.530094
5.9e-09, -2.04e-06, 0.530094
5.9e-09, -2.16e-06, 0.530094
5.9e-09, -2.28e-06, 0.530094
5.9e-09, -2.4e-06, 0.530095
5.9e-09, -2.52e-06, 0.575473
5.9e-09, -2.64e-06, 0.575475
5.9e-09, -2.76e-06, 0.575475
5.9e-09, -2.88e-06, 0.575475
5.9e-09, -3e-06, 0.575475
5.9e-09, -3.12e-06, 0.575475
5.9e-09, -3.24e-06, 0.575475
5.9e-09, -3.36e-06, 0.575475
5.9e-09, -3.48e-06, 0.575488
5.9e-09, -3.6e-06, 0.909209
6e-09, -0, 0.909209
6e-09, -1.2e-07, 0.575488
6e-09, -2.4e-07, 0.575475
6e-09, -3.6e-07, 0.575475
6e-09, -4.8e-07, 0.575475
6e-09, -6e-07, 0.575475
6e-09, -7.2e-07, 0.575475
6e-09, -8.4e-07, 0.575475
6e-09, -9.6e-07, 0.575475
6e-09, -1.08e-06, 0.575473
6e-09, -1.2e-06, 0.53374
6e-09, -1.32e-06, 0.53374
6e-09, -1.44e-06, 0.53374
6e-09, -1.56e-06, 0.53374
6e-09, -1.68e-06, 0.53374
6e-09, -1.8e-06, 0.53374
6e-09, -1.92e-06, 0.53374
6e-09, -2.04e-06, 0.53374
6e-09, -2.16e-06, 0.53374
6e-09, -2.28e-06, 0.53374
6e-09, -2.4e-06, 0.53374
6e-09, -2.52e-06, 0.575473
6e-09, -2.64e-06, 0.575475
6e-09, -2.76e-06, 0.575475
6e-09, -2.88e-06, 0.575475
6e-09, -3e-06, 0.575475
6e-09, -3.12e-06, 0.575475
6e-09, -3.24e-06, 0.575475
6e-09, -3.36e-06, 0.575475
6e-09, -3.48e-06, 0.575488
6e-09, -3.6e-06, 0.909209
