0, -0, 0.909209
0, -1.2e-07, 0.575488
0, -2.4e-07, 0.575475
0, -3.6e-07, 0.575475
0, -4.8e-07, 0.575475
0, -6e-07, 0.575475
0, -7.2e-07, 0.575475
0, -8.4e-07, 0.575475
0, -9.6e-07, 0.575475
0, -1.08e-06, 0.575475
0, -1.2e-06, 0.63374
0, -1.32e-06, 0.63374
0, -1.44e-06, 0.63374
0, -1.56e-06, 0.63374
0, -1.68e-06, 0.63374
0, -1.8e-06, 0.63374
0, -1.92e-06, 0.63374
0, -2.04e-06, 0.63374
0, -2.16e-06, 0.63374
0, -2.28e-06, 0.63374
0, -2.4e-06, 0.63374
0, -2.52e-06, 0.575475
0, -2.64e-06, 0.575475
0, -2.76e-06, 0.575475
0, -2.88e-06, 0.575475
0, -3e-06, 0.575475
0, -3.12e-06, 0.575475
0, -3.24e-06, 0.575475
0, -3.36e-06, 0.575475
0, -3.48e-06, 0.575488
0, -3.6e-06, 0.909209
1e-10, -0, 0.909209
1e-10, -1.2e-07, 0.575488
1e-10, -2.4e-07, 0.575475
1e-10, -3.6e-07, 0.575475
1e-10, -4.8e-07, 0.575475
1e-10, -6e-07, 0.575475
1e-10, -7.2e-07, 0.575475
1e-10, -8.4e-07, 0.575475
1e-10, -9.6e-07, 0.575475
1e-10, -1.08e-06, 0.575475
1e-10, -1.2e-06, 0.620288
1e-10, -1.32e-06, 0.620288
1e-10, -1.44e-06, 0.620288
1e-10, -1.56e-06, 0.620288
1e-10, -1.68e-06, 0.620288
1e-10, -1.8e-06, 0.620288
1e-10, -1.92e-06, 0.620288
1e-10, -2.04e-06, 0.620288
1e-10, -2.16e-06, 0.620288
1e-10, -2.28e-06, 0.620288
1e-10, -2.4e-06, 0.620288
1e-10, -2.52e-06, 0.575475
1e-10, -2.64e-06, 0.575475
1e-10, -2.76e-06, 0.575475
1e-10, -2.88e-06, 0.575475
1e-10, -3e-06, 0.575475
1e-10, -3.12e-06, 0.575475
1e-10, -3.24e-06, 0.575475
1e-10, -3.36e-06, 0.575475
1e-10, -3.48e-06, 0.575488
1e-10, -3.6e-06, 0.909209
2e-10, -0, 0.90921
2e-10, -1.2e-07, 0.575488
2e-10, -2.4e-07, 0.575475
2e-10, -3.6e-07, 0.575475
2e-10, -4.8e-07, 0.575475
2e-10, -6e-07, 0.575475
2e-10, -7.2e-07, 0.575475
2e-10, -8.4e-07, 0.575475
2e-10, -9.6e-07, 0.575475
2e-10, -1.08e-06, 0.575475
2e-10, -1.2e-06, 0.606836
2e-10, -1.32e-06, 0.606835
2e-10, -1.44e-06, 0.606835
2e-10, -1.56e-06, 0.606835
2e-10, -1.68e-06, 0.606835
2e-10, -1.8e-06, 0.606835
2e-10, -1.92e-06, 0.606835
2e-10, -2.04e-06, 0.606835
2e-10, -2.16e-06, 0.606835
2e-10, -2.28e-06, 0.606835
2e-10, -2.4e-06, 0.606836
2e-10, -2.52e-06, 0.575475
2e-10, -2.64e-06, 0.575475
2e-10, -2.76e-06, 0.575475
2e-10, -2.88e-06, 0.575475
2e-10, -3e-06, 0.575475
2e-10, -3.12e-06, 0.575475
2e-10, -3.24e-06, 0.575475
2e-10, -3.36e-06, 0.575475
2e-10, -3.48e-06, 0.575488
2e-10, -3.6e-06, 0.90921
3e-10, -0, 0.909211
3e-10, -1.2e-07, 0.575487
3e-10, -2.4e-07, 0.575475
3e-10, -3.6e-07, 0.575475
3e-10, -4.8e-07, 0.575475
3e-10, -6e-07, 0.575475
3e-10, -7.2e-07, 0.575475
3e-10, -8.4e-07, 0.575475
3e-10, -9.6e-07, 0.575475
3e-10, -1.08e-06, 0.575475
3e-10, -1.2e-06, 0.593384
3e-10, -1.32e-06, 0.593383
3e-10, -1.44e-06, 0.593383
3e-10, -1.56e-06, 0.593383
3e-10, -1.68e-06, 0.593383
3e-10, -1.8e-06, 0.593383
3e-10, -1.92e-06, 0.593383
3e-10, -2.04e-06, 0.593383
3e-10, -2.16e-06, 0.593383
3e-10, -2.28e-06, 0.593383
3e-10, -2.4e-06, 0.593384
3e-10, -2.52e-06, 0.575475
3e-10, -2.64e-06, 0.575475
3e-10, -2.76e-06, 0.575475
3e-10, -2.88e-06, 0.575475
3e-10, -3e-06, 0.575475
3e-10, -3.12e-06, 0.575475
3e-10, -3.24e-06, 0.575475
3e-10, -3.36e-06, 0.575475
3e-10, -3.48e-06, 0.575487
3e-10, -3.6e-06, 0.909211
4e-10, -0, 0.909213
4e-10, -1.2e-07, 0.575486
4e-10, -2.4e-07, 0.575475
4e-10, -3.6e-07, 0.575475
4e-10, -4.8e-07, 0.575475
4e-10, -6e-07, 0.575475
4e-10, -7.2e-07, 0.575475
4e-10, -8.4e-07, 0.575475
4e-10, -9.6e-07, 0.575475
4e-10, -1.08e-06, 0.575475
4e-10, -1.2e-06, 0.579932
4e-10, -1.32e-06, 0.57993
4e-10, -1.44e-06, 0.57993
4e-10, -1.56e-06, 0.57993
4e-10, -1.68e-06, 0.57993
4e-10, -1.8e-06, 0.57993
4e-10, -1.92e-06, 0.57993
4e-10, -2.04e-06, 0.57993
4e-10, -2.16e-06, 0.57993
4e-10, -2.28e-06, 0.57993
4e-10, -2.4e-06, 0.579932
4e-10, -2.52e-06, 0.575475
4e-10, -2.64e-06, 0.575475
4e-10, -2.76e-06, 0.575475
4e-10, -2.88e-06, 0.575475
4e-10, -3e-06, 0.575475
4e-10, -3.12e-06, 0.575475
4e-10, -3.24e-06, 0.575475
4e-10, -3.36e-06, 0.575475
4e-10, -3.48e-06, 0.575486
4e-10, -3.6e-06, 0.909213
5e-10, -0, 0.909215
5e-10, -1.2e-07, 0.575485
5e-10, -2.4e-07, 0.575475
5e-10, -3.6e-07, 0.575475
5e-10, -4.8e-07, 0.575475
5e-10, -6e-07, 0.575475
5e-10, -7.2e-07, 0.575475
5e-10, -8.4e-07, 0.575475
5e-10, -9.6e-07, 0.575475
5e-10, -1.08e-06, 0.575475
5e-10, -1.2e-06, 0.56648
5e-10, -1.32e-06, 0.566478
5e-10, -1.44e-06, 0.566478
5e-10, -1.56e-06, 0.566478
5e-10, -1.68e-06, 0.566478
5e-10, -1.8e-06, 0.566478
5e-10, -1.92e-06, 0.566478
5e-10, -2.04e-06, 0.566478
5e-10, -2.16e-06, 0.566478
5e-10, -2.28e-06, 0.566478
5e-10, -2.4e-06, 0.56648
5e-10, -2.52e-06, 0.575475
5e-10, -2.64e-06, 0.575475
5e-10, -2.76e-06, 0.575475
5e-10, -2.88e-06, 0.575475
5e-10, -3e-06, 0.575475
5e-10, -3.12e-06, 0.575475
5e-10, -3.24e-06, 0.575475
5e-10, -3.36e-06, 0.575475
5e-10, -3.48e-06, 0.575485
5e-10, -3.6e-06, 0.909215
6e-10, -0, 0.909215
6e-10, -1.2e-07, 0.575485
6e-10, -2.4e-07, 0.575475
6e-10, -3.6e-07, 0.575475
6e-10, -4.8e-07, 0.575475
6e-10, -6e-07, 0.575475
6e-10, -7.2e-07, 0.575475
6e-10, -8.4e-07, 0.575475
6e-10, -9.6e-07, 0.575475
6e-10, -1.08e-06, 0.575475
6e-10, -1.2e-06, 0.561996
6e-10, -1.32e-06, 0.561994
6e-10, -1.44e-06, 0.561994
6e-10, -1.56e-06, 0.561994
6e-10, -1.68e-06, 0.561994
6e-10, -1.8e-06, 0.561994
6e-10, -1.92e-06, 0.561994
6e-10, -2.04e-06, 0.561994
6e-10, -2.16e-06, 0.561994
6e-10, -2.28e-06, 0.561994
6e-10, -2.4e-06, 0.561996
6e-10, -2.52e-06, 0.575475
6e-10, -2.64e-06, 0.575475
6e-10, -2.76e-06, 0.575475
6e-10, -2.88e-06, 0.575475
6e-10, -3e-06, 0.575475
6e-10, -3.12e-06, 0.575475
6e-10, -3.24e-06, 0.575475
6e-10, -3.36e-06, 0.575475
6e-10, -3.48e-06, 0.575485
6e-10, -3.6e-06, 0.909215
7e-10, -0, 0.909215
7e-10, -1.2e-07, 0.575485
7e-10, -2.4e-07, 0.575475
7e-10, -3.6e-07, 0.575475
7e-10, -4.8e-07, 0.575475
7e-10, -6e-07, 0.575475
7e-10, -7.2e-07, 0.575475
7e-10, -8.4e-07, 0.575475
7e-10, -9.6e-07, 0.575475
7e-10, -1.08e-06, 0.575475
7e-10, -1.2e-06, 0.557968
7e-10, -1.32e-06, 0.557966
7e-10, -1.44e-06, 0.557966
7e-10, -1.56e-06, 0.557966
7e-10, -1.68e-06, 0.557966
7e-10, -1.8e-06, 0.557966
7e-10, -1.92e-06, 0.557966
7e-10, -2.04e-06, 0.557966
7e-10, -2.16e-06, 0.557966
7e-10, -2.28e-06, 0.557966
7e-10, -2.4e-06, 0.557968
7e-10, -2.52e-06, 0.575475
7e-10, -2.64e-06, 0.575475
7e-10, -2.76e-06, 0.575475
7e-10, -2.88e-06, 0.575475
7e-10, -3e-06, 0.575475
7e-10, -3.12e-06, 0.575475
7e-10, -3.24e-06, 0.575475
7e-10, -3.36e-06, 0.575475
7e-10, -3.48e-06, 0.575485
7e-10, -3.6e-06, 0.909215
8e-10, -0, 0.909215
8e-10, -1.2e-07, 0.575484
8e-10, -2.4e-07, 0.575475
8e-10, -3.6e-07, 0.575475
8e-10, -4.8e-07, 0.575475
8e-10, -6e-07, 0.575475
8e-10, -7.2e-07, 0.575475
8e-10, -8.4e-07, 0.575475
8e-10, -9.6e-07, 0.575475
8e-10, -1.08e-06, 0.575475
8e-10, -1.2e-06, 0.554329
8e-10, -1.32e-06, 0.554327
8e-10, -1.44e-06, 0.554327
8e-10, -1.56e-06, 0.554327
8e-10, -1.68e-06, 0.554327
8e-10, -1.8e-06, 0.554327
8e-10, -1.92e-06, 0.554327
8e-10, -2.04e-06, 0.554327
8e-10, -2.16e-06, 0.554327
8e-10, -2.28e-06, 0.554327
8e-10, -2.4e-06, 0.554329
8e-10, -2.52e-06, 0.575475
8e-10, -2.64e-06, 0.575475
8e-10, -2.76e-06, 0.575475
8e-10, -2.88e-06, 0.575475
8e-10, -3e-06, 0.575475
8e-10, -3.12e-06, 0.575475
8e-10, -3.24e-06, 0.575475
8e-10, -3.36e-06, 0.575475
8e-10, -3.48e-06, 0.575484
8e-10, -3.6e-06, 0.909215
9e-10, -0, 0.909215
9e-10, -1.2e-07, 0.575484
9e-10, -2.4e-07, 0.575475
9e-10, -3.6e-07, 0.575475
9e-10, -4.8e-07, 0.575475
9e-10, -6e-07, 0.575475
9e-10, -7.2e-07, 0.575475
9e-10, -8.4e-07, 0.575475
9e-10, -9.6e-07, 0.575475
9e-10, -1.08e-06, 0.575475
9e-10, -1.2e-06, 0.551029
9e-10, -1.32e-06, 0.551027
9e-10, -1.44e-06, 0.551027
9e-10, -1.56e-06, 0.551027
9e-10, -1.68e-06, 0.551027
9e-10, -1.8e-06, 0.551027
9e-10, -1.92e-06, 0.551027
9e-10, -2.04e-06, 0.551027
9e-10, -2.16e-06, 0.551027
9e-10, -2.28e-06, 0.551027
9e-10, -2.4e-06, 0.551029
9e-10, -2.52e-06, 0.575475
9e-10, -2.64e-06, 0.575475
9e-10, -2.76e-06, 0.575475
9e-10, -2.88e-06, 0.575475
9e-10, -3e-06, 0.575475
9e-10, -3.12e-06, 0.575475
9e-10, -3.24e-06, 0.575475
9e-10, -3.36e-06, 0.575475
9e-10, -3.48e-06, 0.575484
9e-10, -3.6e-06, 0.909215
1e-09, -0, 0.909215
1e-09, -1.2e-07, 0.575484
1e-09, -2.4e-07, 0.575475
1e-09, -3.6e-07, 0.575475
1e-09, -4.8e-07, 0.575475
1e-09, -6e-07, 0.575475
1e-09, -7.2e-07, 0.575475
1e-09, -8.4e-07, 0.575475
1e-09, -9.6e-07, 0.575475
1e-09, -1.08e-06, 0.575475
1e-09, -1.2e-06, 0.548026
1e-09, -1.32e-06, 0.548024
1e-09, -1.44e-06, 0.548024
1e-09, -1.56e-06, 0.548024
1e-09, -1.68e-06, 0.548024
1e-09, -1.8e-06, 0.548024
1e-09, -1.92e-06, 0.548024
1e-09, -2.04e-06, 0.548024
1e-09, -2.16e-06, 0.548024
1e-09, -2.28e-06, 0.548024
1e-09, -2.4e-06, 0.548026
1e-09, -2.52e-06, 0.575475
1e-09, -2.64e-06, 0.575475
1e-09, -2.76e-06, 0.575475
1e-09, -2.88e-06, 0.575475
1e-09, -3e-06, 0.575475
1e-09, -3.12e-06, 0.575475
1e-09, -3.24e-06, 0.575475
1e-09, -3.36e-06, 0.575475
1e-09, -3.48e-06, 0.575484
1e-09, -3.6e-06, 0.909215
1.1e-09, -0, 0.909215
1.1e-09, -1.2e-07, 0.575484
1.1e-09, -2.4e-07, 0.575475
1.1e-09, -3.6e-07, 0.575475
1.1e-09, -4.8e-07, 0.575475
1.1e-09, -6e-07, 0.575475
1.1e-09, -7.2e-07, 0.575475
1.1e-09, -8.4e-07, 0.575475
1.1e-09, -9.6e-07, 0.575475
1.1e-09, -1.08e-06, 0.575475
1.1e-09, -1.2e-06, 0.545288
1.1e-09, -1.32e-06, 0.545285
1.1e-09, -1.44e-06, 0.545285
1.1e-09, -1.56e-06, 0.545285
1.1e-09, -1.68e-06, 0.545285
1.1e-09, -1.8e-06, 0.545285
1.1e-09, -1.92e-06, 0.545285
1.1e-09, -2.04e-06, 0.545285
1.1e-09, -2.16e-06, 0.545285
1.1e-09, -2.28e-06, 0.545285
1.1e-09, -2.4e-06, 0.545288
1.1e-09, -2.52e-06, 0.575475
1.1e-09, -2.64e-06, 0.575475
1.1e-09, -2.76e-06, 0.575475
1.1e-09, -2.88e-06, 0.575475
1.1e-09, -3e-06, 0.575475
1.1e-09, -3.12e-06, 0.575475
1.1e-09, -3.24e-06, 0.575475
1.1e-09, -3.36e-06, 0.575475
1.1e-09, -3.48e-06, 0.575484
1.1e-09, -3.6e-06, 0.909215
1.2e-09, -0, 0.909215
1.2e-09, -1.2e-07, 0.575484
1.2e-09, -2.4e-07, 0.575475
1.2e-09, -3.6e-07, 0.575475
1.2e-09, -4.8e-07, 0.575475
1.2e-09, -6e-07, 0.575475
1.2e-09, -7.2e-07, 0.575475
1.2e-09, -8.4e-07, 0.575475
1.2e-09, -9.6e-07, 0.575475
1.2e-09, -1.08e-06, 0.575475
1.2e-09, -1.2e-06, 0.542787
1.2e-09, -1.32e-06, 0.542784
1.2e-09, -1.44e-06, 0.542784
1.2e-09, -1.56e-06, 0.542784
1.2e-09, -1.68e-06, 0.542784
1.2e-09, -1.8e-06, 0.542784
1.2e-09, -1.92e-06, 0.542784
1.2e-09, -2.04e-06, 0.542784
1.2e-09, -2.16e-06, 0.542784
1.2e-09, -2.28e-06, 0.542784
1.2e-09, -2.4e-06, 0.542787
1.2e-09, -2.52e-06, 0.575475
1.2e-09, -2.64e-06, 0.575475
1.2e-09, -2.76e-06, 0.575475
1.2e-09, -2.88e-06, 0.575475
1.2e-09, -3e-06, 0.575475
1.2e-09, -3.12e-06, 0.575475
1.2e-09, -3.24e-06, 0.575475
1.2e-09, -3.36e-06, 0.575475
1.2e-09, -3.48e-06, 0.575484
1.2e-09, -3.6e-06, 0.909215
1.3e-09, -0, 0.909215
1.3e-09, -1.2e-07, 0.575484
1.3e-09, -2.4e-07, 0.575475
1.3e-09, -3.6e-07, 0.575475
1.3e-09, -4.8e-07, 0.575475
1.3e-09, -6e-07, 0.575475
1.3e-09, -7.2e-07, 0.575475
1.3e-09, -8.4e-07, 0.575475
1.3e-09, -9.6e-07, 0.575475
1.3e-09, -1.08e-06, 0.575475
1.3e-09, -1.2e-06, 0.540501
1.3e-09, -1.32e-06, 0.540498
1.3e-09, -1.44e-06, 0.540498
1.3e-09, -1.56e-06, 0.540498
1.3e-09, -1.68e-06, 0.540498
1.3e-09, -1.8e-06, 0.540498
1.3e-09, -1.92e-06, 0.540498
1.3e-09, -2.04e-06, 0.540498
1.3e-09, -2.16e-06, 0.540498
1.3e-09, -2.28e-06, 0.540498
1.3e-09, -2.4e-06, 0.540501
1.3e-09, -2.52e-06, 0.575475
1.3e-09, -2.64e-06, 0.575475
1.3e-09, -2.76e-06, 0.575475
1.3e-09, -2.88e-06, 0.575475
1.3e-09, -3e-06, 0.575475
1.3e-09, -3.12e-06, 0.575475
1.3e-09, -3.24e-06, 0.575475
1.3e-09, -3.36e-06, 0.575475
1.3e-09, -3.48e-06, 0.575484
1.3e-09, -3.6e-06, 0.909215
1.4e-09, -0, 0.909215
1.4e-09, -1.2e-07, 0.575484
1.4e-09, -2.4e-07, 0.575475
1.4e-09, -3.6e-07, 0.575475
1.4e-09, -4.8e-07, 0.575475
1.4e-09, -6e-07, 0.575475
1.4e-09, -7.2e-07, 0.575475
1.4e-09, -8.4e-07, 0.575475
1.4e-09, -9.6e-07, 0.575475
1.4e-09, -1.08e-06, 0.575475
1.4e-09, -1.2e-06, 0.538412
1.4e-09, -1.32e-06, 0.538409
1.4e-09, -1.44e-06, 0.538409
1.4e-09, -1.56e-06, 0.538409
1.4e-09, -1.68e-06, 0.538409
1.4e-09, -1.8e-06, 0.538409
1.4e-09, -1.92e-06, 0.538409
1.4e-09, -2.04e-06, 0.538409
1.4e-09, -2.16e-06, 0.538409
1.4e-09, -2.28e-06, 0.538409
1.4e-09, -2.4e-06, 0.538412
1.4e-09, -2.52e-06, 0.575475
1.4e-09, -2.64e-06, 0.575475
1.4e-09, -2.76e-06, 0.575475
1.4e-09, -2.88e-06, 0.575475
1.4e-09, -3e-06, 0.575475
1.4e-09, -3.12e-06, 0.575475
1.4e-09, -3.24e-06, 0.575475
1.4e-09, -3.36e-06, 0.575475
1.4e-09, -3.48e-06, 0.575484
1.4e-09, -3.6e-06, 0.909215
1.5e-09, -0, 0.909215
1.5e-09, -1.2e-07, 0.575483
1.5e-09, -2.4e-07, 0.575475
1.5e-09, -3.6e-07, 0.575475
1.5e-09, -4.8e-07, 0.575475
1.5e-09, -6e-07, 0.575475
1.5e-09, -7.2e-07, 0.575475
1.5e-09, -8.4e-07, 0.575475
1.5e-09, -9.6e-07, 0.575475
1.5e-09, -1.08e-06, 0.575474
1.5e-09, -1.2e-06, 0.536504
1.5e-09, -1.32e-06, 0.536501
1.5e-09, -1.44e-06, 0.536501
1.5e-09, -1.56e-06, 0.536501
1.5e-09, -1.68e-06, 0.536501
1.5e-09, -1.8e-06, 0.536501
1.5e-09, -1.92e-06, 0.536501
1.5e-09, -2.04e-06, 0.536501
1.5e-09, -2.16e-06, 0.536501
1.5e-09, -2.28e-06, 0.536501
1.5e-09, -2.4e-06, 0.536504
1.5e-09, -2.52e-06, 0.575474
1.5e-09, -2.64e-06, 0.575475
1.5e-09, -2.76e-06, 0.575475
1.5e-09, -2.88e-06, 0.575475
1.5e-09, -3e-06, 0.575475
1.5e-09, -3.12e-06, 0.575475
1.5e-09, -3.24e-06, 0.575475
1.5e-09, -3.36e-06, 0.575475
1.5e-09, -3.48e-06, 0.575483
1.5e-09, -3.6e-06, 0.909215
1.6e-09, -0, 0.909215
1.6e-09, -1.2e-07, 0.575483
1.6e-09, -2.4e-07, 0.575475
1.6e-09, -3.6e-07, 0.575475
1.6e-09, -4.8e-07, 0.575475
1.6e-09, -6e-07, 0.575475
1.6e-09, -7.2e-07, 0.575475
1.6e-09, -8.4e-07, 0.575475
1.6e-09, -9.6e-07, 0.575475
1.6e-09, -1.08e-06, 0.575474
1.6e-09, -1.2e-06, 0.534765
1.6e-09, -1.32e-06, 0.534761
1.6e-09, -1.44e-06, 0.534761
1.6e-09, -1.56e-06, 0.534761
1.6e-09, -1.68e-06, 0.534761
1.6e-09, -1.8e-06, 0.534761
1.6e-09, -1.92e-06, 0.534761
1.6e-09, -2.04e-06, 0.534761
1.6e-09, -2.16e-06, 0.534761
1.6e-09, -2.28e-06, 0.534761
1.6e-09, -2.4e-06, 0.534765
1.6e-09, -2.52e-06, 0.575474
1.6e-09, -2.64e-06, 0.575475
1.6e-09, -2.76e-06, 0.575475
1.6e-09, -2.88e-06, 0.575475
1.6e-09, -3e-06, 0.575475
1.6e-09, -3.12e-06, 0.575475
1.6e-09, -3.24e-06, 0.575475
1.6e-09, -3.36e-06, 0.575475
1.6e-09, -3.48e-06, 0.575483
1.6e-09, -3.6e-06, 0.909215
1.7e-09, -0, 0.909215
1.7e-09, -1.2e-07, 0.575483
1.7e-09, -2.4e-07, 0.575475
1.7e-09, -3.6e-07, 0.575475
1.7e-09, -4.8e-07, 0.575475
1.7e-09, -6e-07, 0.575475
1.7e-09, -7.2e-07, 0.575475
1.7e-09, -8.4e-07, 0.575475
1.7e-09, -9.6e-07, 0.575475
1.7e-09, -1.08e-06, 0.575474
1.7e-09, -1.2e-06, 0.533182
1.7e-09, -1.32e-06, 0.533179
1.7e-09, -1.44e-06, 0.533179
1.7e-09, -1.56e-06, 0.533179
1.7e-09, -1.68e-06, 0.533179
1.7e-09, -1.8e-06, 0.533179
1.7e-09, -1.92e-06, 0.533179
1.7e-09, -2.04e-06, 0.533179
1.7e-09, -2.16e-06, 0.533179
1.7e-09, -2.28e-06, 0.533179
1.7e-09, -2.4e-06, 0.533182
1.7e-09, -2.52e-06, 0.575474
1.7e-09, -2.64e-06, 0.575475
1.7e-09, -2.76e-06, 0.575475
1.7e-09, -2.88e-06, 0.575475
1.7e-09, -3e-06, 0.575475
1.7e-09, -3.12e-06, 0.575475
1.7e-09, -3.24e-06, 0.575475
1.7e-09, -3.36e-06, 0.575475
1.7e-09, -3.48e-06, 0.575483
1.7e-09, -3.6e-06, 0.909215
1.8e-09, -0, 0.909215
1.8e-09, -1.2e-07, 0.575483
1.8e-09, -2.4e-07, 0.575475
1.8e-09, -3.6e-07, 0.575475
1.8e-09, -4.8e-07, 0.575475
1.8e-09, -6e-07, 0.575475
1.8e-09, -7.2e-07, 0.575475
1.8e-09, -8.4e-07, 0.575475
1.8e-09, -9.6e-07, 0.575475
1.8e-09, -1.08e-06, 0.575474
1.8e-09, -1.2e-06, 0.531747
1.8e-09, -1.32e-06, 0.531743
1.8e-09, -1.44e-06, 0.531743
1.8e-09, -1.56e-06, 0.531743
1.8e-09, -1.68e-06, 0.531743
1.8e-09, -1.8e-06, 0.531743
1.8e-09, -1.92e-06, 0.531743
1.8e-09, -2.04e-06, 0.531743
1.8e-09, -2.16e-06, 0.531743
1.8e-09, -2.28e-06, 0.531743
1.8e-09, -2.4e-06, 0.531747
1.8e-09, -2.52e-06, 0.575474
1.8e-09, -2.64e-06, 0.575475
1.8e-09, -2.76e-06, 0.575475
1.8e-09, -2.88e-06, 0.575475
1.8e-09, -3e-06, 0.575475
1.8e-09, -3.12e-06, 0.575475
1.8e-09, -3.24e-06, 0.575475
1.8e-09, -3.36e-06, 0.575475
1.8e-09, -3.48e-06, 0.575483
1.8e-09, -3.6e-06, 0.909215
1.9e-09, -0, 0.909215
1.9e-09, -1.2e-07, 0.575483
1.9e-09, -2.4e-07, 0.575475
1.9e-09, -3.6e-07, 0.575475
1.9e-09, -4.8e-07, 0.575475
1.9e-09, -6e-07, 0.575475
1.9e-09, -7.2e-07, 0.575475
1.9e-09, -8.4e-07, 0.575475
1.9e-09, -9.6e-07, 0.575475
1.9e-09, -1.08e-06, 0.575474
1.9e-09, -1.2e-06, 0.530451
1.9e-09, -1.32e-06, 0.530447
1.9e-09, -1.44e-06, 0.530447
1.9e-09, -1.56e-06, 0.530447
1.9e-09, -1.68e-06, 0.530447
1.9e-09, -1.8e-06, 0.530447
1.9e-09, -1.92e-06, 0.530447
1.9e-09, -2.04e-06, 0.530447
1.9e-09, -2.16e-06, 0.530447
1.9e-09, -2.28e-06, 0.530447
1.9e-09, -2.4e-06, 0.530451
1.9e-09, -2.52e-06, 0.575474
1.9e-09, -2.64e-06, 0.575475
1.9e-09, -2.76e-06, 0.575475
1.9e-09, -2.88e-06, 0.575475
1.9e-09, -3e-06, 0.575475
1.9e-09, -3.12e-06, 0.575475
1.9e-09, -3.24e-06, 0.575475
1.9e-09, -3.36e-06, 0.575475
1.9e-09, -3.48e-06, 0.575483
1.9e-09, -3.6e-06, 0.909215
2e-09, -0, 0.909215
2e-09, -1.2e-07, 0.575483
2e-09, -2.4e-07, 0.575475
2e-09, -3.6e-07, 0.575475
2e-09, -4.8e-07, 0.575475
2e-09, -6e-07, 0.575475
2e-09, -7.2e-07, 0.575475
2e-09, -8.4e-07, 0.575475
2e-09, -9.6e-07, 0.575475
2e-09, -1.08e-06, 0.575474
2e-09, -1.2e-06, 0.529288
2e-09, -1.32e-06, 0.529284
2e-09, -1.44e-06, 0.529284
2e-09, -1.56e-06, 0.529284
2e-09, -1.68e-06, 0.529284
2e-09, -1.8e-06, 0.529284
2e-09, -1.92e-06, 0.529284
2e-09, -2.04e-06, 0.529284
2e-09, -2.16e-06, 0.529284
2e-09, -2.28e-06, 0.529284
2e-09, -2.4e-06, 0.529288
2e-09, -2.52e-06, 0.575474
2e-09, -2.64e-06, 0.575475
2e-09, -2.76e-06, 0.575475
2e-09, -2.88e-06, 0.575475
2e-09, -3e-06, 0.575475
2e-09, -3.12e-06, 0.575475
2e-09, -3.24e-06, 0.575475
2e-09, -3.36e-06, 0.575475
2e-09, -3.48e-06, 0.575483
2e-09, -3.6e-06, 0.909215
2.1e-09, -0, 0.909215
2.1e-09, -1.2e-07, 0.575483
2.1e-09, -2.4e-07, 0.575475
2.1e-09, -3.6e-07, 0.575475
2.1e-09, -4.8e-07, 0.575475
2.1e-09, -6e-07, 0.575475
2.1e-09, -7.2e-07, 0.575475
2.1e-09, -8.4e-07, 0.575475
2.1e-09, -9.6e-07, 0.575475
2.1e-09, -1.08e-06, 0.575474
2.1e-09, -1.2e-06, 0.528251
2.1e-09, -1.32e-06, 0.528247
2.1e-09, -1.44e-06, 0.528247
2.1e-09, -1.56e-06, 0.528247
2.1e-09, -1.68e-06, 0.528247
2.1e-09, -1.8e-06, 0.528247
2.1e-09, -1.92e-06, 0.528247
2.1e-09, -2.04e-06, 0.528247
2.1e-09, -2.16e-06, 0.528247
2.1e-09, -2.28e-06, 0.528247
2.1e-09, -2.4e-06, 0.528251
2.1e-09, -2.52e-06, 0.575474
2.1e-09, -2.64e-06, 0.575475
2.1e-09, -2.76e-06, 0.575475
2.1e-09, -2.88e-06, 0.575475
2.1e-09, -3e-06, 0.575475
2.1e-09, -3.12e-06, 0.575475
2.1e-09, -3.24e-06, 0.575475
2.1e-09, -3.36e-06, 0.575475
2.1e-09, -3.48e-06, 0.575483
2.1e-09, -3.6e-06, 0.909215
2.2e-09, -0, 0.909215
2.2e-09, -1.2e-07, 0.575483
2.2e-09, -2.4e-07, 0.575475
2.2e-09, -3.6e-07, 0.575475
2.2e-09, -4.8e-07, 0.575475
2.2e-09, -6e-07, 0.575475
2.2e-09, -7.2e-07, 0.575475
2.2e-09, -8.4e-07, 0.575475
2.2e-09, -9.6e-07, 0.575475
2.2e-09, -1.08e-06, 0.575474
2.2e-09, -1.2e-06, 0.527335
2.2e-09, -1.32e-06, 0.527331
2.2e-09, -1.44e-06, 0.527331
2.2e-09, -1.56e-06, 0.527331
2.2e-09, -1.68e-06, 0.527331
2.2e-09, -1.8e-06, 0.527331
2.2e-09, -1.92e-06, 0.527331
2.2e-09, -2.04e-06, 0.527331
2.2e-09, -2.16e-06, 0.527331
2.2e-09, -2.28e-06, 0.527331
2.2e-09, -2.4e-06, 0.527335
2.2e-09, -2.52e-06, 0.575474
2.2e-09, -2.64e-06, 0.575475
2.2e-09, -2.76e-06, 0.575475
2.2e-09, -2.88e-06, 0.575475
2.2e-09, -3e-06, 0.575475
2.2e-09, -3.12e-06, 0.575475
2.2e-09, -3.24e-06, 0.575475
2.2e-09, -3.36e-06, 0.575475
2.2e-09, -3.48e-06, 0.575483
2.2e-09, -3.6e-06, 0.909215
2.3e-09, -0, 0.909215
2.3e-09, -1.2e-07, 0.575483
2.3e-09, -2.4e-07, 0.575475
2.3e-09, -3.6e-07, 0.575475
2.3e-09, -4.8e-07, 0.575475
2.3e-09, -6e-07, 0.575475
2.3e-09, -7.2e-07, 0.575475
2.3e-09, -8.4e-07, 0.575475
2.3e-09, -9.6e-07, 0.575475
2.3e-09, -1.08e-06, 0.575474
2.3e-09, -1.2e-06, 0.526537
2.3e-09, -1.32e-06, 0.526532
2.3e-09, -1.44e-06, 0.526532
2.3e-09, -1.56e-06, 0.526532
2.3e-09, -1.68e-06, 0.526532
2.3e-09, -1.8e-06, 0.526532
2.3e-09, -1.92e-06, 0.526532
2.3e-09, -2.04e-06, 0.526532
2.3e-09, -2.16e-06, 0.526532
2.3e-09, -2.28e-06, 0.526532
2.3e-09, -2.4e-06, 0.526537
2.3e-09, -2.52e-06, 0.575474
2.3e-09, -2.64e-06, 0.575475
2.3e-09, -2.76e-06, 0.575475
2.3e-09, -2.88e-06, 0.575475
2.3e-09, -3e-06, 0.575475
2.3e-09, -3.12e-06, 0.575475
2.3e-09, -3.24e-06, 0.575475
2.3e-09, -3.36e-06, 0.575475
2.3e-09, -3.48e-06, 0.575483
2.3e-09, -3.6e-06, 0.909215
2.4e-09, -0, 0.909215
2.4e-09, -1.2e-07, 0.575483
2.4e-09, -2.4e-07, 0.575475
2.4e-09, -3.6e-07, 0.575475
2.4e-09, -4.8e-07, 0.575475
2.4e-09, -6e-07, 0.575475
2.4e-09, -7.2e-07, 0.575475
2.4e-09, -8.4e-07, 0.575475
2.4e-09, -9.6e-07, 0.575475
2.4e-09, -1.08e-06, 0.575474
2.4e-09, -1.2e-06, 0.525852
2.4e-09, -1.32e-06, 0.525847
2.4e-09, -1.44e-06, 0.525847
2.4e-09, -1.56e-06, 0.525847
2.4e-09, -1.68e-06, 0.525847
2.4e-09, -1.8e-06, 0.525847
2.4e-09, -1.92e-06, 0.525847
2.4e-09, -2.04e-06, 0.525847
2.4e-09, -2.16e-06, 0.525847
2.4e-09, -2.28e-06, 0.525847
2.4e-09, -2.4e-06, 0.525852
2.4e-09, -2.52e-06, 0.575474
2.4e-09, -2.64e-06, 0.575475
2.4e-09, -2.76e-06, 0.575475
2.4e-09, -2.88e-06, 0.575475
2.4e-09, -3e-06, 0.575475
2.4e-09, -3.12e-06, 0.575475
2.4e-09, -3.24e-06, 0.575475
2.4e-09, -3.36e-06, 0.575475
2.4e-09, -3.48e-06, 0.575483
2.4e-09, -3.6e-06, 0.909215
2.5e-09, -0, 0.909215
2.5e-09, -1.2e-07, 0.575483
2.5e-09, -2.4e-07, 0.575475
2.5e-09, -3.6e-07, 0.575475
2.5e-09, -4.8e-07, 0.575475
2.5e-09, -6e-07, 0.575475
2.5e-09, -7.2e-07, 0.575475
2.5e-09, -8.4e-07, 0.575475
2.5e-09, -9.6e-07, 0.575475
2.5e-09, -1.08e-06, 0.575474
2.5e-09, -1.2e-06, 0.525277
2.5e-09, -1.32e-06, 0.525272
2.5e-09, -1.44e-06, 0.525272
2.5e-09, -1.56e-06, 0.525272
2.5e-09, -1.68e-06, 0.525272
2.5e-09, -1.8e-06, 0.525272
2.5e-09, -1.92e-06, 0.525272
2.5e-09, -2.04e-06, 0.525272
2.5e-09, -2.16e-06, 0.525272
2.5e-09, -2.28e-06, 0.525272
2.5e-09, -2.4e-06, 0.525277
2.5e-09, -2.52e-06, 0.575474
2.5e-09, -2.64e-06, 0.575475
2.5e-09, -2.76e-06, 0.575475
2.5e-09, -2.88e-06, 0.575475
2.5e-09, -3e-06, 0.575475
2.5e-09, -3.12e-06, 0.575475
2.5e-09, -3.24e-06, 0.575475
2.5e-09, -3.36e-06, 0.575475
2.5e-09, -3.48e-06, 0.575483
2.5e-09, -3.6e-06, 0.909215
2.6e-09, -0, 0.909215
2.6e-09, -1.2e-07, 0.575483
2.6e-09, -2.4e-07, 0.575475
2.6e-09, -3.6e-07, 0.575475
2.6e-09, -4.8e-07, 0.575475
2.6e-09, -6e-07, 0.575475
2.6e-09, -7.2e-07, 0.575475
2.6e-09, -8.4e-07, 0.575475
2.6e-09, -9.6e-07, 0.575475
2.6e-09, -1.08e-06, 0.575474
2.6e-09, -1.2e-06, 0.524809
2.6e-09, -1.32e-06, 0.524805
2.6e-09, -1.44e-06, 0.524805
2.6e-09, -1.56e-06, 0.524805
2.6e-09, -1.68e-06, 0.524805
2.6e-09, -1.8e-06, 0.524805
2.6e-09, -1.92e-06, 0.524805
2.6e-09, -2.04e-06, 0.524805
2.6e-09, -2.16e-06, 0.524805
2.6e-09, -2.28e-06, 0.524805
2.6e-09, -2.4e-06, 0.524809
2.6e-09, -2.52e-06, 0.575474
2.6e-09, -2.64e-06, 0.575475
2.6e-09, -2.76e-06, 0.575475
2.6e-09, -2.88e-06, 0.575475
2.6e-09, -3e-06, 0.575475
2.6e-09, -3.12e-06, 0.575475
2.6e-09, -3.24e-06, 0.575475
2.6e-09, -3.36e-06, 0.575475
2.6e-09, -3.48e-06, 0.575483
2.6e-09, -3.6e-06, 0.909215
2.7e-09, -0, 0.909215
2.7e-09, -1.2e-07, 0.575483
2.7e-09, -2.4e-07, 0.575475
2.7e-09, -3.6e-07, 0.575475
2.7e-09, -4.8e-07, 0.575475
2.7e-09, -6e-07, 0.575475
2.7e-09, -7.2e-07, 0.575475
2.7e-09, -8.4e-07, 0.575475
2.7e-09, -9.6e-07, 0.575475
2.7e-09, -1.08e-06, 0.575474
2.7e-09, -1.2e-06, 0.524448
2.7e-09, -1.32e-06, 0.524443
2.7e-09, -1.44e-06, 0.524443
2.7e-09, -1.56e-06, 0.524443
2.7e-09, -1.68e-06, 0.524443
2.7e-09, -1.8e-06, 0.524443
2.7e-09, -1.92e-06, 0.524443
2.7e-09, -2.04e-06, 0.524443
2.7e-09, -2.16e-06, 0.524443
2.7e-09, -2.28e-06, 0.524443
2.7e-09, -2.4e-06, 0.524448
2.7e-09, -2.52e-06, 0.575474
2.7e-09, -2.64e-06, 0.575475
2.7e-09, -2.76e-06, 0.575475
2.7e-09, -2.88e-06, 0.575475
2.7e-09, -3e-06, 0.575475
2.7e-09, -3.12e-06, 0.575475
2.7e-09, -3.24e-06, 0.575475
2.7e-09, -3.36e-06, 0.575475
2.7e-09, -3.48e-06, 0.575483
2.7e-09, -3.6e-06, 0.909215
2.8e-09, -0, 0.909215
2.8e-09, -1.2e-07, 0.575483
2.8e-09, -2.4e-07, 0.575475
2.8e-09, -3.6e-07, 0.575475
2.8e-09, -4.8e-07, 0.575475
2.8e-09, -6e-07, 0.575475
2.8e-09, -7.2e-07, 0.575475
2.8e-09, -8.4e-07, 0.575475
2.8e-09, -9.6e-07, 0.575475
2.8e-09, -1.08e-06, 0.575474
2.8e-09, -1.2e-06, 0.524191
2.8e-09, -1.32e-06, 0.524186
2.8e-09, -1.44e-06, 0.524186
2.8e-09, -1.56e-06, 0.524186
2.8e-09, -1.68e-06, 0.524186
2.8e-09, -1.8e-06, 0.524186
2.8e-09, -1.92e-06, 0.524186
2.8e-09, -2.04e-06, 0.524186
2.8e-09, -2.16e-06, 0.524186
2.8e-09, -2.28e-06, 0.524186
2.8e-09, -2.4e-06, 0.524191
2.8e-09, -2.52e-06, 0.575474
2.8e-09, -2.64e-06, 0.575475
2.8e-09, -2.76e-06, 0.575475
2.8e-09, -2.88e-06, 0.575475
2.8e-09, -3e-06, 0.575475
2.8e-09, -3.12e-06, 0.575475
2.8e-09, -3.24e-06, 0.575475
2.8e-09, -3.36e-06, 0.575475
2.8e-09, -3.48e-06, 0.575483
2.8e-09, -3.6e-06, 0.909215
2.9e-09, -0, 0.909215
2.9e-09, -1.2e-07, 0.575483
2.9e-09, -2.4e-07, 0.575475
2.9e-09, -3.6e-07, 0.575475
2.9e-09, -4.8e-07, 0.575475
2.9e-09, -6e-07, 0.575475
2.9e-09, -7.2e-07, 0.575475
2.9e-09, -8.4e-07, 0.575475
2.9e-09, -9.6e-07, 0.575475
2.9e-09, -1.08e-06, 0.575474
2.9e-09, -1.2e-06, 0.524037
2.9e-09, -1.32e-06, 0.524032
2.9e-09, -1.44e-06, 0.524032
2.9e-09, -1.56e-06, 0.524032
2.9e-09, -1.68e-06, 0.524032
2.9e-09, -1.8e-06, 0.524032
2.9e-09, -1.92e-06, 0.524032
2.9e-09, -2.04e-06, 0.524032
2.9e-09, -2.16e-06, 0.524032
2.9e-09, -2.28e-06, 0.524032
2.9e-09, -2.4e-06, 0.524037
2.9e-09, -2.52e-06, 0.575474
2.9e-09, -2.64e-06, 0.575475
2.9e-09, -2.76e-06, 0.575475
2.9e-09, -2.88e-06, 0.575475
2.9e-09, -3e-06, 0.575475
2.9e-09, -3.12e-06, 0.575475
2.9e-09, -3.24e-06, 0.575475
2.9e-09, -3.36e-06, 0.575475
2.9e-09, -3.48e-06, 0.575483
2.9e-09, -3.6e-06, 0.909215
3e-09, -0, 0.909215
3e-09, -1.2e-07, 0.575483
3e-09, -2.4e-07, 0.575475
3e-09, -3.6e-07, 0.575475
3e-09, -4.8e-07, 0.575475
3e-09, -6e-07, 0.575475
3e-09, -7.2e-07, 0.575475
3e-09, -8.4e-07, 0.575475
3e-09, -9.6e-07, 0.575475
3e-09, -1.08e-06, 0.575474
3e-09, -1.2e-06, 0.523986
3e-09, -1.32e-06, 0.523981
3e-09, -1.44e-06, 0.523981
3e-09, -1.56e-06, 0.523981
3e-09, -1.68e-06, 0.523981
3e-09, -1.8e-06, 0.523981
3e-09, -1.92e-06, 0.523981
3e-09, -2.04e-06, 0.523981
3e-09, -2.16e-06, 0.523981
3e-09, -2.28e-06, 0.523981
3e-09, -2.4e-06, 0.523986
3e-09, -2.52e-06, 0.575474
3e-09, -2.64e-06, 0.575475
3e-09, -2.76e-06, 0.575475
3e-09, -2.88e-06, 0.575475
3e-09, -3e-06, 0.575475
3e-09, -3.12e-06, 0.575475
3e-09, -3.24e-06, 0.575475
3e-09, -3.36e-06, 0.575475
3e-09, -3.48e-06, 0.575483
3e-09, -3.6e-06, 0.909215
3.1e-09, -0, 0.909215
3.1e-09, -1.2e-07, 0.575483
3.1e-09, -2.4e-07, 0.575475
3.1e-09, -3.6e-07, 0.575475
3.1e-09, -4.8e-07, 0.575475
3.1e-09, -6e-07, 0.575475
3.1e-09, -7.2e-07, 0.575475
3.1e-09, -8.4e-07, 0.575475
3.1e-09, -9.6e-07, 0.575475
3.1e-09, -1.08e-06, 0.575474
3.1e-09, -1.2e-06, 0.524037
3.1e-09, -1.32e-06, 0.524032
3.1e-09, -1.44e-06, 0.524032
3.1e-09, -1.56e-06, 0.524032
3.1e-09, -1.68e-06, 0.524032
3.1e-09, -1.8e-06, 0.524032
3.1e-09, -1.92e-06, 0.524032
3.1e-09, -2.04e-06, 0.524032
3.1e-09, -2.16e-06, 0.524032
3.1e-09, -2.28e-06, 0.524032
3.1e-09, -2.4e-06, 0.524037
3.1e-09, -2.52e-06, 0.575474
3.1e-09, -2.64e-06, 0.575475
3.1e-09, -2.76e-06, 0.575475
3.1e-09, -2.88e-06, 0.575475
3.1e-09, -3e-06, 0.575475
3.1e-09, -3.12e-06, 0.575475
3.1e-09, -3.24e-06, 0.575475
3.1e-09, -3.36e-06, 0.575475
3.1e-09, -3.48e-06, 0.575483
3.1e-09, -3.6e-06, 0.909215
3.2e-09, -0, 0.909215
3.2e-09, -1.2e-07, 0.575483
3.2e-09, -2.4e-07, 0.575475
3.2e-09, -3.6e-07, 0.575475
3.2e-09, -4.8e-07, 0.575475
3.2e-09, -6e-07, 0.575475
3.2e-09, -7.2e-07, 0.575475
3.2e-09, -8.4e-07, 0.575475
3.2e-09, -9.6e-07, 0.575475
3.2e-09, -1.08e-06, 0.575474
3.2e-09, -1.2e-06, 0.524191
3.2e-09, -1.32e-06, 0.524186
3.2e-09, -1.44e-06, 0.524186
3.2e-09, -1.56e-06, 0.524186
3.2e-09, -1.68e-06, 0.524186
3.2e-09, -1.8e-06, 0.524186
3.2e-09, -1.92e-06, 0.524186
3.2e-09, -2.04e-06, 0.524186
3.2e-09, -2.16e-06, 0.524186
3.2e-09, -2.28e-06, 0.524186
3.2e-09, -2.4e-06, 0.524191
3.2e-09, -2.52e-06, 0.575474
3.2e-09, -2.64e-06, 0.575475
3.2e-09, -2.76e-06, 0.575475
3.2e-09, -2.88e-06, 0.575475
3.2e-09, -3e-06, 0.575475
3.2e-09, -3.12e-06, 0.575475
3.2e-09, -3.24e-06, 0.575475
3.2e-09, -3.36e-06, 0.575475
3.2e-09, -3.48e-06, 0.575483
3.2e-09, -3.6e-06, 0.909215
3.3e-09, -0, 0.909215
3.3e-09, -1.2e-07, 0.575483
3.3e-09, -2.4e-07, 0.575475
3.3e-09, -3.6e-07, 0.575475
3.3e-09, -4.8e-07, 0.575475
3.3e-09, -6e-07, 0.575475
3.3e-09, -7.2e-07, 0.575475
3.3e-09, -8.4e-07, 0.575475
3.3e-09, -9.6e-07, 0.575475
3.3e-09, -1.08e-06, 0.575474
3.3e-09, -1.2e-06, 0.524448
3.3e-09, -1.32e-06, 0.524443
3.3e-09, -1.44e-06, 0.524443
3.3e-09, -1.56e-06, 0.524443
3.3e-09, -1.68e-06, 0.524443
3.3e-09, -1.8e-06, 0.524443
3.3e-09, -1.92e-06, 0.524443
3.3e-09, -2.04e-06, 0.524443
3.3e-09, -2.16e-06, 0.524443
3.3e-09, -2.28e-06, 0.524443
3.3e-09, -2.4e-06, 0.524448
3.3e-09, -2.52e-06, 0.575474
3.3e-09, -2.64e-06, 0.575475
3.3e-09, -2.76e-06, 0.575475
3.3e-09, -2.88e-06, 0.575475
3.3e-09, -3e-06, 0.575475
3.3e-09, -3.12e-06, 0.575475
3.3e-09, -3.24e-06, 0.575475
3.3e-09, -3.36e-06, 0.575475
3.3e-09, -3.48e-06, 0.575483
3.3e-09, -3.6e-06, 0.909215
3.4e-09, -0, 0.909215
3.4e-09, -1.2e-07, 0.575483
3.4e-09, -2.4e-07, 0.575475
3.4e-09, -3.6e-07, 0.575475
3.4e-09, -4.8e-07, 0.575475
3.4e-09, -6e-07, 0.575475
3.4e-09, -7.2e-07, 0.575475
3.4e-09, -8.4e-07, 0.575475
3.4e-09, -9.6e-07, 0.575475
3.4e-09, -1.08e-06, 0.575474
3.4e-09, -1.2e-06, 0.524809
3.4e-09, -1.32e-06, 0.524805
3.4e-09, -1.44e-06, 0.524805
3.4e-09, -1.56e-06, 0.524805
3.4e-09, -1.68e-06, 0.524805
3.4e-09, -1.8e-06, 0.524805
3.4e-09, -1.92e-06, 0.524805
3.4e-09, -2.04e-06, 0.524805
3.4e-09, -2.16e-06, 0.524805
3.4e-09, -2.28e-06, 0.524805
3.4e-09, -2.4e-06, 0.524809
3.4e-09, -2.52e-06, 0.575474
3.4e-09, -2.64e-06, 0.575475
3.4e-09, -2.76e-06, 0.575475
3.4e-09, -2.88e-06, 0.575475
3.4e-09, -3e-06, 0.575475
3.4e-09, -3.12e-06, 0.575475
3.4e-09, -3.24e-06, 0.575475
3.4e-09, -3.36e-06, 0.575475
3.4e-09, -3.48e-06, 0.575483
3.4e-09, -3.6e-06, 0.909215
3.5e-09, -0, 0.909215
3.5e-09, -1.2e-07, 0.575483
3.5e-09, -2.4e-07, 0.575475
3.5e-09, -3.6e-07, 0.575475
3.5e-09, -4.8e-07, 0.575475
3.5e-09, -6e-07, 0.575475
3.5e-09, -7.2e-07, 0.575475
3.5e-09, -8.4e-07, 0.575475
3.5e-09, -9.6e-07, 0.575475
3.5e-09, -1.08e-06, 0.575474
3.5e-09, -1.2e-06, 0.525277
3.5e-09, -1.32e-06, 0.525272
3.5e-09, -1.44e-06, 0.525272
3.5e-09, -1.56e-06, 0.525272
3.5e-09, -1.68e-06, 0.525272
3.5e-09, -1.8e-06, 0.525272
3.5e-09, -1.92e-06, 0.525272
3.5e-09, -2.04e-06, 0.525272
3.5e-09, -2.16e-06, 0.525272
3.5e-09, -2.28e-06, 0.525272
3.5e-09, -2.4e-06, 0.525277
3.5e-09, -2.52e-06, 0.575474
3.5e-09, -2.64e-06, 0.575475
3.5e-09, -2.76e-06, 0.575475
3.5e-09, -2.88e-06, 0.575475
3.5e-09, -3e-06, 0.575475
3.5e-09, -3.12e-06, 0.575475
3.5e-09, -3.24e-06, 0.575475
3.5e-09, -3.36e-06, 0.575475
3.5e-09, -3.48e-06, 0.575483
3.5e-09, -3.6e-06, 0.909215
3.6e-09, -0, 0.909215
3.6e-09, -1.2e-07, 0.575483
3.6e-09, -2.4e-07, 0.575475
3.6e-09, -3.6e-07, 0.575475
3.6e-09, -4.8e-07, 0.575475
3.6e-09, -6e-07, 0.575475
3.6e-09, -7.2e-07, 0.575475
3.6e-09, -8.4e-07, 0.575475
3.6e-09, -9.6e-07, 0.575475
3.6e-09, -1.08e-06, 0.575474
3.6e-09, -1.2e-06, 0.525852
3.6e-09, -1.32e-06, 0.525847
3.6e-09, -1.44e-06, 0.525847
3.6e-09, -1.56e-06, 0.525847
3.6e-09, -1.68e-06, 0.525847
3.6e-09, -1.8e-06, 0.525847
3.6e-09, -1.92e-06, 0.525847
3.6e-09, -2.04e-06, 0.525847
3.6e-09, -2.16e-06, 0.525847
3.6e-09, -2.28e-06, 0.525847
3.6e-09, -2.4e-06, 0.525852
3.6e-09, -2.52e-06, 0.575474
3.6e-09, -2.64e-06, 0.575475
3.6e-09, -2.76e-06, 0.575475
3.6e-09, -2.88e-06, 0.575475
3.6e-09, -3e-06, 0.575475
3.6e-09, -3.12e-06, 0.575475
3.6e-09, -3.24e-06, 0.575475
3.6e-09, -3.36e-06, 0.575475
3.6e-09, -3.48e-06, 0.575483
3.6e-09, -3.6e-06, 0.909215
3.7e-09, -0, 0.909215
3.7e-09, -1.2e-07, 0.575483
3.7e-09, -2.4e-07, 0.575475
3.7e-09, -3.6e-07, 0.575475
3.7e-09, -4.8e-07, 0.575475
3.7e-09, -6e-07, 0.575475
3.7e-09, -7.2e-07, 0.575475
3.7e-09, -8.4e-07, 0.575475
3.7e-09, -9.6e-07, 0.575475
3.7e-09, -1.08e-06, 0.575474
3.7e-09, -1.2e-06, 0.526537
3.7e-09, -1.32e-06, 0.526532
3.7e-09, -1.44e-06, 0.526532
3.7e-09, -1.56e-06, 0.526532
3.7e-09, -1.68e-06, 0.526532
3.7e-09, -1.8e-06, 0.526532
3.7e-09, -1.92e-06, 0.526532
3.7e-09, -2.04e-06, 0.526532
3.7e-09, -2.16e-06, 0.526532
3.7e-09, -2.28e-06, 0.526532
3.7e-09, -2.4e-06, 0.526537
3.7e-09, -2.52e-06, 0.575474
3.7e-09, -2.64e-06, 0.575475
3.7e-09, -2.76e-06, 0.575475
3.7e-09, -2.88e-06, 0.575475
3.7e-09, -3e-06, 0.575475
3.7e-09, -3.12e-06, 0.575475
3.7e-09, -3.24e-06, 0.575475
3.7e-09, -3.36e-06, 0.575475
3.7e-09, -3.48e-06, 0.575483
3.7e-09, -3.6e-06, 0.909215
3.8e-09, -0, 0.909215
3.8e-09, -1.2e-07, 0.575483
3.8e-09, -2.4e-07, 0.575475
3.8e-09, -3.6e-07, 0.575475
3.8e-09, -4.8e-07, 0.575475
3.8e-09, -6e-07, 0.575475
3.8e-09, -7.2e-07, 0.575475
3.8e-09, -8.4e-07, 0.575475
3.8e-09, -9.6e-07, 0.575475
3.8e-09, -1.08e-06, 0.575474
3.8e-09, -1.2e-06, 0.527335
3.8e-09, -1.32e-06, 0.527331
3.8e-09, -1.44e-06, 0.527331
3.8e-09, -1.56e-06, 0.527331
3.8e-09, -1.68e-06, 0.527331
3.8e-09, -1.8e-06, 0.527331
3.8e-09, -1.92e-06, 0.527331
3.8e-09, -2.04e-06, 0.527331
3.8e-09, -2.16e-06, 0.527331
3.8e-09, -2.28e-06, 0.527331
3.8e-09, -2.4e-06, 0.527335
3.8e-09, -2.52e-06, 0.575474
3.8e-09, -2.64e-06, 0.575475
3.8e-09, -2.76e-06, 0.575475
3.8e-09, -2.88e-06, 0.575475
3.8e-09, -3e-06, 0.575475
3.8e-09, -3.12e-06, 0.575475
3.8e-09, -3.24e-06, 0.575475
3.8e-09, -3.36e-06, 0.575475
3.8e-09, -3.48e-06, 0.575483
3.8e-09, -3.6e-06, 0.909215
3.9e-09, -0, 0.909215
3.9e-09, -1.2e-07, 0.575483
3.9e-09, -2.4e-07, 0.575475
3.9e-09, -3.6e-07, 0.575475
3.9e-09, -4.8e-07, 0.575475
3.9e-09, -6e-07, 0.575475
3.9e-09, -7.2e-07, 0.575475
3.9e-09, -8.4e-07, 0.575475
3.9e-09, -9.6e-07, 0.575475
3.9e-09, -1.08e-06, 0.575474
3.9e-09, -1.2e-06, 0.528251
3.9e-09, -1.32e-06, 0.528247
3.9e-09, -1.44e-06, 0.528247
3.9e-09, -1.56e-06, 0.528247
3.9e-09, -1.68e-06, 0.528247
3.9e-09, -1.8e-06, 0.528247
3.9e-09, -1.92e-06, 0.528247
3.9e-09, -2.04e-06, 0.528247
3.9e-09, -2.16e-06, 0.528247
3.9e-09, -2.28e-06, 0.528247
3.9e-09, -2.4e-06, 0.528251
3.9e-09, -2.52e-06, 0.575474
3.9e-09, -2.64e-06, 0.575475
3.9e-09, -2.76e-06, 0.575475
3.9e-09, -2.88e-06, 0.575475
3.9e-09, -3e-06, 0.575475
3.9e-09, -3.12e-06, 0.575475
3.9e-09, -3.24e-06, 0.575475
3.9e-09, -3.36e-06, 0.575475
3.9e-09, -3.48e-06, 0.575483
3.9e-09, -3.6e-06, 0.909215
4e-09, -0, 0.909215
4e-09, -1.2e-07, 0.575483
4e-09, -2.4e-07, 0.575475
4e-09, -3.6e-07, 0.575475
4e-09, -4.8e-07, 0.575475
4e-09, -6e-07, 0.575475
4e-09, -7.2e-07, 0.575475
4e-09, -8.4e-07, 0.575475
4e-09, -9.6e-07, 0.575475
4e-09, -1.08e-06, 0.575474
4e-09, -1.2e-06, 0.529288
4e-09, -1.32e-06, 0.529284
4e-09, -1.44e-06, 0.529284
4e-09, -1.56e-06, 0.529284
4e-09, -1.68e-06, 0.529284
4e-09, -1.8e-06, 0.529284
4e-09, -1.92e-06, 0.529284
4e-09, -2.04e-06, 0.529284
4e-09, -2.16e-06, 0.529284
4e-09, -2.28e-06, 0.529284
4e-09, -2.4e-06, 0.529288
4e-09, -2.52e-06, 0.575474
4e-09, -2.64e-06, 0.575475
4e-09, -2.76e-06, 0.575475
4e-09, -2.88e-06, 0.575475
4e-09, -3e-06, 0.575475
4e-09, -3.12e-06, 0.575475
4e-09, -3.24e-06, 0.575475
4e-09, -3.36e-06, 0.575475
4e-09, -3.48e-06, 0.575483
4e-09, -3.6e-06, 0.909215
4.1e-09, -0, 0.909215
4.1e-09, -1.2e-07, 0.575483
4.1e-09, -2.4e-07, 0.575475
4.1e-09, -3.6e-07, 0.575475
4.1e-09, -4.8e-07, 0.575475
4.1e-09, -6e-07, 0.575475
4.1e-09, -7.2e-07, 0.575475
4.1e-09, -8.4e-07, 0.575475
4.1e-09, -9.6e-07, 0.575475
4.1e-09, -1.08e-06, 0.575474
4.1e-09, -1.2e-06, 0.530451
4.1e-09, -1.32e-06, 0.530447
4.1e-09, -1.44e-06, 0.530447
4.1e-09, -1.56e-06, 0.530447
4.1e-09, -1.68e-06, 0.530447
4.1e-09, -1.8e-06, 0.530447
4.1e-09, -1.92e-06, 0.530447
4.1e-09, -2.04e-06, 0.530447
4.1e-09, -2.16e-06, 0.530447
4.1e-09, -2.28e-06, 0.530447
4.1e-09, -2.4e-06, 0.530451
4.1e-09, -2.52e-06, 0.575474
4.1e-09, -2.64e-06, 0.575475
4.1e-09, -2.76e-06, 0.575475
4.1e-09, -2.88e-06, 0.575475
4.1e-09, -3e-06, 0.575475
4.1e-09, -3.12e-06, 0.575475
4.1e-09, -3.24e-06, 0.575475
4.1e-09, -3.36e-06, 0.575475
4.1e-09, -3.48e-06, 0.575483
4.1e-09, -3.6e-06, 0.909215
4.2e-09, -0, 0.909215
4.2e-09, -1.2e-07, 0.575483
4.2e-09, -2.4e-07, 0.575475
4.2e-09, -3.6e-07, 0.575475
4.2e-09, -4.8e-07, 0.575475
4.2e-09, -6e-07, 0.575475
4.2e-09, -7.2e-07, 0.575475
4.2e-09, -8.4e-07, 0.575475
4.2e-09, -9.6e-07, 0.575475
4.2e-09, -1.08e-06, 0.575474
4.2e-09, -1.2e-06, 0.531747
4.2e-09, -1.32e-06, 0.531743
4.2e-09, -1.44e-06, 0.531743
4.2e-09, -1.56e-06, 0.531743
4.2e-09, -1.68e-06, 0.531743
4.2e-09, -1.8e-06, 0.531743
4.2e-09, -1.92e-06, 0.531743
4.2e-09, -2.04e-06, 0.531743
4.2e-09, -2.16e-06, 0.531743
4.2e-09, -2.28e-06, 0.531743
4.2e-09, -2.4e-06, 0.531747
4.2e-09, -2.52e-06, 0.575474
4.2e-09, -2.64e-06, 0.575475
4.2e-09, -2.76e-06, 0.575475
4.2e-09, -2.88e-06, 0.575475
4.2e-09, -3e-06, 0.575475
4.2e-09, -3.12e-06, 0.575475
4.2e-09, -3.24e-06, 0.575475
4.2e-09, -3.36e-06, 0.575475
4.2e-09, -3.48e-06, 0.575483
4.2e-09, -3.6e-06, 0.909215
4.3e-09, -0, 0.909215
4.3e-09, -1.2e-07, 0.575483
4.3e-09, -2.4e-07, 0.575475
4.3e-09, -3.6e-07, 0.575475
4.3e-09, -4.8e-07, 0.575475
4.3e-09, -6e-07, 0.575475
4.3e-09, -7.2e-07, 0.575475
4.3e-09, -8.4e-07, 0.575475
4.3e-09, -9.6e-07, 0.575475
4.3e-09, -1.08e-06, 0.575474
4.3e-09, -1.2e-06, 0.533182
4.3e-09, -1.32e-06, 0.533179
4.3e-09, -1.44e-06, 0.533179
4.3e-09, -1.56e-06, 0.533179
4.3e-09, -1.68e-06, 0.533179
4.3e-09, -1.8e-06, 0.533179
4.3e-09, -1.92e-06, 0.533179
4.3e-09, -2.04e-06, 0.533179
4.3e-09, -2.16e-06, 0.533179
4.3e-09, -2.28e-06, 0.533179
4.3e-09, -2.4e-06, 0.533182
4.3e-09, -2.52e-06, 0.575474
4.3e-09, -2.64e-06, 0.575475
4.3e-09, -2.76e-06, 0.575475
4.3e-09, -2.88e-06, 0.575475
4.3e-09, -3e-06, 0.575475
4.3e-09, -3.12e-06, 0.575475
4.3e-09, -3.24e-06, 0.575475
4.3e-09, -3.36e-06, 0.575475
4.3e-09, -3.48e-06, 0.575483
4.3e-09, -3.6e-06, 0.909215
4.4e-09, -0, 0.909215
4.4e-09, -1.2e-07, 0.575483
4.4e-09, -2.4e-07, 0.575475
4.4e-09, -3.6e-07, 0.575475
4.4e-09, -4.8e-07, 0.575475
4.4e-09, -6e-07, 0.575475
4.4e-09, -7.2e-07, 0.575475
4.4e-09, -8.4e-07, 0.575475
4.4e-09, -9.6e-07, 0.575475
4.4e-09, -1.08e-06, 0.575474
4.4e-09, -1.2e-06, 0.534765
4.4e-09, -1.32e-06, 0.534761
4.4e-09, -1.44e-06, 0.534761
4.4e-09, -1.56e-06, 0.534761
4.4e-09, -1.68e-06, 0.534761
4.4e-09, -1.8e-06, 0.534761
4.4e-09, -1.92e-06, 0.534761
4.4e-09, -2.04e-06, 0.534761
4.4e-09, -2.16e-06, 0.534761
4.4e-09, -2.28e-06, 0.534761
4.4e-09, -2.4e-06, 0.534765
4.4e-09, -2.52e-06, 0.575474
4.4e-09, -2.64e-06, 0.575475
4.4e-09, -2.76e-06, 0.575475
4.4e-09, -2.88e-06, 0.575475
4.4e-09, -3e-06, 0.575475
4.4e-09, -3.12e-06, 0.575475
4.4e-09, -3.24e-06, 0.575475
4.4e-09, -3.36e-06, 0.575475
4.4e-09, -3.48e-06, 0.575483
4.4e-09, -3.6e-06, 0.909215
4.5e-09, -0, 0.909215
4.5e-09, -1.2e-07, 0.575483
4.5e-09, -2.4e-07, 0.575475
4.5e-09, -3.6e-07, 0.575475
4.5e-09, -4.8e-07, 0.575475
4.5e-09, -6e-07, 0.575475
4.5e-09, -7.2e-07, 0.575475
4.5e-09, -8.4e-07, 0.575475
4.5e-09, -9.6e-07, 0.575475
4.5e-09, -1.08e-06, 0.575474
4.5e-09, -1.2e-06, 0.536504
4.5e-09, -1.32e-06, 0.536501
4.5e-09, -1.44e-06, 0.536501
4.5e-09, -1.56e-06, 0.536501
4.5e-09, -1.68e-06, 0.536501
4.5e-09, -1.8e-06, 0.536501
4.5e-09, -1.92e-06, 0.536501
4.5e-09, -2.04e-06, 0.536501
4.5e-09, -2.16e-06, 0.536501
4.5e-09, -2.28e-06, 0.536501
4.5e-09, -2.4e-06, 0.536504
4.5e-09, -2.52e-06, 0.575474
4.5e-09, -2.64e-06, 0.575475
4.5e-09, -2.76e-06, 0.575475
4.5e-09, -2.88e-06, 0.575475
4.5e-09, -3e-06, 0.575475
4.5e-09, -3.12e-06, 0.575475
4.5e-09, -3.24e-06, 0.575475
4.5e-09, -3.36e-06, 0.575475
4.5e-09, -3.48e-06, 0.575483
4.5e-09, -3.6e-06, 0.909215
4.6e-09, -0, 0.909215
4.6e-09, -1.2e-07, 0.575484
4.6e-09, -2.4e-07, 0.575475
4.6e-09, -3.6e-07, 0.575475
4.6e-09, -4.8e-07, 0.575475
4.6e-09, -6e-07, 0.575475
4.6e-09, -7.2e-07, 0.575475
4.6e-09, -8.4e-07, 0.575475
4.6e-09, -9.6e-07, 0.575475
4.6e-09, -1.08e-06, 0.575475
4.6e-09, -1.2e-06, 0.538412
4.6e-09, -1.32e-06, 0.538409
4.6e-09, -1.44e-06, 0.538409
4.6e-09, -1.56e-06, 0.538409
4.6e-09, -1.68e-06, 0.538409
4.6e-09, -1.8e-06, 0.538409
4.6e-09, -1.92e-06, 0.538409
4.6e-09, -2.04e-06, 0.538409
4.6e-09, -2.16e-06, 0.538409
4.6e-09, -2.28e-06, 0.538409
4.6e-09, -2.4e-06, 0.538412
4.6e-09, -2.52e-06, 0.575475
4.6e-09, -2.64e-06, 0.575475
4.6e-09, -2.76e-06, 0.575475
4.6e-09, -2.88e-06, 0.575475
4.6e-09, -3e-06, 0.575475
4.6e-09, -3.12e-06, 0.575475
4.6e-09, -3.24e-06, 0.575475
4.6e-09, -3.36e-06, 0.575475
4.6e-09, -3.48e-06, 0.575484
4.6e-09, -3.6e-06, 0.909215
4.7e-09, -0, 0.909215
4.7e-09, -1.2e-07, 0.575484
4.7e-09, -2.4e-07, 0.575475
4.7e-09, -3.6e-07, 0.575475
4.7e-09, -4.8e-07, 0.575475
4.7e-09, -6e-07, 0.575475
4.7e-09, -7.2e-07, 0.575475
4.7e-09, -8.4e-07, 0.575475
4.7e-09, -9.6e-07, 0.575475
4.7e-09, -1.08e-06, 0.575475
4.7e-09, -1.2e-06, 0.540501
4.7e-09, -1.32e-06, 0.540498
4.7e-09, -1.44e-06, 0.540498
4.7e-09, -1.56e-06, 0.540498
4.7e-09, -1.68e-06, 0.540498
4.7e-09, -1.8e-06, 0.540498
4.7e-09, -1.92e-06, 0.540498
4.7e-09, -2.04e-06, 0.540498
4.7e-09, -2.16e-06, 0.540498
4.7e-09, -2.28e-06, 0.540498
4.7e-09, -2.4e-06, 0.540501
4.7e-09, -2.52e-06, 0.575475
4.7e-09, -2.64e-06, 0.575475
4.7e-09, -2.76e-06, 0.575475
4.7e-09, -2.88e-06, 0.575475
4.7e-09, -3e-06, 0.575475
4.7e-09, -3.12e-06, 0.575475
4.7e-09, -3.24e-06, 0.575475
4.7e-09, -3.36e-06, 0.575475
4.7e-09, -3.48e-06, 0.575484
4.7e-09, -3.6e-06, 0.909215
4.8e-09, -0, 0.909215
4.8e-09, -1.2e-07, 0.575484
4.8e-09, -2.4e-07, 0.575475
4.8e-09, -3.6e-07, 0.575475
4.8e-09, -4.8e-07, 0.575475
4.8e-09, -6e-07, 0.575475
4.8e-09, -7.2e-07, 0.575475
4.8e-09, -8.4e-07, 0.575475
4.8e-09, -9.6e-07, 0.575475
4.8e-09, -1.08e-06, 0.575475
4.8e-09, -1.2e-06, 0.542787
4.8e-09, -1.32e-06, 0.542784
4.8e-09, -1.44e-06, 0.542784
4.8e-09, -1.56e-06, 0.542784
4.8e-09, -1.68e-06, 0.542784
4.8e-09, -1.8e-06, 0.542784
4.8e-09, -1.92e-06, 0.542784
4.8e-09, -2.04e-06, 0.542784
4.8e-09, -2.16e-06, 0.542784
4.8e-09, -2.28e-06, 0.542784
4.8e-09, -2.4e-06, 0.542787
4.8e-09, -2.52e-06, 0.575475
4.8e-09, -2.64e-06, 0.575475
4.8e-09, -2.76e-06, 0.575475
4.8e-09, -2.88e-06, 0.575475
4.8e-09, -3e-06, 0.575475
4.8e-09, -3.12e-06, 0.575475
4.8e-09, -3.24e-06, 0.575475
4.8e-09, -3.36e-06, 0.575475
4.8e-09, -3.48e-06, 0.575484
4.8e-09, -3.6e-06, 0.909215
4.9e-09, -0, 0.909215
4.9e-09, -1.2e-07, 0.575484
4.9e-09, -2.4e-07, 0.575475
4.9e-09, -3.6e-07, 0.575475
4.9e-09, -4.8e-07, 0.575475
4.9e-09, -6e-07, 0.575475
4.9e-09, -7.2e-07, 0.575475
4.9e-09, -8.4e-07, 0.575475
4.9e-09, -9.6e-07, 0.575475
4.9e-09, -1.08e-06, 0.575475
4.9e-09, -1.2e-06, 0.545288
4.9e-09, -1.32e-06, 0.545285
4.9e-09, -1.44e-06, 0.545285
4.9e-09, -1.56e-06, 0.545285
4.9e-09, -1.68e-06, 0.545285
4.9e-09, -1.8e-06, 0.545285
4.9e-09, -1.92e-06, 0.545285
4.9e-09, -2.04e-06, 0.545285
4.9e-09, -2.16e-06, 0.545285
4.9e-09, -2.28e-06, 0.545285
4.9e-09, -2.4e-06, 0.545288
4.9e-09, -2.52e-06, 0.575475
4.9e-09, -2.64e-06, 0.575475
4.9e-09, -2.76e-06, 0.575475
4.9e-09, -2.88e-06, 0.575475
4.9e-09, -3e-06, 0.575475
4.9e-09, -3.12e-06, 0.575475
4.9e-09, -3.24e-06, 0.575475
4.9e-09, -3.36e-06, 0.575475
4.9e-09, -3.48e-06, 0.575484
4.9e-09, -3.6e-06, 0.909215
5e-09, -0, 0.909215
5e-09, -1.2e-07, 0.575484
5e-09, -2.4e-07, 0.575475
5e-09, -3.6e-07, 0.575475
5e-09, -4.8e-07, 0.575475
5e-09, -6e-07, 0.575475
5e-09, -7.2e-07, 0.575475
5e-09, -8.4e-07, 0.575475
5e-09, -9.6e-07, 0.575475
5e-09, -1.08e-06, 0.575475
5e-09, -1.2e-06, 0.548026
5e-09, -1.32e-06, 0.548024
5e-09, -1.44e-06, 0.548024
5e-09, -1.56e-06, 0.548024
5e-09, -1.68e-06, 0.548024
5e-09, -1.8e-06, 0.548024
5e-09, -1.92e-06, 0.548024
5e-09, -2.04e-06, 0.548024
5e-09, -2.16e-06, 0.548024
5e-09, -2.28e-06, 0.548024
5e-09, -2.4e-06, 0.548026
5e-09, -2.52e-06, 0.575475
5e-09, -2.64e-06, 0.575475
5e-09, -2.76e-06, 0.575475
5e-09, -2.88e-06, 0.575475
5e-09, -3e-06, 0.575475
5e-09, -3.12e-06, 0.575475
5e-09, -3.24e-06, 0.575475
5e-09, -3.36e-06, 0.575475
5e-09, -3.48e-06, 0.575484
5e-09, -3.6e-06, 0.909215
5.1e-09, -0, 0.909215
5.1e-09, -1.2e-07, 0.575484
5.1e-09, -2.4e-07, 0.575475
5.1e-09, -3.6e-07, 0.575475
5.1e-09, -4.8e-07, 0.575475
5.1e-09, -6e-07, 0.575475
5.1e-09, -7.2e-07, 0.575475
5.1e-09, -8.4e-07, 0.575475
5.1e-09, -9.6e-07, 0.575475
5.1e-09, -1.08e-06, 0.575475
5.1e-09, -1.2e-06, 0.551029
5.1e-09, -1.32e-06, 0.551027
5.1e-09, -1.44e-06, 0.551027
5.1e-09, -1.56e-06, 0.551027
5.1e-09, -1.68e-06, 0.551027
5.1e-09, -1.8e-06, 0.551027
5.1e-09, -1.92e-06, 0.551027
5.1e-09, -2.04e-06, 0.551027
5.1e-09, -2.16e-06, 0.551027
5.1e-09, -2.28e-06, 0.551027
5.1e-09, -2.4e-06, 0.551029
5.1e-09, -2.52e-06, 0.575475
5.1e-09, -2.64e-06, 0.575475
5.1e-09, -2.76e-06, 0.575475
5.1e-09, -2.88e-06, 0.575475
5.1e-09, -3e-06, 0.575475
5.1e-09, -3.12e-06, 0.575475
5.1e-09, -3.24e-06, 0.575475
5.1e-09, -3.36e-06, 0.575475
5.1e-09, -3.48e-06, 0.575484
5.1e-09, -3.6e-06, 0.909215
5.2e-09, -0, 0.909215
5.2e-09, -1.2e-07, 0.575484
5.2e-09, -2.4e-07, 0.575475
5.2e-09, -3.6e-07, 0.575475
5.2e-09, -4.8e-07, 0.575475
5.2e-09, -6e-07, 0.575475
5.2e-09, -7.2e-07, 0.575475
5.2e-09, -8.4e-07, 0.575475
5.2e-09, -9.6e-07, 0.575475
5.2e-09, -1.08e-06, 0.575475
5.2e-09, -1.2e-06, 0.554329
5.2e-09, -1.32e-06, 0.554327
5.2e-09, -1.44e-06, 0.554327
5.2e-09, -1.56e-06, 0.554327
5.2e-09, -1.68e-06, 0.554327
5.2e-09, -1.8e-06, 0.554327
5.2e-09, -1.92e-06, 0.554327
5.2e-09, -2.04e-06, 0.554327
5.2e-09, -2.16e-06, 0.554327
5.2e-09, -2.28e-06, 0.554327
5.2e-09, -2.4e-06, 0.554329
5.2e-09, -2.52e-06, 0.575475
5.2e-09, -2.64e-06, 0.575475
5.2e-09, -2.76e-06, 0.575475
5.2e-09, -2.88e-06, 0.575475
5.2e-09, -3e-06, 0.575475
5.2e-09, -3.12e-06, 0.575475
5.2e-09, -3.24e-06, 0.575475
5.2e-09, -3.36e-06, 0.575475
5.2e-09, -3.48e-06, 0.575484
5.2e-09, -3.6e-06, 0.909215
5.3e-09, -0, 0.909215
5.3e-09, -1.2e-07, 0.575485
5.3e-09, -2.4e-07, 0.575475
5.3e-09, -3.6e-07, 0.575475
5.3e-09, -4.8e-07, 0.575475
5.3e-09, -6e-07, 0.575475
5.3e-09, -7.2e-07, 0.575475
5.3e-09, -8.4e-07, 0.575475
5.3e-09, -9.6e-07, 0.575475
5.3e-09, -1.08e-06, 0.575475
5.3e-09, -1.2e-06, 0.557968
5.3e-09, -1.32e-06, 0.557966
5.3e-09, -1.44e-06, 0.557966
5.3e-09, -1.56e-06, 0.557966
5.3e-09, -1.68e-06, 0.557966
5.3e-09, -1.8e-06, 0.557966
5.3e-09, -1.92e-06, 0.557966
5.3e-09, -2.04e-06, 0.557966
5.3e-09, -2.16e-06, 0.557966
5.3e-09, -2.28e-06, 0.557966
5.3e-09, -2.4e-06, 0.557968
5.3e-09, -2.52e-06, 0.575475
5.3e-09, -2.64e-06, 0.575475
5.3e-09, -2.76e-06, 0.575475
5.3e-09, -2.88e-06, 0.575475
5.3e-09, -3e-06, 0.575475
5.3e-09, -3.12e-06, 0.575475
5.3e-09, -3.24e-06, 0.575475
5.3e-09, -3.36e-06, 0.575475
5.3e-09, -3.48e-06, 0.575485
5.3e-09, -3.6e-06, 0.909215
5.4e-09, -0, 0.909215
5.4e-09, -1.2e-07, 0.575485
5.4e-09, -2.4e-07, 0.575475
5.4e-09, -3.6e-07, 0.575475
5.4e-09, -4.8e-07, 0.575475
5.4e-09, -6e-07, 0.575475
5.4e-09, -7.2e-07, 0.575475
5.4e-09, -8.4e-07, 0.575475
5.4e-09, -9.6e-07, 0.575475
5.4e-09, -1.08e-06, 0.575475
5.4e-09, -1.2e-06, 0.561996
5.4e-09, -1.32e-06, 0.561994
5.4e-09, -1.44e-06, 0.561994
5.4e-09, -1.56e-06, 0.561994
5.4e-09, -1.68e-06, 0.561994
5.4e-09, -1.8e-06, 0.561994
5.4e-09, -1.92e-06, 0.561994
5.4e-09, -2.04e-06, 0.561994
5.4e-09, -2.16e-06, 0.561994
5.4e-09, -2.28e-06, 0.561994
5.4e-09, -2.4e-06, 0.561996
5.4e-09, -2.52e-06, 0.575475
5.4e-09, -2.64e-06, 0.575475
5.4e-09, -2.76e-06, 0.575475
5.4e-09, -2.88e-06, 0.575475
5.4e-09, -3e-06, 0.575475
5.4e-09, -3.12e-06, 0.575475
5.4e-09, -3.24e-06, 0.575475
5.4e-09, -3.36e-06, 0.575475
5.4e-09, -3.48e-06, 0.575485
5.4e-09, -3.6e-06, 0.909215
5.5e-09, -0, 0.909215
5.5e-09, -1.2e-07, 0.575485
5.5e-09, -2.4e-07, 0.575475
5.5e-09, -3.6e-07, 0.575475
5.5e-09, -4.8e-07, 0.575475
5.5e-09, -6e-07, 0.575475
5.5e-09, -7.2e-07, 0.575475
5.5e-09, -8.4e-07, 0.575475
5.5e-09, -9.6e-07, 0.575475
5.5e-09, -1.08e-06, 0.575475
5.5e-09, -1.2e-06, 0.56648
5.5e-09, -1.32e-06, 0.566478
5.5e-09, -1.44e-06, 0.566478
5.5e-09, -1.56e-06, 0.566478
5.5e-09, -1.68e-06, 0.566478
5.5e-09, -1.8e-06, 0.566478
5.5e-09, -1.92e-06, 0.566478
5.5e-09, -2.04e-06, 0.566478
5.5e-09, -2.16e-06, 0.566478
5.5e-09, -2.28e-06, 0.566478
5.5e-09, -2.4e-06, 0.56648
5.5e-09, -2.52e-06, 0.575475
5.5e-09, -2.64e-06, 0.575475
5.5e-09, -2.76e-06, 0.575475
5.5e-09, -2.88e-06, 0.575475
5.5e-09, -3e-06, 0.575475
5.5e-09, -3.12e-06, 0.575475
5.5e-09, -3.24e-06, 0.575475
5.5e-09, -3.36e-06, 0.575475
5.5e-09, -3.48e-06, 0.575485
5.5e-09, -3.6e-06, 0.909215
5.6e-09, -0, 0.909213
5.6e-09, -1.2e-07, 0.575486
5.6e-09, -2.4e-07, 0.575475
5.6e-09, -3.6e-07, 0.575475
5.6e-09, -4.8e-07, 0.575475
5.6e-09, -6e-07, 0.575475
5.6e-09, -7.2e-07, 0.575475
5.6e-09, -8.4e-07, 0.575475
5.6e-09, -9.6e-07, 0.575475
5.6e-09, -1.08e-06, 0.575475
5.6e-09, -1.2e-06, 0.579932
5.6e-09, -1.32e-06, 0.57993
5.6e-09, -1.44e-06, 0.57993
5.6e-09, -1.56e-06, 0.57993
5.6e-09, -1.68e-06, 0.57993
5.6e-09, -1.8e-06, 0.57993
5.6e-09, -1.92e-06, 0.57993
5.6e-09, -2.04e-06, 0.57993
5.6e-09, -2.16e-06, 0.57993
5.6e-09, -2.28e-06, 0.57993
5.6e-09, -2.4e-06, 0.579932
5.6e-09, -2.52e-06, 0.575475
5.6e-09, -2.64e-06, 0.575475
5.6e-09, -2.76e-06, 0.575475
5.6e-09, -2.88e-06, 0.575475
5.6e-09, -3e-06, 0.575475
5.6e-09, -3.12e-06, 0.575475
5.6e-09, -3.24e-06, 0.575475
5.6e-09, -3.36e-06, 0.575475
5.6e-09, -3.48e-06, 0.575486
5.6e-09, -3.6e-06, 0.909213
5.7e-09, -0, 0.909211
5.7e-09, -1.2e-07, 0.575487
5.7e-09, -2.4e-07, 0.575475
5.7e-09, -3.6e-07, 0.575475
5.7e-09, -4.8e-07, 0.575475
5.7e-09, -6e-07, 0.575475
5.7e-09, -7.2e-07, 0.575475
5.7e-09, -8.4e-07, 0.575475
5.7e-09, -9.6e-07, 0.575475
5.7e-09, -1.08e-06, 0.575475
5.7e-09, -1.2e-06, 0.593384
5.7e-09, -1.32e-06, 0.593383
5.7e-09, -1.44e-06, 0.593383
5.7e-09, -1.56e-06, 0.593383
5.7e-09, -1.68e-06, 0.593383
5.7e-09, -1.8e-06, 0.593383
5.7e-09, -1.92e-06, 0.593383
5.7e-09, -2.04e-06, 0.593383
5.7e-09, -2.16e-06, 0.593383
5.7e-09, -2.28e-06, 0.593383
5.7e-09, -2.4e-06, 0.593384
5.7e-09, -2.52e-06, 0.575475
5.7e-09, -2.64e-06, 0.575475
5.7e-09, -2.76e-06, 0.575475
5.7e-09, -2.88e-06, 0.575475
5.7e-09, -3e-06, 0.575475
5.7e-09, -3.12e-06, 0.575475
5.7e-09, -3.24e-06, 0.575475
5.7e-09, -3.36e-06, 0.575475
5.7e-09, -3.48e-06, 0.575487
5.7e-09, -3.6e-06, 0.909211
5.8e-09, -0, 0.90921
5.8e-09, -1.2e-07, 0.575488
5.8e-09, -2.4e-07, 0.575475
5.8e-09, -3.6e-07, 0.575475
5.8e-09, -4.8e-07, 0.575475
5.8e-09, -6e-07, 0.575475
5.8e-09, -7.2e-07, 0.575475
5.8e-09, -8.4e-07, 0.575475
5.8e-09, -9.6e-07, 0.575475
5.8e-09, -1.08e-06, 0.575475
5.8e-09, -1.2e-06, 0.606836
5.8e-09, -1.32e-06, 0.606835
5.8e-09, -1.44e-06, 0.606835
5.8e-09, -1.56e-06, 0.606835
5.8e-09, -1.68e-06, 0.606835
5.8e-09, -1.8e-06, 0.606835
5.8e-09, -1.92e-06, 0.606835
5.8e-09, -2.04e-06, 0.606835
5.8e-09, -2.16e-06, 0.606835
5.8e-09, -2.28e-06, 0.606835
5.8e-09, -2.4e-06, 0.606836
5.8e-09, -2.52e-06, 0.575475
5.8e-09, -2.64e-06, 0.575475
5.8e-09, -2.76e-06, 0.575475
5.8e-09, -2.88e-06, 0.575475
5.8e-09, -3e-06, 0.575475
5.8e-09, -3.12e-06, 0.575475
5.8e-09, -3.24e-06, 0.575475
5.8e-09, -3.36e-06, 0.575475
5.8e-09, -3.48e-06, 0.575488
5.8e-09, -3.6e-06, 0.90921
5.9e-09, -0, 0.909209
5.9e-09, -1.2e-07, 0.575488
5.9e-09, -2.4e-07, 0.575475
5.9e-09, -3.6e-07, 0.575475
5.9e-09, -4.8e-07, 0.575475
5.9e-09, -6e-07, 0.575475
5.9e-09, -7.2e-07, 0.575475
5.9e-09, -8.4e-07, 0.575475
5.9e-09, -9.6e-07, 0.575475
5.9e-09, -1.08e-06, 0.575475
5.9e-09, -1.2e-06, 0.620288
5.9e-09, -1.32e-06, 0.620288
5.9e-09, -1.44e-06, 0.620288
5.9e-09, -1.56e-06, 0.620288
5.9e-09, -1.68e-06, 0.620288
5.9e-09, -1.8e-06, 0.620288
5.9e-09, -1.92e-06, 0.620288
5.9e-09, -2.04e-06, 0.620288
5.9e-09, -2.16e-06, 0.620288
5.9e-09, -2.28e-06, 0.620288
5.9e-09, -2.4e-06, 0.620288
5.9e-09, -2.52e-06, 0.575475
5.9e-09, -2.64e-06, 0.575475
5.9e-09, -2.76e-06, 0.575475
5.9e-09, -2.88e-06, 0.575475
5.9e-09, -3e-06, 0.575475
5.9e-09, -3.12e-06, 0.575475
5.9e-09, -3.24e-06, 0.575475
5.9e-09, -3.36e-06, 0.575475
5.9e-09, -3.48e-06, 0.575488
5.9e-09, -3.6e-06, 0.909209
6e-09, -0, 0.909209
6e-09, -1.2e-07, 0.575488
6e-09, -2.4e-07, 0.575475
6e-09, -3.6e-07, 0.575475
6e-09, -4.8e-07, 0.575475
6e-09, -6e-07, 0.575475
6e-09, -7.2e-07, 0.575475
6e-09, -8.4e-07, 0.575475
6e-09, -9.6e-07, 0.575475
6e-09, -1.08e-06, 0.575475
6e-09, -1.2e-06, 0.63374
6e-09, -1.32e-06, 0.63374
6e-09, -1.44e-06, 0.63374
6e-09, -1.56e-06, 0.63374
6e-09, -1.68e-06, 0.63374
6e-09, -1.8e-06, 0.63374
6e-09, -1.92e-06, 0.63374
6e-09, -2.04e-06, 0.63374
6e-09, -2.16e-06, 0.63374
6e-09, -2.28e-06, 0.63374
6e-09, -2.4e-06, 0.63374
6e-09, -2.52e-06, 0.575475
6e-09, -2.64e-06, 0.575475
6e-09, -2.76e-06, 0.575475
6e-09, -2.88e-06, 0.575475
6e-09, -3e-06, 0.575475
6e-09, -3.12e-06, 0.575475
6e-09, -3.24e-06, 0.575475
6e-09, -3.36e-06, 0.575475
6e-09, -3.48e-06, 0.575488
6e-09, -3.6e-06, 0.909209
