0, -0, 0.909209
0, -1.2e-07, 0.575488
0, -2.4e-07, 0.575475
0, -3.6e-07, 0.575475
0, -4.8e-07, 0.575475
0, -6e-07, 0.575475
0, -7.2e-07, 0.575475
0, -8.4e-07, 0.575475
0, -9.6e-07, 0.575475
0, -1.08e-06, 0.575477
0, -1.2e-06, 0.73374
0, -1.32e-06, 0.73374
0, -1.44e-06, 0.73374
0, -1.56e-06, 0.73374
0, -1.68e-06, 0.73374
0, -1.8e-06, 0.73374
0, -1.92e-06, 0.73374
0, -2.04e-06, 0.73374
0, -2.16e-06, 0.73374
0, -2.28e-06, 0.73374
0, -2.4e-06, 0.73374
0, -2.52e-06, 0.575477
0, -2.64e-06, 0.575475
0, -2.76e-06, 0.575475
0, -2.88e-06, 0.575475
0, -3e-06, 0.575475
0, -3.12e-06, 0.575475
0, -3.24e-06, 0.575475
0, -3.36e-06, 0.575475
0, -3.48e-06, 0.575488
0, -3.6e-06, 0.909209
1e-10, -0, 0.909209
1e-10, -1.2e-07, 0.575488
1e-10, -2.4e-07, 0.575475
1e-10, -3.6e-07, 0.575475
1e-10, -4.8e-07, 0.575475
1e-10, -6e-07, 0.575475
1e-10, -7.2e-07, 0.575475
1e-10, -8.4e-07, 0.575475
1e-10, -9.6e-07, 0.575475
1e-10, -1.08e-06, 0.575477
1e-10, -1.2e-06, 0.707046
1e-10, -1.32e-06, 0.707046
1e-10, -1.44e-06, 0.707046
1e-10, -1.56e-06, 0.707046
1e-10, -1.68e-06, 0.707046
1e-10, -1.8e-06, 0.707046
1e-10, -1.92e-06, 0.707046
1e-10, -2.04e-06, 0.707046
1e-10, -2.16e-06, 0.707046
1e-10, -2.28e-06, 0.707046
1e-10, -2.4e-06, 0.707046
1e-10, -2.52e-06, 0.575477
1e-10, -2.64e-06, 0.575475
1e-10, -2.76e-06, 0.575475
1e-10, -2.88e-06, 0.575475
1e-10, -3e-06, 0.575475
1e-10, -3.12e-06, 0.575475
1e-10, -3.24e-06, 0.575475
1e-10, -3.36e-06, 0.575475
1e-10, -3.48e-06, 0.575488
1e-10, -3.6e-06, 0.909209
2e-10, -0, 0.90921
2e-10, -1.2e-07, 0.575488
2e-10, -2.4e-07, 0.575475
2e-10, -3.6e-07, 0.575475
2e-10, -4.8e-07, 0.575475
2e-10, -6e-07, 0.575475
2e-10, -7.2e-07, 0.575475
2e-10, -8.4e-07, 0.575475
2e-10, -9.6e-07, 0.575475
2e-10, -1.08e-06, 0.575477
2e-10, -1.2e-06, 0.680353
2e-10, -1.32e-06, 0.680353
2e-10, -1.44e-06, 0.680353
2e-10, -1.56e-06, 0.680353
2e-10, -1.68e-06, 0.680353
2e-10, -1.8e-06, 0.680353
2e-10, -1.92e-06, 0.680353
2e-10, -2.04e-06, 0.680353
2e-10, -2.16e-06, 0.680353
2e-10, -2.28e-06, 0.680353
2e-10, -2.4e-06, 0.680353
2e-10, -2.52e-06, 0.575477
2e-10, -2.64e-06, 0.575475
2e-10, -2.76e-06, 0.575475
2e-10, -2.88e-06, 0.575475
2e-10, -3e-06, 0.575475
2e-10, -3.12e-06, 0.575475
2e-10, -3.24e-06, 0.575475
2e-10, -3.36e-06, 0.575475
2e-10, -3.48e-06, 0.575488
2e-10, -3.6e-06, 0.90921
3e-10, -0, 0.909211
3e-10, -1.2e-07, 0.575487
3e-10, -2.4e-07, 0.575475
3e-10, -3.6e-07, 0.575475
3e-10, -4.8e-07, 0.575475
3e-10, -6e-07, 0.575475
3e-10, -7.2e-07, 0.575475
3e-10, -8.4e-07, 0.575475
3e-10, -9.6e-07, 0.575475
3e-10, -1.08e-06, 0.575476
3e-10, -1.2e-06, 0.653659
3e-10, -1.32e-06, 0.653659
3e-10, -1.44e-06, 0.653659
3e-10, -1.56e-06, 0.653659
3e-10, -1.68e-06, 0.653659
3e-10, -1.8e-06, 0.653659
3e-10, -1.92e-06, 0.653659
3e-10, -2.04e-06, 0.653659
3e-10, -2.16e-06, 0.653659
3e-10, -2.28e-06, 0.653659
3e-10, -2.4e-06, 0.653659
3e-10, -2.52e-06, 0.575476
3e-10, -2.64e-06, 0.575475
3e-10, -2.76e-06, 0.575475
3e-10, -2.88e-06, 0.575475
3e-10, -3e-06, 0.575475
3e-10, -3.12e-06, 0.575475
3e-10, -3.24e-06, 0.575475
3e-10, -3.36e-06, 0.575475
3e-10, -3.48e-06, 0.575487
3e-10, -3.6e-06, 0.909211
4e-10, -0, 0.909213
4e-10, -1.2e-07, 0.575486
4e-10, -2.4e-07, 0.575475
4e-10, -3.6e-07, 0.575475
4e-10, -4.8e-07, 0.575475
4e-10, -6e-07, 0.575475
4e-10, -7.2e-07, 0.575475
4e-10, -8.4e-07, 0.575475
4e-10, -9.6e-07, 0.575475
4e-10, -1.08e-06, 0.575476
4e-10, -1.2e-06, 0.626966
4e-10, -1.32e-06, 0.626966
4e-10, -1.44e-06, 0.626966
4e-10, -1.56e-06, 0.626966
4e-10, -1.68e-06, 0.626966
4e-10, -1.8e-06, 0.626966
4e-10, -1.92e-06, 0.626966
4e-10, -2.04e-06, 0.626966
4e-10, -2.16e-06, 0.626966
4e-10, -2.28e-06, 0.626966
4e-10, -2.4e-06, 0.626966
4e-10, -2.52e-06, 0.575476
4e-10, -2.64e-06, 0.575475
4e-10, -2.76e-06, 0.575475
4e-10, -2.88e-06, 0.575475
4e-10, -3e-06, 0.575475
4e-10, -3.12e-06, 0.575475
4e-10, -3.24e-06, 0.575475
4e-10, -3.36e-06, 0.575475
4e-10, -3.48e-06, 0.575486
4e-10, -3.6e-06, 0.909213
5e-10, -0, 0.909215
5e-10, -1.2e-07, 0.575485
5e-10, -2.4e-07, 0.575475
5e-10, -3.6e-07, 0.575475
5e-10, -4.8e-07, 0.575475
5e-10, -6e-07, 0.575475
5e-10, -7.2e-07, 0.575475
5e-10, -8.4e-07, 0.575475
5e-10, -9.6e-07, 0.575475
5e-10, -1.08e-06, 0.575476
5e-10, -1.2e-06, 0.600273
5e-10, -1.32e-06, 0.600272
5e-10, -1.44e-06, 0.600272
5e-10, -1.56e-06, 0.600272
5e-10, -1.68e-06, 0.600272
5e-10, -1.8e-06, 0.600272
5e-10, -1.92e-06, 0.600272
5e-10, -2.04e-06, 0.600272
5e-10, -2.16e-06, 0.600272
5e-10, -2.28e-06, 0.600272
5e-10, -2.4e-06, 0.600273
5e-10, -2.52e-06, 0.575476
5e-10, -2.64e-06, 0.575475
5e-10, -2.76e-06, 0.575475
5e-10, -2.88e-06, 0.575475
5e-10, -3e-06, 0.575475
5e-10, -3.12e-06, 0.575475
5e-10, -3.24e-06, 0.575475
5e-10, -3.36e-06, 0.575475
5e-10, -3.48e-06, 0.575485
5e-10, -3.6e-06, 0.909215
6e-10, -0, 0.909215
6e-10, -1.2e-07, 0.575485
6e-10, -2.4e-07, 0.575475
6e-10, -3.6e-07, 0.575475
6e-10, -4.8e-07, 0.575475
6e-10, -6e-07, 0.575475
6e-10, -7.2e-07, 0.575475
6e-10, -8.4e-07, 0.575475
6e-10, -9.6e-07, 0.575475
6e-10, -1.08e-06, 0.575476
6e-10, -1.2e-06, 0.591375
6e-10, -1.32e-06, 0.591375
6e-10, -1.44e-06, 0.591375
6e-10, -1.56e-06, 0.591375
6e-10, -1.68e-06, 0.591375
6e-10, -1.8e-06, 0.591375
6e-10, -1.92e-06, 0.591375
6e-10, -2.04e-06, 0.591375
6e-10, -2.16e-06, 0.591375
6e-10, -2.28e-06, 0.591375
6e-10, -2.4e-06, 0.591375
6e-10, -2.52e-06, 0.575476
6e-10, -2.64e-06, 0.575475
6e-10, -2.76e-06, 0.575475
6e-10, -2.88e-06, 0.575475
6e-10, -3e-06, 0.575475
6e-10, -3.12e-06, 0.575475
6e-10, -3.24e-06, 0.575475
6e-10, -3.36e-06, 0.575475
6e-10, -3.48e-06, 0.575485
6e-10, -3.6e-06, 0.909215
7e-10, -0, 0.909215
7e-10, -1.2e-07, 0.575485
7e-10, -2.4e-07, 0.575475
7e-10, -3.6e-07, 0.575475
7e-10, -4.8e-07, 0.575475
7e-10, -6e-07, 0.575475
7e-10, -7.2e-07, 0.575475
7e-10, -8.4e-07, 0.575475
7e-10, -9.6e-07, 0.575475
7e-10, -1.08e-06, 0.575476
7e-10, -1.2e-06, 0.583904
7e-10, -1.32e-06, 0.583904
7e-10, -1.44e-06, 0.583904
7e-10, -1.56e-06, 0.583904
7e-10, -1.68e-06, 0.583904
7e-10, -1.8e-06, 0.583904
7e-10, -1.92e-06, 0.583904
7e-10, -2.04e-06, 0.583904
7e-10, -2.16e-06, 0.583904
7e-10, -2.28e-06, 0.583904
7e-10, -2.4e-06, 0.583904
7e-10, -2.52e-06, 0.575476
7e-10, -2.64e-06, 0.575475
7e-10, -2.76e-06, 0.575475
7e-10, -2.88e-06, 0.575475
7e-10, -3e-06, 0.575475
7e-10, -3.12e-06, 0.575475
7e-10, -3.24e-06, 0.575475
7e-10, -3.36e-06, 0.575475
7e-10, -3.48e-06, 0.575485
7e-10, -3.6e-06, 0.909215
8e-10, -0, 0.909215
8e-10, -1.2e-07, 0.575484
8e-10, -2.4e-07, 0.575475
8e-10, -3.6e-07, 0.575475
8e-10, -4.8e-07, 0.575475
8e-10, -6e-07, 0.575475
8e-10, -7.2e-07, 0.575475
8e-10, -8.4e-07, 0.575475
8e-10, -9.6e-07, 0.575475
8e-10, -1.08e-06, 0.575475
8e-10, -1.2e-06, 0.577502
8e-10, -1.32e-06, 0.577502
8e-10, -1.44e-06, 0.577502
8e-10, -1.56e-06, 0.577502
8e-10, -1.68e-06, 0.577502
8e-10, -1.8e-06, 0.577502
8e-10, -1.92e-06, 0.577502
8e-10, -2.04e-06, 0.577502
8e-10, -2.16e-06, 0.577502
8e-10, -2.28e-06, 0.577502
8e-10, -2.4e-06, 0.577502
8e-10, -2.52e-06, 0.575475
8e-10, -2.64e-06, 0.575475
8e-10, -2.76e-06, 0.575475
8e-10, -2.88e-06, 0.575475
8e-10, -3e-06, 0.575475
8e-10, -3.12e-06, 0.575475
8e-10, -3.24e-06, 0.575475
8e-10, -3.36e-06, 0.575475
8e-10, -3.48e-06, 0.575484
8e-10, -3.6e-06, 0.909215
9e-10, -0, 0.909215
9e-10, -1.2e-07, 0.575484
9e-10, -2.4e-07, 0.575475
9e-10, -3.6e-07, 0.575475
9e-10, -4.8e-07, 0.575475
9e-10, -6e-07, 0.575475
9e-10, -7.2e-07, 0.575475
9e-10, -8.4e-07, 0.575475
9e-10, -9.6e-07, 0.575475
9e-10, -1.08e-06, 0.575475
9e-10, -1.2e-06, 0.571933
9e-10, -1.32e-06, 0.571933
9e-10, -1.44e-06, 0.571933
9e-10, -1.56e-06, 0.571933
9e-10, -1.68e-06, 0.571933
9e-10, -1.8e-06, 0.571933
9e-10, -1.92e-06, 0.571933
9e-10, -2.04e-06, 0.571933
9e-10, -2.16e-06, 0.571933
9e-10, -2.28e-06, 0.571933
9e-10, -2.4e-06, 0.571933
9e-10, -2.52e-06, 0.575475
9e-10, -2.64e-06, 0.575475
9e-10, -2.76e-06, 0.575475
9e-10, -2.88e-06, 0.575475
9e-10, -3e-06, 0.575475
9e-10, -3.12e-06, 0.575475
9e-10, -3.24e-06, 0.575475
9e-10, -3.36e-06, 0.575475
9e-10, -3.48e-06, 0.575484
9e-10, -3.6e-06, 0.909215
1e-09, -0, 0.909215
1e-09, -1.2e-07, 0.575484
1e-09, -2.4e-07, 0.575475
1e-09, -3.6e-07, 0.575475
1e-09, -4.8e-07, 0.575475
1e-09, -6e-07, 0.575475
1e-09, -7.2e-07, 0.575475
1e-09, -8.4e-07, 0.575475
1e-09, -9.6e-07, 0.575475
1e-09, -1.08e-06, 0.575475
1e-09, -1.2e-06, 0.567035
1e-09, -1.32e-06, 0.567035
1e-09, -1.44e-06, 0.567035
1e-09, -1.56e-06, 0.567035
1e-09, -1.68e-06, 0.567035
1e-09, -1.8e-06, 0.567035
1e-09, -1.92e-06, 0.567035
1e-09, -2.04e-06, 0.567035
1e-09, -2.16e-06, 0.567035
1e-09, -2.28e-06, 0.567035
1e-09, -2.4e-06, 0.567035
1e-09, -2.52e-06, 0.575475
1e-09, -2.64e-06, 0.575475
1e-09, -2.76e-06, 0.575475
1e-09, -2.88e-06, 0.575475
1e-09, -3e-06, 0.575475
1e-09, -3.12e-06, 0.575475
1e-09, -3.24e-06, 0.575475
1e-09, -3.36e-06, 0.575475
1e-09, -3.48e-06, 0.575484
1e-09, -3.6e-06, 0.909215
1.1e-09, -0, 0.909215
1.1e-09, -1.2e-07, 0.575484
1.1e-09, -2.4e-07, 0.575475
1.1e-09, -3.6e-07, 0.575475
1.1e-09, -4.8e-07, 0.575475
1.1e-09, -6e-07, 0.575475
1.1e-09, -7.2e-07, 0.575475
1.1e-09, -8.4e-07, 0.575475
1.1e-09, -9.6e-07, 0.575475
1.1e-09, -1.08e-06, 0.575475
1.1e-09, -1.2e-06, 0.562692
1.1e-09, -1.32e-06, 0.562691
1.1e-09, -1.44e-06, 0.562691
1.1e-09, -1.56e-06, 0.562691
1.1e-09, -1.68e-06, 0.562691
1.1e-09, -1.8e-06, 0.562691
1.1e-09, -1.92e-06, 0.562691
1.1e-09, -2.04e-06, 0.562691
1.1e-09, -2.16e-06, 0.562691
1.1e-09, -2.28e-06, 0.562691
1.1e-09, -2.4e-06, 0.562692
1.1e-09, -2.52e-06, 0.575475
1.1e-09, -2.64e-06, 0.575475
1.1e-09, -2.76e-06, 0.575475
1.1e-09, -2.88e-06, 0.575475
1.1e-09, -3e-06, 0.575475
1.1e-09, -3.12e-06, 0.575475
1.1e-09, -3.24e-06, 0.575475
1.1e-09, -3.36e-06, 0.575475
1.1e-09, -3.48e-06, 0.575484
1.1e-09, -3.6e-06, 0.909215
1.2e-09, -0, 0.909215
1.2e-09, -1.2e-07, 0.575484
1.2e-09, -2.4e-07, 0.575475
1.2e-09, -3.6e-07, 0.575475
1.2e-09, -4.8e-07, 0.575475
1.2e-09, -6e-07, 0.575475
1.2e-09, -7.2e-07, 0.575475
1.2e-09, -8.4e-07, 0.575475
1.2e-09, -9.6e-07, 0.575475
1.2e-09, -1.08e-06, 0.575475
1.2e-09, -1.2e-06, 0.558818
1.2e-09, -1.32e-06, 0.558817
1.2e-09, -1.44e-06, 0.558817
1.2e-09, -1.56e-06, 0.558817
1.2e-09, -1.68e-06, 0.558817
1.2e-09, -1.8e-06, 0.558817
1.2e-09, -1.92e-06, 0.558817
1.2e-09, -2.04e-06, 0.558817
1.2e-09, -2.16e-06, 0.558817
1.2e-09, -2.28e-06, 0.558817
1.2e-09, -2.4e-06, 0.558818
1.2e-09, -2.52e-06, 0.575475
1.2e-09, -2.64e-06, 0.575475
1.2e-09, -2.76e-06, 0.575475
1.2e-09, -2.88e-06, 0.575475
1.2e-09, -3e-06, 0.575475
1.2e-09, -3.12e-06, 0.575475
1.2e-09, -3.24e-06, 0.575475
1.2e-09, -3.36e-06, 0.575475
1.2e-09, -3.48e-06, 0.575484
1.2e-09, -3.6e-06, 0.909215
1.3e-09, -0, 0.909215
1.3e-09, -1.2e-07, 0.575484
1.3e-09, -2.4e-07, 0.575475
1.3e-09, -3.6e-07, 0.575475
1.3e-09, -4.8e-07, 0.575475
1.3e-09, -6e-07, 0.575475
1.3e-09, -7.2e-07, 0.575475
1.3e-09, -8.4e-07, 0.575475
1.3e-09, -9.6e-07, 0.575475
1.3e-09, -1.08e-06, 0.575475
1.3e-09, -1.2e-06, 0.555346
1.3e-09, -1.32e-06, 0.555345
1.3e-09, -1.44e-06, 0.555345
1.3e-09, -1.56e-06, 0.555345
1.3e-09, -1.68e-06, 0.555345
1.3e-09, -1.8e-06, 0.555345
1.3e-09, -1.92e-06, 0.555345
1.3e-09, -2.04e-06, 0.555345
1.3e-09, -2.16e-06, 0.555345
1.3e-09, -2.28e-06, 0.555345
1.3e-09, -2.4e-06, 0.555346
1.3e-09, -2.52e-06, 0.575475
1.3e-09, -2.64e-06, 0.575475
1.3e-09, -2.76e-06, 0.575475
1.3e-09, -2.88e-06, 0.575475
1.3e-09, -3e-06, 0.575475
1.3e-09, -3.12e-06, 0.575475
1.3e-09, -3.24e-06, 0.575475
1.3e-09, -3.36e-06, 0.575475
1.3e-09, -3.48e-06, 0.575484
1.3e-09, -3.6e-06, 0.909215
1.4e-09, -0, 0.909215
1.4e-09, -1.2e-07, 0.575484
1.4e-09, -2.4e-07, 0.575475
1.4e-09, -3.6e-07, 0.575475
1.4e-09, -4.8e-07, 0.575475
1.4e-09, -6e-07, 0.575475
1.4e-09, -7.2e-07, 0.575475
1.4e-09, -8.4e-07, 0.575475
1.4e-09, -9.6e-07, 0.575475
1.4e-09, -1.08e-06, 0.575475
1.4e-09, -1.2e-06, 0.552226
1.4e-09, -1.32e-06, 0.552225
1.4e-09, -1.44e-06, 0.552225
1.4e-09, -1.56e-06, 0.552225
1.4e-09, -1.68e-06, 0.552225
1.4e-09, -1.8e-06, 0.552225
1.4e-09, -1.92e-06, 0.552225
1.4e-09, -2.04e-06, 0.552225
1.4e-09, -2.16e-06, 0.552225
1.4e-09, -2.28e-06, 0.552225
1.4e-09, -2.4e-06, 0.552226
1.4e-09, -2.52e-06, 0.575475
1.4e-09, -2.64e-06, 0.575475
1.4e-09, -2.76e-06, 0.575475
1.4e-09, -2.88e-06, 0.575475
1.4e-09, -3e-06, 0.575475
1.4e-09, -3.12e-06, 0.575475
1.4e-09, -3.24e-06, 0.575475
1.4e-09, -3.36e-06, 0.575475
1.4e-09, -3.48e-06, 0.575484
1.4e-09, -3.6e-06, 0.909215
1.5e-09, -0, 0.909215
1.5e-09, -1.2e-07, 0.575483
1.5e-09, -2.4e-07, 0.575475
1.5e-09, -3.6e-07, 0.575475
1.5e-09, -4.8e-07, 0.575475
1.5e-09, -6e-07, 0.575475
1.5e-09, -7.2e-07, 0.575475
1.5e-09, -8.4e-07, 0.575475
1.5e-09, -9.6e-07, 0.575475
1.5e-09, -1.08e-06, 0.575475
1.5e-09, -1.2e-06, 0.549418
1.5e-09, -1.32e-06, 0.549417
1.5e-09, -1.44e-06, 0.549417
1.5e-09, -1.56e-06, 0.549417
1.5e-09, -1.68e-06, 0.549417
1.5e-09, -1.8e-06, 0.549417
1.5e-09, -1.92e-06, 0.549417
1.5e-09, -2.04e-06, 0.549417
1.5e-09, -2.16e-06, 0.549417
1.5e-09, -2.28e-06, 0.549417
1.5e-09, -2.4e-06, 0.549418
1.5e-09, -2.52e-06, 0.575475
1.5e-09, -2.64e-06, 0.575475
1.5e-09, -2.76e-06, 0.575475
1.5e-09, -2.88e-06, 0.575475
1.5e-09, -3e-06, 0.575475
1.5e-09, -3.12e-06, 0.575475
1.5e-09, -3.24e-06, 0.575475
1.5e-09, -3.36e-06, 0.575475
1.5e-09, -3.48e-06, 0.575483
1.5e-09, -3.6e-06, 0.909215
1.6e-09, -0, 0.909215
1.6e-09, -1.2e-07, 0.575483
1.6e-09, -2.4e-07, 0.575475
1.6e-09, -3.6e-07, 0.575475
1.6e-09, -4.8e-07, 0.575475
1.6e-09, -6e-07, 0.575475
1.6e-09, -7.2e-07, 0.575475
1.6e-09, -8.4e-07, 0.575475
1.6e-09, -9.6e-07, 0.575475
1.6e-09, -1.08e-06, 0.575475
1.6e-09, -1.2e-06, 0.546889
1.6e-09, -1.32e-06, 0.546887
1.6e-09, -1.44e-06, 0.546887
1.6e-09, -1.56e-06, 0.546887
1.6e-09, -1.68e-06, 0.546887
1.6e-09, -1.8e-06, 0.546887
1.6e-09, -1.92e-06, 0.546887
1.6e-09, -2.04e-06, 0.546887
1.6e-09, -2.16e-06, 0.546887
1.6e-09, -2.28e-06, 0.546887
1.6e-09, -2.4e-06, 0.546889
1.6e-09, -2.52e-06, 0.575475
1.6e-09, -2.64e-06, 0.575475
1.6e-09, -2.76e-06, 0.575475
1.6e-09, -2.88e-06, 0.575475
1.6e-09, -3e-06, 0.575475
1.6e-09, -3.12e-06, 0.575475
1.6e-09, -3.24e-06, 0.575475
1.6e-09, -3.36e-06, 0.575475
1.6e-09, -3.48e-06, 0.575483
1.6e-09, -3.6e-06, 0.909215
1.7e-09, -0, 0.909215
1.7e-09, -1.2e-07, 0.575483
1.7e-09, -2.4e-07, 0.575475
1.7e-09, -3.6e-07, 0.575475
1.7e-09, -4.8e-07, 0.575475
1.7e-09, -6e-07, 0.575475
1.7e-09, -7.2e-07, 0.575475
1.7e-09, -8.4e-07, 0.575475
1.7e-09, -9.6e-07, 0.575475
1.7e-09, -1.08e-06, 0.575475
1.7e-09, -1.2e-06, 0.544613
1.7e-09, -1.32e-06, 0.544611
1.7e-09, -1.44e-06, 0.544611
1.7e-09, -1.56e-06, 0.544611
1.7e-09, -1.68e-06, 0.544611
1.7e-09, -1.8e-06, 0.544611
1.7e-09, -1.92e-06, 0.544611
1.7e-09, -2.04e-06, 0.544611
1.7e-09, -2.16e-06, 0.544611
1.7e-09, -2.28e-06, 0.544611
1.7e-09, -2.4e-06, 0.544613
1.7e-09, -2.52e-06, 0.575475
1.7e-09, -2.64e-06, 0.575475
1.7e-09, -2.76e-06, 0.575475
1.7e-09, -2.88e-06, 0.575475
1.7e-09, -3e-06, 0.575475
1.7e-09, -3.12e-06, 0.575475
1.7e-09, -3.24e-06, 0.575475
1.7e-09, -3.36e-06, 0.575475
1.7e-09, -3.48e-06, 0.575483
1.7e-09, -3.6e-06, 0.909215
1.8e-09, -0, 0.909215
1.8e-09, -1.2e-07, 0.575483
1.8e-09, -2.4e-07, 0.575475
1.8e-09, -3.6e-07, 0.575475
1.8e-09, -4.8e-07, 0.575475
1.8e-09, -6e-07, 0.575475
1.8e-09, -7.2e-07, 0.575475
1.8e-09, -8.4e-07, 0.575475
1.8e-09, -9.6e-07, 0.575475
1.8e-09, -1.08e-06, 0.575475
1.8e-09, -1.2e-06, 0.542567
1.8e-09, -1.32e-06, 0.542566
1.8e-09, -1.44e-06, 0.542566
1.8e-09, -1.56e-06, 0.542566
1.8e-09, -1.68e-06, 0.542566
1.8e-09, -1.8e-06, 0.542566
1.8e-09, -1.92e-06, 0.542566
1.8e-09, -2.04e-06, 0.542566
1.8e-09, -2.16e-06, 0.542566
1.8e-09, -2.28e-06, 0.542566
1.8e-09, -2.4e-06, 0.542567
1.8e-09, -2.52e-06, 0.575475
1.8e-09, -2.64e-06, 0.575475
1.8e-09, -2.76e-06, 0.575475
1.8e-09, -2.88e-06, 0.575475
1.8e-09, -3e-06, 0.575475
1.8e-09, -3.12e-06, 0.575475
1.8e-09, -3.24e-06, 0.575475
1.8e-09, -3.36e-06, 0.575475
1.8e-09, -3.48e-06, 0.575483
1.8e-09, -3.6e-06, 0.909215
1.9e-09, -0, 0.909215
1.9e-09, -1.2e-07, 0.575483
1.9e-09, -2.4e-07, 0.575475
1.9e-09, -3.6e-07, 0.575475
1.9e-09, -4.8e-07, 0.575475
1.9e-09, -6e-07, 0.575475
1.9e-09, -7.2e-07, 0.575475
1.9e-09, -8.4e-07, 0.575475
1.9e-09, -9.6e-07, 0.575475
1.9e-09, -1.08e-06, 0.575475
1.9e-09, -1.2e-06, 0.540736
1.9e-09, -1.32e-06, 0.540734
1.9e-09, -1.44e-06, 0.540734
1.9e-09, -1.56e-06, 0.540734
1.9e-09, -1.68e-06, 0.540734
1.9e-09, -1.8e-06, 0.540734
1.9e-09, -1.92e-06, 0.540734
1.9e-09, -2.04e-06, 0.540734
1.9e-09, -2.16e-06, 0.540734
1.9e-09, -2.28e-06, 0.540734
1.9e-09, -2.4e-06, 0.540736
1.9e-09, -2.52e-06, 0.575475
1.9e-09, -2.64e-06, 0.575475
1.9e-09, -2.76e-06, 0.575475
1.9e-09, -2.88e-06, 0.575475
1.9e-09, -3e-06, 0.575475
1.9e-09, -3.12e-06, 0.575475
1.9e-09, -3.24e-06, 0.575475
1.9e-09, -3.36e-06, 0.575475
1.9e-09, -3.48e-06, 0.575483
1.9e-09, -3.6e-06, 0.909215
2e-09, -0, 0.909215
2e-09, -1.2e-07, 0.575483
2e-09, -2.4e-07, 0.575475
2e-09, -3.6e-07, 0.575475
2e-09, -4.8e-07, 0.575475
2e-09, -6e-07, 0.575475
2e-09, -7.2e-07, 0.575475
2e-09, -8.4e-07, 0.575475
2e-09, -9.6e-07, 0.575475
2e-09, -1.08e-06, 0.575475
2e-09, -1.2e-06, 0.539102
2e-09, -1.32e-06, 0.5391
2e-09, -1.44e-06, 0.5391
2e-09, -1.56e-06, 0.5391
2e-09, -1.68e-06, 0.5391
2e-09, -1.8e-06, 0.5391
2e-09, -1.92e-06, 0.5391
2e-09, -2.04e-06, 0.5391
2e-09, -2.16e-06, 0.5391
2e-09, -2.28e-06, 0.5391
2e-09, -2.4e-06, 0.539102
2e-09, -2.52e-06, 0.575475
2e-09, -2.64e-06, 0.575475
2e-09, -2.76e-06, 0.575475
2e-09, -2.88e-06, 0.575475
2e-09, -3e-06, 0.575475
2e-09, -3.12e-06, 0.575475
2e-09, -3.24e-06, 0.575475
2e-09, -3.36e-06, 0.575475
2e-09, -3.48e-06, 0.575483
2e-09, -3.6e-06, 0.909215
2.1e-09, -0, 0.909215
2.1e-09, -1.2e-07, 0.575483
2.1e-09, -2.4e-07, 0.575475
2.1e-09, -3.6e-07, 0.575475
2.1e-09, -4.8e-07, 0.575475
2.1e-09, -6e-07, 0.575475
2.1e-09, -7.2e-07, 0.575475
2.1e-09, -8.4e-07, 0.575475
2.1e-09, -9.6e-07, 0.575475
2.1e-09, -1.08e-06, 0.575475
2.1e-09, -1.2e-06, 0.537655
2.1e-09, -1.32e-06, 0.537653
2.1e-09, -1.44e-06, 0.537653
2.1e-09, -1.56e-06, 0.537653
2.1e-09, -1.68e-06, 0.537653
2.1e-09, -1.8e-06, 0.537653
2.1e-09, -1.92e-06, 0.537653
2.1e-09, -2.04e-06, 0.537653
2.1e-09, -2.16e-06, 0.537653
2.1e-09, -2.28e-06, 0.537653
2.1e-09, -2.4e-06, 0.537655
2.1e-09, -2.52e-06, 0.575475
2.1e-09, -2.64e-06, 0.575475
2.1e-09, -2.76e-06, 0.575475
2.1e-09, -2.88e-06, 0.575475
2.1e-09, -3e-06, 0.575475
2.1e-09, -3.12e-06, 0.575475
2.1e-09, -3.24e-06, 0.575475
2.1e-09, -3.36e-06, 0.575475
2.1e-09, -3.48e-06, 0.575483
2.1e-09, -3.6e-06, 0.909215
2.2e-09, -0, 0.909215
2.2e-09, -1.2e-07, 0.575483
2.2e-09, -2.4e-07, 0.575475
2.2e-09, -3.6e-07, 0.575475
2.2e-09, -4.8e-07, 0.575475
2.2e-09, -6e-07, 0.575475
2.2e-09, -7.2e-07, 0.575475
2.2e-09, -8.4e-07, 0.575475
2.2e-09, -9.6e-07, 0.575475
2.2e-09, -1.08e-06, 0.575475
2.2e-09, -1.2e-06, 0.536384
2.2e-09, -1.32e-06, 0.536382
2.2e-09, -1.44e-06, 0.536382
2.2e-09, -1.56e-06, 0.536382
2.2e-09, -1.68e-06, 0.536382
2.2e-09, -1.8e-06, 0.536382
2.2e-09, -1.92e-06, 0.536382
2.2e-09, -2.04e-06, 0.536382
2.2e-09, -2.16e-06, 0.536382
2.2e-09, -2.28e-06, 0.536382
2.2e-09, -2.4e-06, 0.536384
2.2e-09, -2.52e-06, 0.575475
2.2e-09, -2.64e-06, 0.575475
2.2e-09, -2.76e-06, 0.575475
2.2e-09, -2.88e-06, 0.575475
2.2e-09, -3e-06, 0.575475
2.2e-09, -3.12e-06, 0.575475
2.2e-09, -3.24e-06, 0.575475
2.2e-09, -3.36e-06, 0.575475
2.2e-09, -3.48e-06, 0.575483
2.2e-09, -3.6e-06, 0.909215
2.3e-09, -0, 0.909215
2.3e-09, -1.2e-07, 0.575483
2.3e-09, -2.4e-07, 0.575475
2.3e-09, -3.6e-07, 0.575475
2.3e-09, -4.8e-07, 0.575475
2.3e-09, -6e-07, 0.575475
2.3e-09, -7.2e-07, 0.575475
2.3e-09, -8.4e-07, 0.575475
2.3e-09, -9.6e-07, 0.575475
2.3e-09, -1.08e-06, 0.575475
2.3e-09, -1.2e-06, 0.535281
2.3e-09, -1.32e-06, 0.535278
2.3e-09, -1.44e-06, 0.535278
2.3e-09, -1.56e-06, 0.535278
2.3e-09, -1.68e-06, 0.535278
2.3e-09, -1.8e-06, 0.535278
2.3e-09, -1.92e-06, 0.535278
2.3e-09, -2.04e-06, 0.535278
2.3e-09, -2.16e-06, 0.535278
2.3e-09, -2.28e-06, 0.535278
2.3e-09, -2.4e-06, 0.535281
2.3e-09, -2.52e-06, 0.575475
2.3e-09, -2.64e-06, 0.575475
2.3e-09, -2.76e-06, 0.575475
2.3e-09, -2.88e-06, 0.575475
2.3e-09, -3e-06, 0.575475
2.3e-09, -3.12e-06, 0.575475
2.3e-09, -3.24e-06, 0.575475
2.3e-09, -3.36e-06, 0.575475
2.3e-09, -3.48e-06, 0.575483
2.3e-09, -3.6e-06, 0.909215
2.4e-09, -0, 0.909215
2.4e-09, -1.2e-07, 0.575483
2.4e-09, -2.4e-07, 0.575475
2.4e-09, -3.6e-07, 0.575475
2.4e-09, -4.8e-07, 0.575475
2.4e-09, -6e-07, 0.575475
2.4e-09, -7.2e-07, 0.575475
2.4e-09, -8.4e-07, 0.575475
2.4e-09, -9.6e-07, 0.575475
2.4e-09, -1.08e-06, 0.575474
2.4e-09, -1.2e-06, 0.534337
2.4e-09, -1.32e-06, 0.534334
2.4e-09, -1.44e-06, 0.534334
2.4e-09, -1.56e-06, 0.534334
2.4e-09, -1.68e-06, 0.534334
2.4e-09, -1.8e-06, 0.534334
2.4e-09, -1.92e-06, 0.534334
2.4e-09, -2.04e-06, 0.534334
2.4e-09, -2.16e-06, 0.534334
2.4e-09, -2.28e-06, 0.534334
2.4e-09, -2.4e-06, 0.534337
2.4e-09, -2.52e-06, 0.575474
2.4e-09, -2.64e-06, 0.575475
2.4e-09, -2.76e-06, 0.575475
2.4e-09, -2.88e-06, 0.575475
2.4e-09, -3e-06, 0.575475
2.4e-09, -3.12e-06, 0.575475
2.4e-09, -3.24e-06, 0.575475
2.4e-09, -3.36e-06, 0.575475
2.4e-09, -3.48e-06, 0.575483
2.4e-09, -3.6e-06, 0.909215
2.5e-09, -0, 0.909215
2.5e-09, -1.2e-07, 0.575483
2.5e-09, -2.4e-07, 0.575475
2.5e-09, -3.6e-07, 0.575475
2.5e-09, -4.8e-07, 0.575475
2.5e-09, -6e-07, 0.575475
2.5e-09, -7.2e-07, 0.575475
2.5e-09, -8.4e-07, 0.575475
2.5e-09, -9.6e-07, 0.575475
2.5e-09, -1.08e-06, 0.575474
2.5e-09, -1.2e-06, 0.533548
2.5e-09, -1.32e-06, 0.533545
2.5e-09, -1.44e-06, 0.533545
2.5e-09, -1.56e-06, 0.533545
2.5e-09, -1.68e-06, 0.533545
2.5e-09, -1.8e-06, 0.533545
2.5e-09, -1.92e-06, 0.533545
2.5e-09, -2.04e-06, 0.533545
2.5e-09, -2.16e-06, 0.533545
2.5e-09, -2.28e-06, 0.533545
2.5e-09, -2.4e-06, 0.533548
2.5e-09, -2.52e-06, 0.575474
2.5e-09, -2.64e-06, 0.575475
2.5e-09, -2.76e-06, 0.575475
2.5e-09, -2.88e-06, 0.575475
2.5e-09, -3e-06, 0.575475
2.5e-09, -3.12e-06, 0.575475
2.5e-09, -3.24e-06, 0.575475
2.5e-09, -3.36e-06, 0.575475
2.5e-09, -3.48e-06, 0.575483
2.5e-09, -3.6e-06, 0.909215
2.6e-09, -0, 0.909215
2.6e-09, -1.2e-07, 0.575483
2.6e-09, -2.4e-07, 0.575475
2.6e-09, -3.6e-07, 0.575475
2.6e-09, -4.8e-07, 0.575475
2.6e-09, -6e-07, 0.575475
2.6e-09, -7.2e-07, 0.575475
2.6e-09, -8.4e-07, 0.575475
2.6e-09, -9.6e-07, 0.575475
2.6e-09, -1.08e-06, 0.575474
2.6e-09, -1.2e-06, 0.532908
2.6e-09, -1.32e-06, 0.532905
2.6e-09, -1.44e-06, 0.532905
2.6e-09, -1.56e-06, 0.532905
2.6e-09, -1.68e-06, 0.532905
2.6e-09, -1.8e-06, 0.532905
2.6e-09, -1.92e-06, 0.532905
2.6e-09, -2.04e-06, 0.532905
2.6e-09, -2.16e-06, 0.532905
2.6e-09, -2.28e-06, 0.532905
2.6e-09, -2.4e-06, 0.532908
2.6e-09, -2.52e-06, 0.575474
2.6e-09, -2.64e-06, 0.575475
2.6e-09, -2.76e-06, 0.575475
2.6e-09, -2.88e-06, 0.575475
2.6e-09, -3e-06, 0.575475
2.6e-09, -3.12e-06, 0.575475
2.6e-09, -3.24e-06, 0.575475
2.6e-09, -3.36e-06, 0.575475
2.6e-09, -3.48e-06, 0.575483
2.6e-09, -3.6e-06, 0.909215
2.7e-09, -0, 0.909215
2.7e-09, -1.2e-07, 0.575483
2.7e-09, -2.4e-07, 0.575475
2.7e-09, -3.6e-07, 0.575475
2.7e-09, -4.8e-07, 0.575475
2.7e-09, -6e-07, 0.575475
2.7e-09, -7.2e-07, 0.575475
2.7e-09, -8.4e-07, 0.575475
2.7e-09, -9.6e-07, 0.575475
2.7e-09, -1.08e-06, 0.575474
2.7e-09, -1.2e-06, 0.532414
2.7e-09, -1.32e-06, 0.532412
2.7e-09, -1.44e-06, 0.532412
2.7e-09, -1.56e-06, 0.532412
2.7e-09, -1.68e-06, 0.532412
2.7e-09, -1.8e-06, 0.532412
2.7e-09, -1.92e-06, 0.532412
2.7e-09, -2.04e-06, 0.532412
2.7e-09, -2.16e-06, 0.532412
2.7e-09, -2.28e-06, 0.532412
2.7e-09, -2.4e-06, 0.532414
2.7e-09, -2.52e-06, 0.575474
2.7e-09, -2.64e-06, 0.575475
2.7e-09, -2.76e-06, 0.575475
2.7e-09, -2.88e-06, 0.575475
2.7e-09, -3e-06, 0.575475
2.7e-09, -3.12e-06, 0.575475
2.7e-09, -3.24e-06, 0.575475
2.7e-09, -3.36e-06, 0.575475
2.7e-09, -3.48e-06, 0.575483
2.7e-09, -3.6e-06, 0.909215
2.8e-09, -0, 0.909215
2.8e-09, -1.2e-07, 0.575483
2.8e-09, -2.4e-07, 0.575475
2.8e-09, -3.6e-07, 0.575475
2.8e-09, -4.8e-07, 0.575475
2.8e-09, -6e-07, 0.575475
2.8e-09, -7.2e-07, 0.575475
2.8e-09, -8.4e-07, 0.575475
2.8e-09, -9.6e-07, 0.575475
2.8e-09, -1.08e-06, 0.575474
2.8e-09, -1.2e-06, 0.532064
2.8e-09, -1.32e-06, 0.532061
2.8e-09, -1.44e-06, 0.532061
2.8e-09, -1.56e-06, 0.532061
2.8e-09, -1.68e-06, 0.532061
2.8e-09, -1.8e-06, 0.532061
2.8e-09, -1.92e-06, 0.532061
2.8e-09, -2.04e-06, 0.532061
2.8e-09, -2.16e-06, 0.532061
2.8e-09, -2.28e-06, 0.532061
2.8e-09, -2.4e-06, 0.532064
2.8e-09, -2.52e-06, 0.575474
2.8e-09, -2.64e-06, 0.575475
2.8e-09, -2.76e-06, 0.575475
2.8e-09, -2.88e-06, 0.575475
2.8e-09, -3e-06, 0.575475
2.8e-09, -3.12e-06, 0.575475
2.8e-09, -3.24e-06, 0.575475
2.8e-09, -3.36e-06, 0.575475
2.8e-09, -3.48e-06, 0.575483
2.8e-09, -3.6e-06, 0.909215
2.9e-09, -0, 0.909215
2.9e-09, -1.2e-07, 0.575483
2.9e-09, -2.4e-07, 0.575475
2.9e-09, -3.6e-07, 0.575475
2.9e-09, -4.8e-07, 0.575475
2.9e-09, -6e-07, 0.575475
2.9e-09, -7.2e-07, 0.575475
2.9e-09, -8.4e-07, 0.575475
2.9e-09, -9.6e-07, 0.575475
2.9e-09, -1.08e-06, 0.575474
2.9e-09, -1.2e-06, 0.531854
2.9e-09, -1.32e-06, 0.531851
2.9e-09, -1.44e-06, 0.531851
2.9e-09, -1.56e-06, 0.531851
2.9e-09, -1.68e-06, 0.531851
2.9e-09, -1.8e-06, 0.531851
2.9e-09, -1.92e-06, 0.531851
2.9e-09, -2.04e-06, 0.531851
2.9e-09, -2.16e-06, 0.531851
2.9e-09, -2.28e-06, 0.531851
2.9e-09, -2.4e-06, 0.531854
2.9e-09, -2.52e-06, 0.575474
2.9e-09, -2.64e-06, 0.575475
2.9e-09, -2.76e-06, 0.575475
2.9e-09, -2.88e-06, 0.575475
2.9e-09, -3e-06, 0.575475
2.9e-09, -3.12e-06, 0.575475
2.9e-09, -3.24e-06, 0.575475
2.9e-09, -3.36e-06, 0.575475
2.9e-09, -3.48e-06, 0.575483
2.9e-09, -3.6e-06, 0.909215
3e-09, -0, 0.909215
3e-09, -1.2e-07, 0.575483
3e-09, -2.4e-07, 0.575475
3e-09, -3.6e-07, 0.575475
3e-09, -4.8e-07, 0.575475
3e-09, -6e-07, 0.575475
3e-09, -7.2e-07, 0.575475
3e-09, -8.4e-07, 0.575475
3e-09, -9.6e-07, 0.575475
3e-09, -1.08e-06, 0.575474
3e-09, -1.2e-06, 0.531784
3e-09, -1.32e-06, 0.531781
3e-09, -1.44e-06, 0.531781
3e-09, -1.56e-06, 0.531781
3e-09, -1.68e-06, 0.531781
3e-09, -1.8e-06, 0.531781
3e-09, -1.92e-06, 0.531781
3e-09, -2.04e-06, 0.531781
3e-09, -2.16e-06, 0.531781
3e-09, -2.28e-06, 0.531781
3e-09, -2.4e-06, 0.531784
3e-09, -2.52e-06, 0.575474
3e-09, -2.64e-06, 0.575475
3e-09, -2.76e-06, 0.575475
3e-09, -2.88e-06, 0.575475
3e-09, -3e-06, 0.575475
3e-09, -3.12e-06, 0.575475
3e-09, -3.24e-06, 0.575475
3e-09, -3.36e-06, 0.575475
3e-09, -3.48e-06, 0.575483
3e-09, -3.6e-06, 0.909215
3.1e-09, -0, 0.909215
3.1e-09, -1.2e-07, 0.575483
3.1e-09, -2.4e-07, 0.575475
3.1e-09, -3.6e-07, 0.575475
3.1e-09, -4.8e-07, 0.575475
3.1e-09, -6e-07, 0.575475
3.1e-09, -7.2e-07, 0.575475
3.1e-09, -8.4e-07, 0.575475
3.1e-09, -9.6e-07, 0.575475
3.1e-09, -1.08e-06, 0.575474
3.1e-09, -1.2e-06, 0.531854
3.1e-09, -1.32e-06, 0.531851
3.1e-09, -1.44e-06, 0.531851
3.1e-09, -1.56e-06, 0.531851
3.1e-09, -1.68e-06, 0.531851
3.1e-09, -1.8e-06, 0.531851
3.1e-09, -1.92e-06, 0.531851
3.1e-09, -2.04e-06, 0.531851
3.1e-09, -2.16e-06, 0.531851
3.1e-09, -2.28e-06, 0.531851
3.1e-09, -2.4e-06, 0.531854
3.1e-09, -2.52e-06, 0.575474
3.1e-09, -2.64e-06, 0.575475
3.1e-09, -2.76e-06, 0.575475
3.1e-09, -2.88e-06, 0.575475
3.1e-09, -3e-06, 0.575475
3.1e-09, -3.12e-06, 0.575475
3.1e-09, -3.24e-06, 0.575475
3.1e-09, -3.36e-06, 0.575475
3.1e-09, -3.48e-06, 0.575483
3.1e-09, -3.6e-06, 0.909215
3.2e-09, -0, 0.909215
3.2e-09, -1.2e-07, 0.575483
3.2e-09, -2.4e-07, 0.575475
3.2e-09, -3.6e-07, 0.575475
3.2e-09, -4.8e-07, 0.575475
3.2e-09, -6e-07, 0.575475
3.2e-09, -7.2e-07, 0.575475
3.2e-09, -8.4e-07, 0.575475
3.2e-09, -9.6e-07, 0.575475
3.2e-09, -1.08e-06, 0.575474
3.2e-09, -1.2e-06, 0.532064
3.2e-09, -1.32e-06, 0.532061
3.2e-09, -1.44e-06, 0.532061
3.2e-09, -1.56e-06, 0.532061
3.2e-09, -1.68e-06, 0.532061
3.2e-09, -1.8e-06, 0.532061
3.2e-09, -1.92e-06, 0.532061
3.2e-09, -2.04e-06, 0.532061
3.2e-09, -2.16e-06, 0.532061
3.2e-09, -2.28e-06, 0.532061
3.2e-09, -2.4e-06, 0.532064
3.2e-09, -2.52e-06, 0.575474
3.2e-09, -2.64e-06, 0.575475
3.2e-09, -2.76e-06, 0.575475
3.2e-09, -2.88e-06, 0.575475
3.2e-09, -3e-06, 0.575475
3.2e-09, -3.12e-06, 0.575475
3.2e-09, -3.24e-06, 0.575475
3.2e-09, -3.36e-06, 0.575475
3.2e-09, -3.48e-06, 0.575483
3.2e-09, -3.6e-06, 0.909215
3.3e-09, -0, 0.909215
3.3e-09, -1.2e-07, 0.575483
3.3e-09, -2.4e-07, 0.575475
3.3e-09, -3.6e-07, 0.575475
3.3e-09, -4.8e-07, 0.575475
3.3e-09, -6e-07, 0.575475
3.3e-09, -7.2e-07, 0.575475
3.3e-09, -8.4e-07, 0.575475
3.3e-09, -9.6e-07, 0.575475
3.3e-09, -1.08e-06, 0.575474
3.3e-09, -1.2e-06, 0.532414
3.3e-09, -1.32e-06, 0.532412
3.3e-09, -1.44e-06, 0.532412
3.3e-09, -1.56e-06, 0.532412
3.3e-09, -1.68e-06, 0.532412
3.3e-09, -1.8e-06, 0.532412
3.3e-09, -1.92e-06, 0.532412
3.3e-09, -2.04e-06, 0.532412
3.3e-09, -2.16e-06, 0.532412
3.3e-09, -2.28e-06, 0.532412
3.3e-09, -2.4e-06, 0.532414
3.3e-09, -2.52e-06, 0.575474
3.3e-09, -2.64e-06, 0.575475
3.3e-09, -2.76e-06, 0.575475
3.3e-09, -2.88e-06, 0.575475
3.3e-09, -3e-06, 0.575475
3.3e-09, -3.12e-06, 0.575475
3.3e-09, -3.24e-06, 0.575475
3.3e-09, -3.36e-06, 0.575475
3.3e-09, -3.48e-06, 0.575483
3.3e-09, -3.6e-06, 0.909215
3.4e-09, -0, 0.909215
3.4e-09, -1.2e-07, 0.575483
3.4e-09, -2.4e-07, 0.575475
3.4e-09, -3.6e-07, 0.575475
3.4e-09, -4.8e-07, 0.575475
3.4e-09, -6e-07, 0.575475
3.4e-09, -7.2e-07, 0.575475
3.4e-09, -8.4e-07, 0.575475
3.4e-09, -9.6e-07, 0.575475
3.4e-09, -1.08e-06, 0.575474
3.4e-09, -1.2e-06, 0.532908
3.4e-09, -1.32e-06, 0.532905
3.4e-09, -1.44e-06, 0.532905
3.4e-09, -1.56e-06, 0.532905
3.4e-09, -1.68e-06, 0.532905
3.4e-09, -1.8e-06, 0.532905
3.4e-09, -1.92e-06, 0.532905
3.4e-09, -2.04e-06, 0.532905
3.4e-09, -2.16e-06, 0.532905
3.4e-09, -2.28e-06, 0.532905
3.4e-09, -2.4e-06, 0.532908
3.4e-09, -2.52e-06, 0.575474
3.4e-09, -2.64e-06, 0.575475
3.4e-09, -2.76e-06, 0.575475
3.4e-09, -2.88e-06, 0.575475
3.4e-09, -3e-06, 0.575475
3.4e-09, -3.12e-06, 0.575475
3.4e-09, -3.24e-06, 0.575475
3.4e-09, -3.36e-06, 0.575475
3.4e-09, -3.48e-06, 0.575483
3.4e-09, -3.6e-06, 0.909215
3.5e-09, -0, 0.909215
3.5e-09, -1.2e-07, 0.575483
3.5e-09, -2.4e-07, 0.575475
3.5e-09, -3.6e-07, 0.575475
3.5e-09, -4.8e-07, 0.575475
3.5e-09, -6e-07, 0.575475
3.5e-09, -7.2e-07, 0.575475
3.5e-09, -8.4e-07, 0.575475
3.5e-09, -9.6e-07, 0.575475
3.5e-09, -1.08e-06, 0.575474
3.5e-09, -1.2e-06, 0.533548
3.5e-09, -1.32e-06, 0.533545
3.5e-09, -1.44e-06, 0.533545
3.5e-09, -1.56e-06, 0.533545
3.5e-09, -1.68e-06, 0.533545
3.5e-09, -1.8e-06, 0.533545
3.5e-09, -1.92e-06, 0.533545
3.5e-09, -2.04e-06, 0.533545
3.5e-09, -2.16e-06, 0.533545
3.5e-09, -2.28e-06, 0.533545
3.5e-09, -2.4e-06, 0.533548
3.5e-09, -2.52e-06, 0.575474
3.5e-09, -2.64e-06, 0.575475
3.5e-09, -2.76e-06, 0.575475
3.5e-09, -2.88e-06, 0.575475
3.5e-09, -3e-06, 0.575475
3.5e-09, -3.12e-06, 0.575475
3.5e-09, -3.24e-06, 0.575475
3.5e-09, -3.36e-06, 0.575475
3.5e-09, -3.48e-06, 0.575483
3.5e-09, -3.6e-06, 0.909215
3.6e-09, -0, 0.909215
3.6e-09, -1.2e-07, 0.575483
3.6e-09, -2.4e-07, 0.575475
3.6e-09, -3.6e-07, 0.575475
3.6e-09, -4.8e-07, 0.575475
3.6e-09, -6e-07, 0.575475
3.6e-09, -7.2e-07, 0.575475
3.6e-09, -8.4e-07, 0.575475
3.6e-09, -9.6e-07, 0.575475
3.6e-09, -1.08e-06, 0.575474
3.6e-09, -1.2e-06, 0.534337
3.6e-09, -1.32e-06, 0.534334
3.6e-09, -1.44e-06, 0.534334
3.6e-09, -1.56e-06, 0.534334
3.6e-09, -1.68e-06, 0.534334
3.6e-09, -1.8e-06, 0.534334
3.6e-09, -1.92e-06, 0.534334
3.6e-09, -2.04e-06, 0.534334
3.6e-09, -2.16e-06, 0.534334
3.6e-09, -2.28e-06, 0.534334
3.6e-09, -2.4e-06, 0.534337
3.6e-09, -2.52e-06, 0.575474
3.6e-09, -2.64e-06, 0.575475
3.6e-09, -2.76e-06, 0.575475
3.6e-09, -2.88e-06, 0.575475
3.6e-09, -3e-06, 0.575475
3.6e-09, -3.12e-06, 0.575475
3.6e-09, -3.24e-06, 0.575475
3.6e-09, -3.36e-06, 0.575475
3.6e-09, -3.48e-06, 0.575483
3.6e-09, -3.6e-06, 0.909215
3.7e-09, -0, 0.909215
3.7e-09, -1.2e-07, 0.575483
3.7e-09, -2.4e-07, 0.575475
3.7e-09, -3.6e-07, 0.575475
3.7e-09, -4.8e-07, 0.575475
3.7e-09, -6e-07, 0.575475
3.7e-09, -7.2e-07, 0.575475
3.7e-09, -8.4e-07, 0.575475
3.7e-09, -9.6e-07, 0.575475
3.7e-09, -1.08e-06, 0.575475
3.7e-09, -1.2e-06, 0.535281
3.7e-09, -1.32e-06, 0.535278
3.7e-09, -1.44e-06, 0.535278
3.7e-09, -1.56e-06, 0.535278
3.7e-09, -1.68e-06, 0.535278
3.7e-09, -1.8e-06, 0.535278
3.7e-09, -1.92e-06, 0.535278
3.7e-09, -2.04e-06, 0.535278
3.7e-09, -2.16e-06, 0.535278
3.7e-09, -2.28e-06, 0.535278
3.7e-09, -2.4e-06, 0.535281
3.7e-09, -2.52e-06, 0.575475
3.7e-09, -2.64e-06, 0.575475
3.7e-09, -2.76e-06, 0.575475
3.7e-09, -2.88e-06, 0.575475
3.7e-09, -3e-06, 0.575475
3.7e-09, -3.12e-06, 0.575475
3.7e-09, -3.24e-06, 0.575475
3.7e-09, -3.36e-06, 0.575475
3.7e-09, -3.48e-06, 0.575483
3.7e-09, -3.6e-06, 0.909215
3.8e-09, -0, 0.909215
3.8e-09, -1.2e-07, 0.575483
3.8e-09, -2.4e-07, 0.575475
3.8e-09, -3.6e-07, 0.575475
3.8e-09, -4.8e-07, 0.575475
3.8e-09, -6e-07, 0.575475
3.8e-09, -7.2e-07, 0.575475
3.8e-09, -8.4e-07, 0.575475
3.8e-09, -9.6e-07, 0.575475
3.8e-09, -1.08e-06, 0.575475
3.8e-09, -1.2e-06, 0.536384
3.8e-09, -1.32e-06, 0.536382
3.8e-09, -1.44e-06, 0.536382
3.8e-09, -1.56e-06, 0.536382
3.8e-09, -1.68e-06, 0.536382
3.8e-09, -1.8e-06, 0.536382
3.8e-09, -1.92e-06, 0.536382
3.8e-09, -2.04e-06, 0.536382
3.8e-09, -2.16e-06, 0.536382
3.8e-09, -2.28e-06, 0.536382
3.8e-09, -2.4e-06, 0.536384
3.8e-09, -2.52e-06, 0.575475
3.8e-09, -2.64e-06, 0.575475
3.8e-09, -2.76e-06, 0.575475
3.8e-09, -2.88e-06, 0.575475
3.8e-09, -3e-06, 0.575475
3.8e-09, -3.12e-06, 0.575475
3.8e-09, -3.24e-06, 0.575475
3.8e-09, -3.36e-06, 0.575475
3.8e-09, -3.48e-06, 0.575483
3.8e-09, -3.6e-06, 0.909215
3.9e-09, -0, 0.909215
3.9e-09, -1.2e-07, 0.575483
3.9e-09, -2.4e-07, 0.575475
3.9e-09, -3.6e-07, 0.575475
3.9e-09, -4.8e-07, 0.575475
3.9e-09, -6e-07, 0.575475
3.9e-09, -7.2e-07, 0.575475
3.9e-09, -8.4e-07, 0.575475
3.9e-09, -9.6e-07, 0.575475
3.9e-09, -1.08e-06, 0.575475
3.9e-09, -1.2e-06, 0.537655
3.9e-09, -1.32e-06, 0.537653
3.9e-09, -1.44e-06, 0.537653
3.9e-09, -1.56e-06, 0.537653
3.9e-09, -1.68e-06, 0.537653
3.9e-09, -1.8e-06, 0.537653
3.9e-09, -1.92e-06, 0.537653
3.9e-09, -2.04e-06, 0.537653
3.9e-09, -2.16e-06, 0.537653
3.9e-09, -2.28e-06, 0.537653
3.9e-09, -2.4e-06, 0.537655
3.9e-09, -2.52e-06, 0.575475
3.9e-09, -2.64e-06, 0.575475
3.9e-09, -2.76e-06, 0.575475
3.9e-09, -2.88e-06, 0.575475
3.9e-09, -3e-06, 0.575475
3.9e-09, -3.12e-06, 0.575475
3.9e-09, -3.24e-06, 0.575475
3.9e-09, -3.36e-06, 0.575475
3.9e-09, -3.48e-06, 0.575483
3.9e-09, -3.6e-06, 0.909215
4e-09, -0, 0.909215
4e-09, -1.2e-07, 0.575483
4e-09, -2.4e-07, 0.575475
4e-09, -3.6e-07, 0.575475
4e-09, -4.8e-07, 0.575475
4e-09, -6e-07, 0.575475
4e-09, -7.2e-07, 0.575475
4e-09, -8.4e-07, 0.575475
4e-09, -9.6e-07, 0.575475
4e-09, -1.08e-06, 0.575475
4e-09, -1.2e-06, 0.539102
4e-09, -1.32e-06, 0.5391
4e-09, -1.44e-06, 0.5391
4e-09, -1.56e-06, 0.5391
4e-09, -1.68e-06, 0.5391
4e-09, -1.8e-06, 0.5391
4e-09, -1.92e-06, 0.5391
4e-09, -2.04e-06, 0.5391
4e-09, -2.16e-06, 0.5391
4e-09, -2.28e-06, 0.5391
4e-09, -2.4e-06, 0.539102
4e-09, -2.52e-06, 0.575475
4e-09, -2.64e-06, 0.575475
4e-09, -2.76e-06, 0.575475
4e-09, -2.88e-06, 0.575475
4e-09, -3e-06, 0.575475
4e-09, -3.12e-06, 0.575475
4e-09, -3.24e-06, 0.575475
4e-09, -3.36e-06, 0.575475
4e-09, -3.48e-06, 0.575483
4e-09, -3.6e-06, 0.909215
4.1e-09, -0, 0.909215
4.1e-09, -1.2e-07, 0.575483
4.1e-09, -2.4e-07, 0.575475
4.1e-09, -3.6e-07, 0.575475
4.1e-09, -4.8e-07, 0.575475
4.1e-09, -6e-07, 0.575475
4.1e-09, -7.2e-07, 0.575475
4.1e-09, -8.4e-07, 0.575475
4.1e-09, -9.6e-07, 0.575475
4.1e-09, -1.08e-06, 0.575475
4.1e-09, -1.2e-06, 0.540736
4.1e-09, -1.32e-06, 0.540734
4.1e-09, -1.44e-06, 0.540734
4.1e-09, -1.56e-06, 0.540734
4.1e-09, -1.68e-06, 0.540734
4.1e-09, -1.8e-06, 0.540734
4.1e-09, -1.92e-06, 0.540734
4.1e-09, -2.04e-06, 0.540734
4.1e-09, -2.16e-06, 0.540734
4.1e-09, -2.28e-06, 0.540734
4.1e-09, -2.4e-06, 0.540736
4.1e-09, -2.52e-06, 0.575475
4.1e-09, -2.64e-06, 0.575475
4.1e-09, -2.76e-06, 0.575475
4.1e-09, -2.88e-06, 0.575475
4.1e-09, -3e-06, 0.575475
4.1e-09, -3.12e-06, 0.575475
4.1e-09, -3.24e-06, 0.575475
4.1e-09, -3.36e-06, 0.575475
4.1e-09, -3.48e-06, 0.575483
4.1e-09, -3.6e-06, 0.909215
4.2e-09, -0, 0.909215
4.2e-09, -1.2e-07, 0.575483
4.2e-09, -2.4e-07, 0.575475
4.2e-09, -3.6e-07, 0.575475
4.2e-09, -4.8e-07, 0.575475
4.2e-09, -6e-07, 0.575475
4.2e-09, -7.2e-07, 0.575475
4.2e-09, -8.4e-07, 0.575475
4.2e-09, -9.6e-07, 0.575475
4.2e-09, -1.08e-06, 0.575475
4.2e-09, -1.2e-06, 0.542567
4.2e-09, -1.32e-06, 0.542566
4.2e-09, -1.44e-06, 0.542566
4.2e-09, -1.56e-06, 0.542566
4.2e-09, -1.68e-06, 0.542566
4.2e-09, -1.8e-06, 0.542566
4.2e-09, -1.92e-06, 0.542566
4.2e-09, -2.04e-06, 0.542566
4.2e-09, -2.16e-06, 0.542566
4.2e-09, -2.28e-06, 0.542566
4.2e-09, -2.4e-06, 0.542567
4.2e-09, -2.52e-06, 0.575475
4.2e-09, -2.64e-06, 0.575475
4.2e-09, -2.76e-06, 0.575475
4.2e-09, -2.88e-06, 0.575475
4.2e-09, -3e-06, 0.575475
4.2e-09, -3.12e-06, 0.575475
4.2e-09, -3.24e-06, 0.575475
4.2e-09, -3.36e-06, 0.575475
4.2e-09, -3.48e-06, 0.575483
4.2e-09, -3.6e-06, 0.909215
4.3e-09, -0, 0.909215
4.3e-09, -1.2e-07, 0.575483
4.3e-09, -2.4e-07, 0.575475
4.3e-09, -3.6e-07, 0.575475
4.3e-09, -4.8e-07, 0.575475
4.3e-09, -6e-07, 0.575475
4.3e-09, -7.2e-07, 0.575475
4.3e-09, -8.4e-07, 0.575475
4.3e-09, -9.6e-07, 0.575475
4.3e-09, -1.08e-06, 0.575475
4.3e-09, -1.2e-06, 0.544613
4.3e-09, -1.32e-06, 0.544611
4.3e-09, -1.44e-06, 0.544611
4.3e-09, -1.56e-06, 0.544611
4.3e-09, -1.68e-06, 0.544611
4.3e-09, -1.8e-06, 0.544611
4.3e-09, -1.92e-06, 0.544611
4.3e-09, -2.04e-06, 0.544611
4.3e-09, -2.16e-06, 0.544611
4.3e-09, -2.28e-06, 0.544611
4.3e-09, -2.4e-06, 0.544613
4.3e-09, -2.52e-06, 0.575475
4.3e-09, -2.64e-06, 0.575475
4.3e-09, -2.76e-06, 0.575475
4.3e-09, -2.88e-06, 0.575475
4.3e-09, -3e-06, 0.575475
4.3e-09, -3.12e-06, 0.575475
4.3e-09, -3.24e-06, 0.575475
4.3e-09, -3.36e-06, 0.575475
4.3e-09, -3.48e-06, 0.575483
4.3e-09, -3.6e-06, 0.909215
4.4e-09, -0, 0.909215
4.4e-09, -1.2e-07, 0.575483
4.4e-09, -2.4e-07, 0.575475
4.4e-09, -3.6e-07, 0.575475
4.4e-09, -4.8e-07, 0.575475
4.4e-09, -6e-07, 0.575475
4.4e-09, -7.2e-07, 0.575475
4.4e-09, -8.4e-07, 0.575475
4.4e-09, -9.6e-07, 0.575475
4.4e-09, -1.08e-06, 0.575475
4.4e-09, -1.2e-06, 0.546889
4.4e-09, -1.32e-06, 0.546887
4.4e-09, -1.44e-06, 0.546887
4.4e-09, -1.56e-06, 0.546887
4.4e-09, -1.68e-06, 0.546887
4.4e-09, -1.8e-06, 0.546887
4.4e-09, -1.92e-06, 0.546887
4.4e-09, -2.04e-06, 0.546887
4.4e-09, -2.16e-06, 0.546887
4.4e-09, -2.28e-06, 0.546887
4.4e-09, -2.4e-06, 0.546889
4.4e-09, -2.52e-06, 0.575475
4.4e-09, -2.64e-06, 0.575475
4.4e-09, -2.76e-06, 0.575475
4.4e-09, -2.88e-06, 0.575475
4.4e-09, -3e-06, 0.575475
4.4e-09, -3.12e-06, 0.575475
4.4e-09, -3.24e-06, 0.575475
4.4e-09, -3.36e-06, 0.575475
4.4e-09, -3.48e-06, 0.575483
4.4e-09, -3.6e-06, 0.909215
4.5e-09, -0, 0.909215
4.5e-09, -1.2e-07, 0.575483
4.5e-09, -2.4e-07, 0.575475
4.5e-09, -3.6e-07, 0.575475
4.5e-09, -4.8e-07, 0.575475
4.5e-09, -6e-07, 0.575475
4.5e-09, -7.2e-07, 0.575475
4.5e-09, -8.4e-07, 0.575475
4.5e-09, -9.6e-07, 0.575475
4.5e-09, -1.08e-06, 0.575475
4.5e-09, -1.2e-06, 0.549418
4.5e-09, -1.32e-06, 0.549417
4.5e-09, -1.44e-06, 0.549417
4.5e-09, -1.56e-06, 0.549417
4.5e-09, -1.68e-06, 0.549417
4.5e-09, -1.8e-06, 0.549417
4.5e-09, -1.92e-06, 0.549417
4.5e-09, -2.04e-06, 0.549417
4.5e-09, -2.16e-06, 0.549417
4.5e-09, -2.28e-06, 0.549417
4.5e-09, -2.4e-06, 0.549418
4.5e-09, -2.52e-06, 0.575475
4.5e-09, -2.64e-06, 0.575475
4.5e-09, -2.76e-06, 0.575475
4.5e-09, -2.88e-06, 0.575475
4.5e-09, -3e-06, 0.575475
4.5e-09, -3.12e-06, 0.575475
4.5e-09, -3.24e-06, 0.575475
4.5e-09, -3.36e-06, 0.575475
4.5e-09, -3.48e-06, 0.575483
4.5e-09, -3.6e-06, 0.909215
4.6e-09, -0, 0.909215
4.6e-09, -1.2e-07, 0.575484
4.6e-09, -2.4e-07, 0.575475
4.6e-09, -3.6e-07, 0.575475
4.6e-09, -4.8e-07, 0.575475
4.6e-09, -6e-07, 0.575475
4.6e-09, -7.2e-07, 0.575475
4.6e-09, -8.4e-07, 0.575475
4.6e-09, -9.6e-07, 0.575475
4.6e-09, -1.08e-06, 0.575475
4.6e-09, -1.2e-06, 0.552226
4.6e-09, -1.32e-06, 0.552225
4.6e-09, -1.44e-06, 0.552225
4.6e-09, -1.56e-06, 0.552225
4.6e-09, -1.68e-06, 0.552225
4.6e-09, -1.8e-06, 0.552225
4.6e-09, -1.92e-06, 0.552225
4.6e-09, -2.04e-06, 0.552225
4.6e-09, -2.16e-06, 0.552225
4.6e-09, -2.28e-06, 0.552225
4.6e-09, -2.4e-06, 0.552226
4.6e-09, -2.52e-06, 0.575475
4.6e-09, -2.64e-06, 0.575475
4.6e-09, -2.76e-06, 0.575475
4.6e-09, -2.88e-06, 0.575475
4.6e-09, -3e-06, 0.575475
4.6e-09, -3.12e-06, 0.575475
4.6e-09, -3.24e-06, 0.575475
4.6e-09, -3.36e-06, 0.575475
4.6e-09, -3.48e-06, 0.575484
4.6e-09, -3.6e-06, 0.909215
4.7e-09, -0, 0.909215
4.7e-09, -1.2e-07, 0.575484
4.7e-09, -2.4e-07, 0.575475
4.7e-09, -3.6e-07, 0.575475
4.7e-09, -4.8e-07, 0.575475
4.7e-09, -6e-07, 0.575475
4.7e-09, -7.2e-07, 0.575475
4.7e-09, -8.4e-07, 0.575475
4.7e-09, -9.6e-07, 0.575475
4.7e-09, -1.08e-06, 0.575475
4.7e-09, -1.2e-06, 0.555346
4.7e-09, -1.32e-06, 0.555345
4.7e-09, -1.44e-06, 0.555345
4.7e-09, -1.56e-06, 0.555345
4.7e-09, -1.68e-06, 0.555345
4.7e-09, -1.8e-06, 0.555345
4.7e-09, -1.92e-06, 0.555345
4.7e-09, -2.04e-06, 0.555345
4.7e-09, -2.16e-06, 0.555345
4.7e-09, -2.28e-06, 0.555345
4.7e-09, -2.4e-06, 0.555346
4.7e-09, -2.52e-06, 0.575475
4.7e-09, -2.64e-06, 0.575475
4.7e-09, -2.76e-06, 0.575475
4.7e-09, -2.88e-06, 0.575475
4.7e-09, -3e-06, 0.575475
4.7e-09, -3.12e-06, 0.575475
4.7e-09, -3.24e-06, 0.575475
4.7e-09, -3.36e-06, 0.575475
4.7e-09, -3.48e-06, 0.575484
4.7e-09, -3.6e-06, 0.909215
4.8e-09, -0, 0.909215
4.8e-09, -1.2e-07, 0.575484
4.8e-09, -2.4e-07, 0.575475
4.8e-09, -3.6e-07, 0.575475
4.8e-09, -4.8e-07, 0.575475
4.8e-09, -6e-07, 0.575475
4.8e-09, -7.2e-07, 0.575475
4.8e-09, -8.4e-07, 0.575475
4.8e-09, -9.6e-07, 0.575475
4.8e-09, -1.08e-06, 0.575475
4.8e-09, -1.2e-06, 0.558818
4.8e-09, -1.32e-06, 0.558817
4.8e-09, -1.44e-06, 0.558817
4.8e-09, -1.56e-06, 0.558817
4.8e-09, -1.68e-06, 0.558817
4.8e-09, -1.8e-06, 0.558817
4.8e-09, -1.92e-06, 0.558817
4.8e-09, -2.04e-06, 0.558817
4.8e-09, -2.16e-06, 0.558817
4.8e-09, -2.28e-06, 0.558817
4.8e-09, -2.4e-06, 0.558818
4.8e-09, -2.52e-06, 0.575475
4.8e-09, -2.64e-06, 0.575475
4.8e-09, -2.76e-06, 0.575475
4.8e-09, -2.88e-06, 0.575475
4.8e-09, -3e-06, 0.575475
4.8e-09, -3.12e-06, 0.575475
4.8e-09, -3.24e-06, 0.575475
4.8e-09, -3.36e-06, 0.575475
4.8e-09, -3.48e-06, 0.575484
4.8e-09, -3.6e-06, 0.909215
4.9e-09, -0, 0.909215
4.9e-09, -1.2e-07, 0.575484
4.9e-09, -2.4e-07, 0.575475
4.9e-09, -3.6e-07, 0.575475
4.9e-09, -4.8e-07, 0.575475
4.9e-09, -6e-07, 0.575475
4.9e-09, -7.2e-07, 0.575475
4.9e-09, -8.4e-07, 0.575475
4.9e-09, -9.6e-07, 0.575475
4.9e-09, -1.08e-06, 0.575475
4.9e-09, -1.2e-06, 0.562692
4.9e-09, -1.32e-06, 0.562691
4.9e-09, -1.44e-06, 0.562691
4.9e-09, -1.56e-06, 0.562691
4.9e-09, -1.68e-06, 0.562691
4.9e-09, -1.8e-06, 0.562691
4.9e-09, -1.92e-06, 0.562691
4.9e-09, -2.04e-06, 0.562691
4.9e-09, -2.16e-06, 0.562691
4.9e-09, -2.28e-06, 0.562691
4.9e-09, -2.4e-06, 0.562692
4.9e-09, -2.52e-06, 0.575475
4.9e-09, -2.64e-06, 0.575475
4.9e-09, -2.76e-06, 0.575475
4.9e-09, -2.88e-06, 0.575475
4.9e-09, -3e-06, 0.575475
4.9e-09, -3.12e-06, 0.575475
4.9e-09, -3.24e-06, 0.575475
4.9e-09, -3.36e-06, 0.575475
4.9e-09, -3.48e-06, 0.575484
4.9e-09, -3.6e-06, 0.909215
5e-09, -0, 0.909215
5e-09, -1.2e-07, 0.575484
5e-09, -2.4e-07, 0.575475
5e-09, -3.6e-07, 0.575475
5e-09, -4.8e-07, 0.575475
5e-09, -6e-07, 0.575475
5e-09, -7.2e-07, 0.575475
5e-09, -8.4e-07, 0.575475
5e-09, -9.6e-07, 0.575475
5e-09, -1.08e-06, 0.575475
5e-09, -1.2e-06, 0.567035
5e-09, -1.32e-06, 0.567035
5e-09, -1.44e-06, 0.567035
5e-09, -1.56e-06, 0.567035
5e-09, -1.68e-06, 0.567035
5e-09, -1.8e-06, 0.567035
5e-09, -1.92e-06, 0.567035
5e-09, -2.04e-06, 0.567035
5e-09, -2.16e-06, 0.567035
5e-09, -2.28e-06, 0.567035
5e-09, -2.4e-06, 0.567035
5e-09, -2.52e-06, 0.575475
5e-09, -2.64e-06, 0.575475
5e-09, -2.76e-06, 0.575475
5e-09, -2.88e-06, 0.575475
5e-09, -3e-06, 0.575475
5e-09, -3.12e-06, 0.575475
5e-09, -3.24e-06, 0.575475
5e-09, -3.36e-06, 0.575475
5e-09, -3.48e-06, 0.575484
5e-09, -3.6e-06, 0.909215
5.1e-09, -0, 0.909215
5.1e-09, -1.2e-07, 0.575484
5.1e-09, -2.4e-07, 0.575475
5.1e-09, -3.6e-07, 0.575475
5.1e-09, -4.8e-07, 0.575475
5.1e-09, -6e-07, 0.575475
5.1e-09, -7.2e-07, 0.575475
5.1e-09, -8.4e-07, 0.575475
5.1e-09, -9.6e-07, 0.575475
5.1e-09, -1.08e-06, 0.575475
5.1e-09, -1.2e-06, 0.571933
5.1e-09, -1.32e-06, 0.571933
5.1e-09, -1.44e-06, 0.571933
5.1e-09, -1.56e-06, 0.571933
5.1e-09, -1.68e-06, 0.571933
5.1e-09, -1.8e-06, 0.571933
5.1e-09, -1.92e-06, 0.571933
5.1e-09, -2.04e-06, 0.571933
5.1e-09, -2.16e-06, 0.571933
5.1e-09, -2.28e-06, 0.571933
5.1e-09, -2.4e-06, 0.571933
5.1e-09, -2.52e-06, 0.575475
5.1e-09, -2.64e-06, 0.575475
5.1e-09, -2.76e-06, 0.575475
5.1e-09, -2.88e-06, 0.575475
5.1e-09, -3e-06, 0.575475
5.1e-09, -3.12e-06, 0.575475
5.1e-09, -3.24e-06, 0.575475
5.1e-09, -3.36e-06, 0.575475
5.1e-09, -3.48e-06, 0.575484
5.1e-09, -3.6e-06, 0.909215
5.2e-09, -0, 0.909215
5.2e-09, -1.2e-07, 0.575484
5.2e-09, -2.4e-07, 0.575475
5.2e-09, -3.6e-07, 0.575475
5.2e-09, -4.8e-07, 0.575475
5.2e-09, -6e-07, 0.575475
5.2e-09, -7.2e-07, 0.575475
5.2e-09, -8.4e-07, 0.575475
5.2e-09, -9.6e-07, 0.575475
5.2e-09, -1.08e-06, 0.575475
5.2e-09, -1.2e-06, 0.577502
5.2e-09, -1.32e-06, 0.577502
5.2e-09, -1.44e-06, 0.577502
5.2e-09, -1.56e-06, 0.577502
5.2e-09, -1.68e-06, 0.577502
5.2e-09, -1.8e-06, 0.577502
5.2e-09, -1.92e-06, 0.577502
5.2e-09, -2.04e-06, 0.577502
5.2e-09, -2.16e-06, 0.577502
5.2e-09, -2.28e-06, 0.577502
5.2e-09, -2.4e-06, 0.577502
5.2e-09, -2.52e-06, 0.575475
5.2e-09, -2.64e-06, 0.575475
5.2e-09, -2.76e-06, 0.575475
5.2e-09, -2.88e-06, 0.575475
5.2e-09, -3e-06, 0.575475
5.2e-09, -3.12e-06, 0.575475
5.2e-09, -3.24e-06, 0.575475
5.2e-09, -3.36e-06, 0.575475
5.2e-09, -3.48e-06, 0.575484
5.2e-09, -3.6e-06, 0.909215
5.3e-09, -0, 0.909215
5.3e-09, -1.2e-07, 0.575485
5.3e-09, -2.4e-07, 0.575475
5.3e-09, -3.6e-07, 0.575475
5.3e-09, -4.8e-07, 0.575475
5.3e-09, -6e-07, 0.575475
5.3e-09, -7.2e-07, 0.575475
5.3e-09, -8.4e-07, 0.575475
5.3e-09, -9.6e-07, 0.575475
5.3e-09, -1.08e-06, 0.575476
5.3e-09, -1.2e-06, 0.583904
5.3e-09, -1.32e-06, 0.583904
5.3e-09, -1.44e-06, 0.583904
5.3e-09, -1.56e-06, 0.583904
5.3e-09, -1.68e-06, 0.583904
5.3e-09, -1.8e-06, 0.583904
5.3e-09, -1.92e-06, 0.583904
5.3e-09, -2.04e-06, 0.583904
5.3e-09, -2.16e-06, 0.583904
5.3e-09, -2.28e-06, 0.583904
5.3e-09, -2.4e-06, 0.583904
5.3e-09, -2.52e-06, 0.575476
5.3e-09, -2.64e-06, 0.575475
5.3e-09, -2.76e-06, 0.575475
5.3e-09, -2.88e-06, 0.575475
5.3e-09, -3e-06, 0.575475
5.3e-09, -3.12e-06, 0.575475
5.3e-09, -3.24e-06, 0.575475
5.3e-09, -3.36e-06, 0.575475
5.3e-09, -3.48e-06, 0.575485
5.3e-09, -3.6e-06, 0.909215
5.4e-09, -0, 0.909215
5.4e-09, -1.2e-07, 0.575485
5.4e-09, -2.4e-07, 0.575475
5.4e-09, -3.6e-07, 0.575475
5.4e-09, -4.8e-07, 0.575475
5.4e-09, -6e-07, 0.575475
5.4e-09, -7.2e-07, 0.575475
5.4e-09, -8.4e-07, 0.575475
5.4e-09, -9.6e-07, 0.575475
5.4e-09, -1.08e-06, 0.575476
5.4e-09, -1.2e-06, 0.591375
5.4e-09, -1.32e-06, 0.591375
5.4e-09, -1.44e-06, 0.591375
5.4e-09, -1.56e-06, 0.591375
5.4e-09, -1.68e-06, 0.591375
5.4e-09, -1.8e-06, 0.591375
5.4e-09, -1.92e-06, 0.591375
5.4e-09, -2.04e-06, 0.591375
5.4e-09, -2.16e-06, 0.591375
5.4e-09, -2.28e-06, 0.591375
5.4e-09, -2.4e-06, 0.591375
5.4e-09, -2.52e-06, 0.575476
5.4e-09, -2.64e-06, 0.575475
5.4e-09, -2.76e-06, 0.575475
5.4e-09, -2.88e-06, 0.575475
5.4e-09, -3e-06, 0.575475
5.4e-09, -3.12e-06, 0.575475
5.4e-09, -3.24e-06, 0.575475
5.4e-09, -3.36e-06, 0.575475
5.4e-09, -3.48e-06, 0.575485
5.4e-09, -3.6e-06, 0.909215
5.5e-09, -0, 0.909215
5.5e-09, -1.2e-07, 0.575485
5.5e-09, -2.4e-07, 0.575475
5.5e-09, -3.6e-07, 0.575475
5.5e-09, -4.8e-07, 0.575475
5.5e-09, -6e-07, 0.575475
5.5e-09, -7.2e-07, 0.575475
5.5e-09, -8.4e-07, 0.575475
5.5e-09, -9.6e-07, 0.575475
5.5e-09, -1.08e-06, 0.575476
5.5e-09, -1.2e-06, 0.600273
5.5e-09, -1.32e-06, 0.600272
5.5e-09, -1.44e-06, 0.600272
5.5e-09, -1.56e-06, 0.600272
5.5e-09, -1.68e-06, 0.600272
5.5e-09, -1.8e-06, 0.600272
5.5e-09, -1.92e-06, 0.600272
5.5e-09, -2.04e-06, 0.600272
5.5e-09, -2.16e-06, 0.600272
5.5e-09, -2.28e-06, 0.600272
5.5e-09, -2.4e-06, 0.600273
5.5e-09, -2.52e-06, 0.575476
5.5e-09, -2.64e-06, 0.575475
5.5e-09, -2.76e-06, 0.575475
5.5e-09, -2.88e-06, 0.575475
5.5e-09, -3e-06, 0.575475
5.5e-09, -3.12e-06, 0.575475
5.5e-09, -3.24e-06, 0.575475
5.5e-09, -3.36e-06, 0.575475
5.5e-09, -3.48e-06, 0.575485
5.5e-09, -3.6e-06, 0.909215
5.6e-09, -0, 0.909213
5.6e-09, -1.2e-07, 0.575486
5.6e-09, -2.4e-07, 0.575475
5.6e-09, -3.6e-07, 0.575475
5.6e-09, -4.8e-07, 0.575475
5.6e-09, -6e-07, 0.575475
5.6e-09, -7.2e-07, 0.575475
5.6e-09, -8.4e-07, 0.575475
5.6e-09, -9.6e-07, 0.575475
5.6e-09, -1.08e-06, 0.575476
5.6e-09, -1.2e-06, 0.626966
5.6e-09, -1.32e-06, 0.626966
5.6e-09, -1.44e-06, 0.626966
5.6e-09, -1.56e-06, 0.626966
5.6e-09, -1.68e-06, 0.626966
5.6e-09, -1.8e-06, 0.626966
5.6e-09, -1.92e-06, 0.626966
5.6e-09, -2.04e-06, 0.626966
5.6e-09, -2.16e-06, 0.626966
5.6e-09, -2.28e-06, 0.626966
5.6e-09, -2.4e-06, 0.626966
5.6e-09, -2.52e-06, 0.575476
5.6e-09, -2.64e-06, 0.575475
5.6e-09, -2.76e-06, 0.575475
5.6e-09, -2.88e-06, 0.575475
5.6e-09, -3e-06, 0.575475
5.6e-09, -3.12e-06, 0.575475
5.6e-09, -3.24e-06, 0.575475
5.6e-09, -3.36e-06, 0.575475
5.6e-09, -3.48e-06, 0.575486
5.6e-09, -3.6e-06, 0.909213
5.7e-09, -0, 0.909211
5.7e-09, -1.2e-07, 0.575487
5.7e-09, -2.4e-07, 0.575475
5.7e-09, -3.6e-07, 0.575475
5.7e-09, -4.8e-07, 0.575475
5.7e-09, -6e-07, 0.575475
5.7e-09, -7.2e-07, 0.575475
5.7e-09, -8.4e-07, 0.575475
5.7e-09, -9.6e-07, 0.575475
5.7e-09, -1.08e-06, 0.575476
5.7e-09, -1.2e-06, 0.653659
5.7e-09, -1.32e-06, 0.653659
5.7e-09, -1.44e-06, 0.653659
5.7e-09, -1.56e-06, 0.653659
5.7e-09, -1.68e-06, 0.653659
5.7e-09, -1.8e-06, 0.653659
5.7e-09, -1.92e-06, 0.653659
5.7e-09, -2.04e-06, 0.653659
5.7e-09, -2.16e-06, 0.653659
5.7e-09, -2.28e-06, 0.653659
5.7e-09, -2.4e-06, 0.653659
5.7e-09, -2.52e-06, 0.575476
5.7e-09, -2.64e-06, 0.575475
5.7e-09, -2.76e-06, 0.575475
5.7e-09, -2.88e-06, 0.575475
5.7e-09, -3e-06, 0.575475
5.7e-09, -3.12e-06, 0.575475
5.7e-09, -3.24e-06, 0.575475
5.7e-09, -3.36e-06, 0.575475
5.7e-09, -3.48e-06, 0.575487
5.7e-09, -3.6e-06, 0.909211
5.8e-09, -0, 0.90921
5.8e-09, -1.2e-07, 0.575488
5.8e-09, -2.4e-07, 0.575475
5.8e-09, -3.6e-07, 0.575475
5.8e-09, -4.8e-07, 0.575475
5.8e-09, -6e-07, 0.575475
5.8e-09, -7.2e-07, 0.575475
5.8e-09, -8.4e-07, 0.575475
5.8e-09, -9.6e-07, 0.575475
5.8e-09, -1.08e-06, 0.575477
5.8e-09, -1.2e-06, 0.680353
5.8e-09, -1.32e-06, 0.680353
5.8e-09, -1.44e-06, 0.680353
5.8e-09, -1.56e-06, 0.680353
5.8e-09, -1.68e-06, 0.680353
5.8e-09, -1.8e-06, 0.680353
5.8e-09, -1.92e-06, 0.680353
5.8e-09, -2.04e-06, 0.680353
5.8e-09, -2.16e-06, 0.680353
5.8e-09, -2.28e-06, 0.680353
5.8e-09, -2.4e-06, 0.680353
5.8e-09, -2.52e-06, 0.575477
5.8e-09, -2.64e-06, 0.575475
5.8e-09, -2.76e-06, 0.575475
5.8e-09, -2.88e-06, 0.575475
5.8e-09, -3e-06, 0.575475
5.8e-09, -3.12e-06, 0.575475
5.8e-09, -3.24e-06, 0.575475
5.8e-09, -3.36e-06, 0.575475
5.8e-09, -3.48e-06, 0.575488
5.8e-09, -3.6e-06, 0.90921
5.9e-09, -0, 0.909209
5.9e-09, -1.2e-07, 0.575488
5.9e-09, -2.4e-07, 0.575475
5.9e-09, -3.6e-07, 0.575475
5.9e-09, -4.8e-07, 0.575475
5.9e-09, -6e-07, 0.575475
5.9e-09, -7.2e-07, 0.575475
5.9e-09, -8.4e-07, 0.575475
5.9e-09, -9.6e-07, 0.575475
5.9e-09, -1.08e-06, 0.575477
5.9e-09, -1.2e-06, 0.707046
5.9e-09, -1.32e-06, 0.707046
5.9e-09, -1.44e-06, 0.707046
5.9e-09, -1.56e-06, 0.707046
5.9e-09, -1.68e-06, 0.707046
5.9e-09, -1.8e-06, 0.707046
5.9e-09, -1.92e-06, 0.707046
5.9e-09, -2.04e-06, 0.707046
5.9e-09, -2.16e-06, 0.707046
5.9e-09, -2.28e-06, 0.707046
5.9e-09, -2.4e-06, 0.707046
5.9e-09, -2.52e-06, 0.575477
5.9e-09, -2.64e-06, 0.575475
5.9e-09, -2.76e-06, 0.575475
5.9e-09, -2.88e-06, 0.575475
5.9e-09, -3e-06, 0.575475
5.9e-09, -3.12e-06, 0.575475
5.9e-09, -3.24e-06, 0.575475
5.9e-09, -3.36e-06, 0.575475
5.9e-09, -3.48e-06, 0.575488
5.9e-09, -3.6e-06, 0.909209
6e-09, -0, 0.909209
6e-09, -1.2e-07, 0.575488
6e-09, -2.4e-07, 0.575475
6e-09, -3.6e-07, 0.575475
6e-09, -4.8e-07, 0.575475
6e-09, -6e-07, 0.575475
6e-09, -7.2e-07, 0.575475
6e-09, -8.4e-07, 0.575475
6e-09, -9.6e-07, 0.575475
6e-09, -1.08e-06, 0.575477
6e-09, -1.2e-06, 0.73374
6e-09, -1.32e-06, 0.73374
6e-09, -1.44e-06, 0.73374
6e-09, -1.56e-06, 0.73374
6e-09, -1.68e-06, 0.73374
6e-09, -1.8e-06, 0.73374
6e-09, -1.92e-06, 0.73374
6e-09, -2.04e-06, 0.73374
6e-09, -2.16e-06, 0.73374
6e-09, -2.28e-06, 0.73374
6e-09, -2.4e-06, 0.73374
6e-09, -2.52e-06, 0.575477
6e-09, -2.64e-06, 0.575475
6e-09, -2.76e-06, 0.575475
6e-09, -2.88e-06, 0.575475
6e-09, -3e-06, 0.575475
6e-09, -3.12e-06, 0.575475
6e-09, -3.24e-06, 0.575475
6e-09, -3.36e-06, 0.575475
6e-09, -3.48e-06, 0.575488
6e-09, -3.6e-06, 0.909209
