0, -0, 0.909209
0, -1.2e-07, 0.575488
0, -2.4e-07, 0.575475
0, -3.6e-07, 0.575475
0, -4.8e-07, 0.575475
0, -6e-07, 0.575475
0, -7.2e-07, 0.575475
0, -8.4e-07, 0.575475
0, -9.6e-07, 0.575475
0, -1.08e-06, 0.575479
0, -1.2e-06, 0.83374
0, -1.32e-06, 0.83374
0, -1.44e-06, 0.83374
0, -1.56e-06, 0.83374
0, -1.68e-06, 0.83374
0, -1.8e-06, 0.83374
0, -1.92e-06, 0.83374
0, -2.04e-06, 0.83374
0, -2.16e-06, 0.83374
0, -2.28e-06, 0.83374
0, -2.4e-06, 0.83374
0, -2.52e-06, 0.575479
0, -2.64e-06, 0.575475
0, -2.76e-06, 0.575475
0, -2.88e-06, 0.575475
0, -3e-06, 0.575475
0, -3.12e-06, 0.575475
0, -3.24e-06, 0.575475
0, -3.36e-06, 0.575475
0, -3.48e-06, 0.575488
0, -3.6e-06, 0.909209
1e-10, -0, 0.909209
1e-10, -1.2e-07, 0.575488
1e-10, -2.4e-07, 0.575475
1e-10, -3.6e-07, 0.575475
1e-10, -4.8e-07, 0.575475
1e-10, -6e-07, 0.575475
1e-10, -7.2e-07, 0.575475
1e-10, -8.4e-07, 0.575475
1e-10, -9.6e-07, 0.575475
1e-10, -1.08e-06, 0.575478
1e-10, -1.2e-06, 0.793417
1e-10, -1.32e-06, 0.793422
1e-10, -1.44e-06, 0.793422
1e-10, -1.56e-06, 0.793422
1e-10, -1.68e-06, 0.793422
1e-10, -1.8e-06, 0.793422
1e-10, -1.92e-06, 0.793422
1e-10, -2.04e-06, 0.793422
1e-10, -2.16e-06, 0.793422
1e-10, -2.28e-06, 0.793422
1e-10, -2.4e-06, 0.793417
1e-10, -2.52e-06, 0.575478
1e-10, -2.64e-06, 0.575475
1e-10, -2.76e-06, 0.575475
1e-10, -2.88e-06, 0.575475
1e-10, -3e-06, 0.575475
1e-10, -3.12e-06, 0.575475
1e-10, -3.24e-06, 0.575475
1e-10, -3.36e-06, 0.575475
1e-10, -3.48e-06, 0.575488
1e-10, -3.6e-06, 0.909209
2e-10, -0, 0.90921
2e-10, -1.2e-07, 0.575488
2e-10, -2.4e-07, 0.575475
2e-10, -3.6e-07, 0.575475
2e-10, -4.8e-07, 0.575475
2e-10, -6e-07, 0.575475
2e-10, -7.2e-07, 0.575475
2e-10, -8.4e-07, 0.575475
2e-10, -9.6e-07, 0.575475
2e-10, -1.08e-06, 0.575478
2e-10, -1.2e-06, 0.753095
2e-10, -1.32e-06, 0.753104
2e-10, -1.44e-06, 0.753104
2e-10, -1.56e-06, 0.753104
2e-10, -1.68e-06, 0.753104
2e-10, -1.8e-06, 0.753104
2e-10, -1.92e-06, 0.753104
2e-10, -2.04e-06, 0.753104
2e-10, -2.16e-06, 0.753104
2e-10, -2.28e-06, 0.753104
2e-10, -2.4e-06, 0.753095
2e-10, -2.52e-06, 0.575478
2e-10, -2.64e-06, 0.575475
2e-10, -2.76e-06, 0.575475
2e-10, -2.88e-06, 0.575475
2e-10, -3e-06, 0.575475
2e-10, -3.12e-06, 0.575475
2e-10, -3.24e-06, 0.575475
2e-10, -3.36e-06, 0.575475
2e-10, -3.48e-06, 0.575488
2e-10, -3.6e-06, 0.90921
3e-10, -0, 0.909211
3e-10, -1.2e-07, 0.575487
3e-10, -2.4e-07, 0.575475
3e-10, -3.6e-07, 0.575475
3e-10, -4.8e-07, 0.575475
3e-10, -6e-07, 0.575475
3e-10, -7.2e-07, 0.575475
3e-10, -8.4e-07, 0.575475
3e-10, -9.6e-07, 0.575475
3e-10, -1.08e-06, 0.575478
3e-10, -1.2e-06, 0.712773
3e-10, -1.32e-06, 0.712786
3e-10, -1.44e-06, 0.712786
3e-10, -1.56e-06, 0.712786
3e-10, -1.68e-06, 0.712786
3e-10, -1.8e-06, 0.712786
3e-10, -1.92e-06, 0.712786
3e-10, -2.04e-06, 0.712786
3e-10, -2.16e-06, 0.712786
3e-10, -2.28e-06, 0.712786
3e-10, -2.4e-06, 0.712773
3e-10, -2.52e-06, 0.575478
3e-10, -2.64e-06, 0.575475
3e-10, -2.76e-06, 0.575475
3e-10, -2.88e-06, 0.575475
3e-10, -3e-06, 0.575475
3e-10, -3.12e-06, 0.575475
3e-10, -3.24e-06, 0.575475
3e-10, -3.36e-06, 0.575475
3e-10, -3.48e-06, 0.575487
3e-10, -3.6e-06, 0.909211
4e-10, -0, 0.909213
4e-10, -1.2e-07, 0.575486
4e-10, -2.4e-07, 0.575475
4e-10, -3.6e-07, 0.575475
4e-10, -4.8e-07, 0.575475
4e-10, -6e-07, 0.575475
4e-10, -7.2e-07, 0.575475
4e-10, -8.4e-07, 0.575475
4e-10, -9.6e-07, 0.575475
4e-10, -1.08e-06, 0.575477
4e-10, -1.2e-06, 0.672451
4e-10, -1.32e-06, 0.672468
4e-10, -1.44e-06, 0.672468
4e-10, -1.56e-06, 0.672468
4e-10, -1.68e-06, 0.672468
4e-10, -1.8e-06, 0.672468
4e-10, -1.92e-06, 0.672468
4e-10, -2.04e-06, 0.672468
4e-10, -2.16e-06, 0.672468
4e-10, -2.28e-06, 0.672468
4e-10, -2.4e-06, 0.672451
4e-10, -2.52e-06, 0.575477
4e-10, -2.64e-06, 0.575475
4e-10, -2.76e-06, 0.575475
4e-10, -2.88e-06, 0.575475
4e-10, -3e-06, 0.575475
4e-10, -3.12e-06, 0.575475
4e-10, -3.24e-06, 0.575475
4e-10, -3.36e-06, 0.575475
4e-10, -3.48e-06, 0.575486
4e-10, -3.6e-06, 0.909213
5e-10, -0, 0.909215
5e-10, -1.2e-07, 0.575485
5e-10, -2.4e-07, 0.575475
5e-10, -3.6e-07, 0.575475
5e-10, -4.8e-07, 0.575475
5e-10, -6e-07, 0.575475
5e-10, -7.2e-07, 0.575475
5e-10, -8.4e-07, 0.575475
5e-10, -9.6e-07, 0.575475
5e-10, -1.08e-06, 0.575477
5e-10, -1.2e-06, 0.632129
5e-10, -1.32e-06, 0.63215
5e-10, -1.44e-06, 0.63215
5e-10, -1.56e-06, 0.63215
5e-10, -1.68e-06, 0.63215
5e-10, -1.8e-06, 0.63215
5e-10, -1.92e-06, 0.63215
5e-10, -2.04e-06, 0.63215
5e-10, -2.16e-06, 0.63215
5e-10, -2.28e-06, 0.63215
5e-10, -2.4e-06, 0.632129
5e-10, -2.52e-06, 0.575477
5e-10, -2.64e-06, 0.575475
5e-10, -2.76e-06, 0.575475
5e-10, -2.88e-06, 0.575475
5e-10, -3e-06, 0.575475
5e-10, -3.12e-06, 0.575475
5e-10, -3.24e-06, 0.575475
5e-10, -3.36e-06, 0.575475
5e-10, -3.48e-06, 0.575485
5e-10, -3.6e-06, 0.909215
6e-10, -0, 0.909215
6e-10, -1.2e-07, 0.575485
6e-10, -2.4e-07, 0.575475
6e-10, -3.6e-07, 0.575475
6e-10, -4.8e-07, 0.575475
6e-10, -6e-07, 0.575475
6e-10, -7.2e-07, 0.575475
6e-10, -8.4e-07, 0.575475
6e-10, -9.6e-07, 0.575475
6e-10, -1.08e-06, 0.575477
6e-10, -1.2e-06, 0.618688
6e-10, -1.32e-06, 0.61871
6e-10, -1.44e-06, 0.618711
6e-10, -1.56e-06, 0.618711
6e-10, -1.68e-06, 0.618711
6e-10, -1.8e-06, 0.618711
6e-10, -1.92e-06, 0.618711
6e-10, -2.04e-06, 0.618711
6e-10, -2.16e-06, 0.618711
6e-10, -2.28e-06, 0.61871
6e-10, -2.4e-06, 0.618688
6e-10, -2.52e-06, 0.575477
6e-10, -2.64e-06, 0.575475
6e-10, -2.76e-06, 0.575475
6e-10, -2.88e-06, 0.575475
6e-10, -3e-06, 0.575475
6e-10, -3.12e-06, 0.575475
6e-10, -3.24e-06, 0.575475
6e-10, -3.36e-06, 0.575475
6e-10, -3.48e-06, 0.575485
6e-10, -3.6e-06, 0.909215
7e-10, -0, 0.909215
7e-10, -1.2e-07, 0.575485
7e-10, -2.4e-07, 0.575475
7e-10, -3.6e-07, 0.575475
7e-10, -4.8e-07, 0.575475
7e-10, -6e-07, 0.575475
7e-10, -7.2e-07, 0.575475
7e-10, -8.4e-07, 0.575475
7e-10, -9.6e-07, 0.575475
7e-10, -1.08e-06, 0.575477
7e-10, -1.2e-06, 0.608907
7e-10, -1.32e-06, 0.608933
7e-10, -1.44e-06, 0.608933
7e-10, -1.56e-06, 0.608933
7e-10, -1.68e-06, 0.608933
7e-10, -1.8e-06, 0.608933
7e-10, -1.92e-06, 0.608933
7e-10, -2.04e-06, 0.608933
7e-10, -2.16e-06, 0.608933
7e-10, -2.28e-06, 0.608933
7e-10, -2.4e-06, 0.608907
7e-10, -2.52e-06, 0.575477
7e-10, -2.64e-06, 0.575475
7e-10, -2.76e-06, 0.575475
7e-10, -2.88e-06, 0.575475
7e-10, -3e-06, 0.575475
7e-10, -3.12e-06, 0.575475
7e-10, -3.24e-06, 0.575475
7e-10, -3.36e-06, 0.575475
7e-10, -3.48e-06, 0.575485
7e-10, -3.6e-06, 0.909215
8e-10, -0, 0.909215
8e-10, -1.2e-07, 0.575484
8e-10, -2.4e-07, 0.575475
8e-10, -3.6e-07, 0.575475
8e-10, -4.8e-07, 0.575475
8e-10, -6e-07, 0.575475
8e-10, -7.2e-07, 0.575475
8e-10, -8.4e-07, 0.575475
8e-10, -9.6e-07, 0.575475
8e-10, -1.08e-06, 0.575476
8e-10, -1.2e-06, 0.601529
8e-10, -1.32e-06, 0.601559
8e-10, -1.44e-06, 0.601559
8e-10, -1.56e-06, 0.601559
8e-10, -1.68e-06, 0.601559
8e-10, -1.8e-06, 0.601559
8e-10, -1.92e-06, 0.601559
8e-10, -2.04e-06, 0.601559
8e-10, -2.16e-06, 0.601559
8e-10, -2.28e-06, 0.601559
8e-10, -2.4e-06, 0.601529
8e-10, -2.52e-06, 0.575476
8e-10, -2.64e-06, 0.575475
8e-10, -2.76e-06, 0.575475
8e-10, -2.88e-06, 0.575475
8e-10, -3e-06, 0.575475
8e-10, -3.12e-06, 0.575475
8e-10, -3.24e-06, 0.575475
8e-10, -3.36e-06, 0.575475
8e-10, -3.48e-06, 0.575484
8e-10, -3.6e-06, 0.909215
9e-10, -0, 0.909215
9e-10, -1.2e-07, 0.575484
9e-10, -2.4e-07, 0.575475
9e-10, -3.6e-07, 0.575475
9e-10, -4.8e-07, 0.575475
9e-10, -6e-07, 0.575475
9e-10, -7.2e-07, 0.575475
9e-10, -8.4e-07, 0.575475
9e-10, -9.6e-07, 0.575475
9e-10, -1.08e-06, 0.575476
9e-10, -1.2e-06, 0.595838
9e-10, -1.32e-06, 0.595874
9e-10, -1.44e-06, 0.595874
9e-10, -1.56e-06, 0.595874
9e-10, -1.68e-06, 0.595874
9e-10, -1.8e-06, 0.595874
9e-10, -1.92e-06, 0.595874
9e-10, -2.04e-06, 0.595874
9e-10, -2.16e-06, 0.595874
9e-10, -2.28e-06, 0.595874
9e-10, -2.4e-06, 0.595838
9e-10, -2.52e-06, 0.575476
9e-10, -2.64e-06, 0.575475
9e-10, -2.76e-06, 0.575475
9e-10, -2.88e-06, 0.575475
9e-10, -3e-06, 0.575475
9e-10, -3.12e-06, 0.575475
9e-10, -3.24e-06, 0.575475
9e-10, -3.36e-06, 0.575475
9e-10, -3.48e-06, 0.575484
9e-10, -3.6e-06, 0.909215
1e-09, -0, 0.909215
1e-09, -1.2e-07, 0.575484
1e-09, -2.4e-07, 0.575475
1e-09, -3.6e-07, 0.575475
1e-09, -4.8e-07, 0.575475
1e-09, -6e-07, 0.575475
1e-09, -7.2e-07, 0.575475
1e-09, -8.4e-07, 0.575475
1e-09, -9.6e-07, 0.575475
1e-09, -1.08e-06, 0.575476
1e-09, -1.2e-06, 0.591381
1e-09, -1.32e-06, 0.591422
1e-09, -1.44e-06, 0.591422
1e-09, -1.56e-06, 0.591422
1e-09, -1.68e-06, 0.591422
1e-09, -1.8e-06, 0.591422
1e-09, -1.92e-06, 0.591422
1e-09, -2.04e-06, 0.591422
1e-09, -2.16e-06, 0.591422
1e-09, -2.28e-06, 0.591422
1e-09, -2.4e-06, 0.591381
1e-09, -2.52e-06, 0.575476
1e-09, -2.64e-06, 0.575475
1e-09, -2.76e-06, 0.575475
1e-09, -2.88e-06, 0.575475
1e-09, -3e-06, 0.575475
1e-09, -3.12e-06, 0.575475
1e-09, -3.24e-06, 0.575475
1e-09, -3.36e-06, 0.575475
1e-09, -3.48e-06, 0.575484
1e-09, -3.6e-06, 0.909215
1.1e-09, -0, 0.909215
1.1e-09, -1.2e-07, 0.575484
1.1e-09, -2.4e-07, 0.575475
1.1e-09, -3.6e-07, 0.575475
1.1e-09, -4.8e-07, 0.575475
1.1e-09, -6e-07, 0.575475
1.1e-09, -7.2e-07, 0.575475
1.1e-09, -8.4e-07, 0.575475
1.1e-09, -9.6e-07, 0.575475
1.1e-09, -1.08e-06, 0.575476
1.1e-09, -1.2e-06, 0.587847
1.1e-09, -1.32e-06, 0.587894
1.1e-09, -1.44e-06, 0.587894
1.1e-09, -1.56e-06, 0.587894
1.1e-09, -1.68e-06, 0.587894
1.1e-09, -1.8e-06, 0.587894
1.1e-09, -1.92e-06, 0.587894
1.1e-09, -2.04e-06, 0.587894
1.1e-09, -2.16e-06, 0.587894
1.1e-09, -2.28e-06, 0.587894
1.1e-09, -2.4e-06, 0.587847
1.1e-09, -2.52e-06, 0.575476
1.1e-09, -2.64e-06, 0.575475
1.1e-09, -2.76e-06, 0.575475
1.1e-09, -2.88e-06, 0.575475
1.1e-09, -3e-06, 0.575475
1.1e-09, -3.12e-06, 0.575475
1.1e-09, -3.24e-06, 0.575475
1.1e-09, -3.36e-06, 0.575475
1.1e-09, -3.48e-06, 0.575484
1.1e-09, -3.6e-06, 0.909215
1.2e-09, -0, 0.909215
1.2e-09, -1.2e-07, 0.575484
1.2e-09, -2.4e-07, 0.575475
1.2e-09, -3.6e-07, 0.575475
1.2e-09, -4.8e-07, 0.575475
1.2e-09, -6e-07, 0.575475
1.2e-09, -7.2e-07, 0.575475
1.2e-09, -8.4e-07, 0.575475
1.2e-09, -9.6e-07, 0.575475
1.2e-09, -1.08e-06, 0.575476
1.2e-09, -1.2e-06, 0.585015
1.2e-09, -1.32e-06, 0.585068
1.2e-09, -1.44e-06, 0.585068
1.2e-09, -1.56e-06, 0.585068
1.2e-09, -1.68e-06, 0.585068
1.2e-09, -1.8e-06, 0.585068
1.2e-09, -1.92e-06, 0.585068
1.2e-09, -2.04e-06, 0.585068
1.2e-09, -2.16e-06, 0.585068
1.2e-09, -2.28e-06, 0.585068
1.2e-09, -2.4e-06, 0.585015
1.2e-09, -2.52e-06, 0.575476
1.2e-09, -2.64e-06, 0.575475
1.2e-09, -2.76e-06, 0.575475
1.2e-09, -2.88e-06, 0.575475
1.2e-09, -3e-06, 0.575475
1.2e-09, -3.12e-06, 0.575475
1.2e-09, -3.24e-06, 0.575475
1.2e-09, -3.36e-06, 0.575475
1.2e-09, -3.48e-06, 0.575484
1.2e-09, -3.6e-06, 0.909215
1.3e-09, -0, 0.909215
1.3e-09, -1.2e-07, 0.575484
1.3e-09, -2.4e-07, 0.575475
1.3e-09, -3.6e-07, 0.575475
1.3e-09, -4.8e-07, 0.575475
1.3e-09, -6e-07, 0.575475
1.3e-09, -7.2e-07, 0.575475
1.3e-09, -8.4e-07, 0.575475
1.3e-09, -9.6e-07, 0.575475
1.3e-09, -1.08e-06, 0.575476
1.3e-09, -1.2e-06, 0.582722
1.3e-09, -1.32e-06, 0.58278
1.3e-09, -1.44e-06, 0.58278
1.3e-09, -1.56e-06, 0.58278
1.3e-09, -1.68e-06, 0.58278
1.3e-09, -1.8e-06, 0.58278
1.3e-09, -1.92e-06, 0.58278
1.3e-09, -2.04e-06, 0.58278
1.3e-09, -2.16e-06, 0.58278
1.3e-09, -2.28e-06, 0.58278
1.3e-09, -2.4e-06, 0.582722
1.3e-09, -2.52e-06, 0.575476
1.3e-09, -2.64e-06, 0.575475
1.3e-09, -2.76e-06, 0.575475
1.3e-09, -2.88e-06, 0.575475
1.3e-09, -3e-06, 0.575475
1.3e-09, -3.12e-06, 0.575475
1.3e-09, -3.24e-06, 0.575475
1.3e-09, -3.36e-06, 0.575475
1.3e-09, -3.48e-06, 0.575484
1.3e-09, -3.6e-06, 0.909215
1.4e-09, -0, 0.909215
1.4e-09, -1.2e-07, 0.575484
1.4e-09, -2.4e-07, 0.575475
1.4e-09, -3.6e-07, 0.575475
1.4e-09, -4.8e-07, 0.575475
1.4e-09, -6e-07, 0.575475
1.4e-09, -7.2e-07, 0.575475
1.4e-09, -8.4e-07, 0.575475
1.4e-09, -9.6e-07, 0.575475
1.4e-09, -1.08e-06, 0.575476
1.4e-09, -1.2e-06, 0.580844
1.4e-09, -1.32e-06, 0.580907
1.4e-09, -1.44e-06, 0.580907
1.4e-09, -1.56e-06, 0.580907
1.4e-09, -1.68e-06, 0.580907
1.4e-09, -1.8e-06, 0.580907
1.4e-09, -1.92e-06, 0.580907
1.4e-09, -2.04e-06, 0.580907
1.4e-09, -2.16e-06, 0.580907
1.4e-09, -2.28e-06, 0.580907
1.4e-09, -2.4e-06, 0.580844
1.4e-09, -2.52e-06, 0.575476
1.4e-09, -2.64e-06, 0.575475
1.4e-09, -2.76e-06, 0.575475
1.4e-09, -2.88e-06, 0.575475
1.4e-09, -3e-06, 0.575475
1.4e-09, -3.12e-06, 0.575475
1.4e-09, -3.24e-06, 0.575475
1.4e-09, -3.36e-06, 0.575475
1.4e-09, -3.48e-06, 0.575484
1.4e-09, -3.6e-06, 0.909215
1.5e-09, -0, 0.909215
1.5e-09, -1.2e-07, 0.575483
1.5e-09, -2.4e-07, 0.575475
1.5e-09, -3.6e-07, 0.575475
1.5e-09, -4.8e-07, 0.575475
1.5e-09, -6e-07, 0.575475
1.5e-09, -7.2e-07, 0.575475
1.5e-09, -8.4e-07, 0.575475
1.5e-09, -9.6e-07, 0.575475
1.5e-09, -1.08e-06, 0.575476
1.5e-09, -1.2e-06, 0.579292
1.5e-09, -1.32e-06, 0.57936
1.5e-09, -1.44e-06, 0.57936
1.5e-09, -1.56e-06, 0.57936
1.5e-09, -1.68e-06, 0.57936
1.5e-09, -1.8e-06, 0.57936
1.5e-09, -1.92e-06, 0.57936
1.5e-09, -2.04e-06, 0.57936
1.5e-09, -2.16e-06, 0.57936
1.5e-09, -2.28e-06, 0.57936
1.5e-09, -2.4e-06, 0.579292
1.5e-09, -2.52e-06, 0.575476
1.5e-09, -2.64e-06, 0.575475
1.5e-09, -2.76e-06, 0.575475
1.5e-09, -2.88e-06, 0.575475
1.5e-09, -3e-06, 0.575475
1.5e-09, -3.12e-06, 0.575475
1.5e-09, -3.24e-06, 0.575475
1.5e-09, -3.36e-06, 0.575475
1.5e-09, -3.48e-06, 0.575483
1.5e-09, -3.6e-06, 0.909215
1.6e-09, -0, 0.909215
1.6e-09, -1.2e-07, 0.575483
1.6e-09, -2.4e-07, 0.575475
1.6e-09, -3.6e-07, 0.575475
1.6e-09, -4.8e-07, 0.575475
1.6e-09, -6e-07, 0.575475
1.6e-09, -7.2e-07, 0.575475
1.6e-09, -8.4e-07, 0.575475
1.6e-09, -9.6e-07, 0.575475
1.6e-09, -1.08e-06, 0.575476
1.6e-09, -1.2e-06, 0.577996
1.6e-09, -1.32e-06, 0.578068
1.6e-09, -1.44e-06, 0.578068
1.6e-09, -1.56e-06, 0.578068
1.6e-09, -1.68e-06, 0.578068
1.6e-09, -1.8e-06, 0.578068
1.6e-09, -1.92e-06, 0.578068
1.6e-09, -2.04e-06, 0.578068
1.6e-09, -2.16e-06, 0.578068
1.6e-09, -2.28e-06, 0.578068
1.6e-09, -2.4e-06, 0.577996
1.6e-09, -2.52e-06, 0.575476
1.6e-09, -2.64e-06, 0.575475
1.6e-09, -2.76e-06, 0.575475
1.6e-09, -2.88e-06, 0.575475
1.6e-09, -3e-06, 0.575475
1.6e-09, -3.12e-06, 0.575475
1.6e-09, -3.24e-06, 0.575475
1.6e-09, -3.36e-06, 0.575475
1.6e-09, -3.48e-06, 0.575483
1.6e-09, -3.6e-06, 0.909215
1.7e-09, -0, 0.909215
1.7e-09, -1.2e-07, 0.575483
1.7e-09, -2.4e-07, 0.575475
1.7e-09, -3.6e-07, 0.575475
1.7e-09, -4.8e-07, 0.575475
1.7e-09, -6e-07, 0.575475
1.7e-09, -7.2e-07, 0.575475
1.7e-09, -8.4e-07, 0.575475
1.7e-09, -9.6e-07, 0.575475
1.7e-09, -1.08e-06, 0.575476
1.7e-09, -1.2e-06, 0.576905
1.7e-09, -1.32e-06, 0.57698
1.7e-09, -1.44e-06, 0.57698
1.7e-09, -1.56e-06, 0.57698
1.7e-09, -1.68e-06, 0.57698
1.7e-09, -1.8e-06, 0.57698
1.7e-09, -1.92e-06, 0.57698
1.7e-09, -2.04e-06, 0.57698
1.7e-09, -2.16e-06, 0.57698
1.7e-09, -2.28e-06, 0.57698
1.7e-09, -2.4e-06, 0.576905
1.7e-09, -2.52e-06, 0.575476
1.7e-09, -2.64e-06, 0.575475
1.7e-09, -2.76e-06, 0.575475
1.7e-09, -2.88e-06, 0.575475
1.7e-09, -3e-06, 0.575475
1.7e-09, -3.12e-06, 0.575475
1.7e-09, -3.24e-06, 0.575475
1.7e-09, -3.36e-06, 0.575475
1.7e-09, -3.48e-06, 0.575483
1.7e-09, -3.6e-06, 0.909215
1.8e-09, -0, 0.909215
1.8e-09, -1.2e-07, 0.575483
1.8e-09, -2.4e-07, 0.575475
1.8e-09, -3.6e-07, 0.575475
1.8e-09, -4.8e-07, 0.575475
1.8e-09, -6e-07, 0.575475
1.8e-09, -7.2e-07, 0.575475
1.8e-09, -8.4e-07, 0.575475
1.8e-09, -9.6e-07, 0.575475
1.8e-09, -1.08e-06, 0.575476
1.8e-09, -1.2e-06, 0.575979
1.8e-09, -1.32e-06, 0.576058
1.8e-09, -1.44e-06, 0.576058
1.8e-09, -1.56e-06, 0.576058
1.8e-09, -1.68e-06, 0.576058
1.8e-09, -1.8e-06, 0.576058
1.8e-09, -1.92e-06, 0.576058
1.8e-09, -2.04e-06, 0.576058
1.8e-09, -2.16e-06, 0.576058
1.8e-09, -2.28e-06, 0.576058
1.8e-09, -2.4e-06, 0.575979
1.8e-09, -2.52e-06, 0.575476
1.8e-09, -2.64e-06, 0.575475
1.8e-09, -2.76e-06, 0.575475
1.8e-09, -2.88e-06, 0.575475
1.8e-09, -3e-06, 0.575475
1.8e-09, -3.12e-06, 0.575475
1.8e-09, -3.24e-06, 0.575475
1.8e-09, -3.36e-06, 0.575475
1.8e-09, -3.48e-06, 0.575483
1.8e-09, -3.6e-06, 0.909215
1.9e-09, -0, 0.909215
1.9e-09, -1.2e-07, 0.575483
1.9e-09, -2.4e-07, 0.575475
1.9e-09, -3.6e-07, 0.575475
1.9e-09, -4.8e-07, 0.575475
1.9e-09, -6e-07, 0.575475
1.9e-09, -7.2e-07, 0.575475
1.9e-09, -8.4e-07, 0.575475
1.9e-09, -9.6e-07, 0.575475
1.9e-09, -1.08e-06, 0.575475
1.9e-09, -1.2e-06, 0.575189
1.9e-09, -1.32e-06, 0.57527
1.9e-09, -1.44e-06, 0.57527
1.9e-09, -1.56e-06, 0.57527
1.9e-09, -1.68e-06, 0.57527
1.9e-09, -1.8e-06, 0.57527
1.9e-09, -1.92e-06, 0.57527
1.9e-09, -2.04e-06, 0.57527
1.9e-09, -2.16e-06, 0.57527
1.9e-09, -2.28e-06, 0.57527
1.9e-09, -2.4e-06, 0.575189
1.9e-09, -2.52e-06, 0.575475
1.9e-09, -2.64e-06, 0.575475
1.9e-09, -2.76e-06, 0.575475
1.9e-09, -2.88e-06, 0.575475
1.9e-09, -3e-06, 0.575475
1.9e-09, -3.12e-06, 0.575475
1.9e-09, -3.24e-06, 0.575475
1.9e-09, -3.36e-06, 0.575475
1.9e-09, -3.48e-06, 0.575483
1.9e-09, -3.6e-06, 0.909215
2e-09, -0, 0.909215
2e-09, -1.2e-07, 0.575483
2e-09, -2.4e-07, 0.575475
2e-09, -3.6e-07, 0.575475
2e-09, -4.8e-07, 0.575475
2e-09, -6e-07, 0.575475
2e-09, -7.2e-07, 0.575475
2e-09, -8.4e-07, 0.575475
2e-09, -9.6e-07, 0.575475
2e-09, -1.08e-06, 0.575475
2e-09, -1.2e-06, 0.574512
2e-09, -1.32e-06, 0.574596
2e-09, -1.44e-06, 0.574596
2e-09, -1.56e-06, 0.574596
2e-09, -1.68e-06, 0.574596
2e-09, -1.8e-06, 0.574596
2e-09, -1.92e-06, 0.574596
2e-09, -2.04e-06, 0.574596
2e-09, -2.16e-06, 0.574596
2e-09, -2.28e-06, 0.574596
2e-09, -2.4e-06, 0.574512
2e-09, -2.52e-06, 0.575475
2e-09, -2.64e-06, 0.575475
2e-09, -2.76e-06, 0.575475
2e-09, -2.88e-06, 0.575475
2e-09, -3e-06, 0.575475
2e-09, -3.12e-06, 0.575475
2e-09, -3.24e-06, 0.575475
2e-09, -3.36e-06, 0.575475
2e-09, -3.48e-06, 0.575483
2e-09, -3.6e-06, 0.909215
2.1e-09, -0, 0.909215
2.1e-09, -1.2e-07, 0.575483
2.1e-09, -2.4e-07, 0.575475
2.1e-09, -3.6e-07, 0.575475
2.1e-09, -4.8e-07, 0.575475
2.1e-09, -6e-07, 0.575475
2.1e-09, -7.2e-07, 0.575475
2.1e-09, -8.4e-07, 0.575475
2.1e-09, -9.6e-07, 0.575475
2.1e-09, -1.08e-06, 0.575475
2.1e-09, -1.2e-06, 0.573932
2.1e-09, -1.32e-06, 0.574018
2.1e-09, -1.44e-06, 0.574018
2.1e-09, -1.56e-06, 0.574018
2.1e-09, -1.68e-06, 0.574018
2.1e-09, -1.8e-06, 0.574018
2.1e-09, -1.92e-06, 0.574018
2.1e-09, -2.04e-06, 0.574018
2.1e-09, -2.16e-06, 0.574018
2.1e-09, -2.28e-06, 0.574018
2.1e-09, -2.4e-06, 0.573932
2.1e-09, -2.52e-06, 0.575475
2.1e-09, -2.64e-06, 0.575475
2.1e-09, -2.76e-06, 0.575475
2.1e-09, -2.88e-06, 0.575475
2.1e-09, -3e-06, 0.575475
2.1e-09, -3.12e-06, 0.575475
2.1e-09, -3.24e-06, 0.575475
2.1e-09, -3.36e-06, 0.575475
2.1e-09, -3.48e-06, 0.575483
2.1e-09, -3.6e-06, 0.909215
2.2e-09, -0, 0.909215
2.2e-09, -1.2e-07, 0.575483
2.2e-09, -2.4e-07, 0.575475
2.2e-09, -3.6e-07, 0.575475
2.2e-09, -4.8e-07, 0.575475
2.2e-09, -6e-07, 0.575475
2.2e-09, -7.2e-07, 0.575475
2.2e-09, -8.4e-07, 0.575475
2.2e-09, -9.6e-07, 0.575475
2.2e-09, -1.08e-06, 0.575475
2.2e-09, -1.2e-06, 0.573436
2.2e-09, -1.32e-06, 0.573524
2.2e-09, -1.44e-06, 0.573524
2.2e-09, -1.56e-06, 0.573524
2.2e-09, -1.68e-06, 0.573524
2.2e-09, -1.8e-06, 0.573524
2.2e-09, -1.92e-06, 0.573524
2.2e-09, -2.04e-06, 0.573524
2.2e-09, -2.16e-06, 0.573524
2.2e-09, -2.28e-06, 0.573524
2.2e-09, -2.4e-06, 0.573436
2.2e-09, -2.52e-06, 0.575475
2.2e-09, -2.64e-06, 0.575475
2.2e-09, -2.76e-06, 0.575475
2.2e-09, -2.88e-06, 0.575475
2.2e-09, -3e-06, 0.575475
2.2e-09, -3.12e-06, 0.575475
2.2e-09, -3.24e-06, 0.575475
2.2e-09, -3.36e-06, 0.575475
2.2e-09, -3.48e-06, 0.575483
2.2e-09, -3.6e-06, 0.909215
2.3e-09, -0, 0.909215
2.3e-09, -1.2e-07, 0.575483
2.3e-09, -2.4e-07, 0.575475
2.3e-09, -3.6e-07, 0.575475
2.3e-09, -4.8e-07, 0.575475
2.3e-09, -6e-07, 0.575475
2.3e-09, -7.2e-07, 0.575475
2.3e-09, -8.4e-07, 0.575475
2.3e-09, -9.6e-07, 0.575475
2.3e-09, -1.08e-06, 0.575475
2.3e-09, -1.2e-06, 0.573014
2.3e-09, -1.32e-06, 0.573104
2.3e-09, -1.44e-06, 0.573104
2.3e-09, -1.56e-06, 0.573104
2.3e-09, -1.68e-06, 0.573104
2.3e-09, -1.8e-06, 0.573104
2.3e-09, -1.92e-06, 0.573104
2.3e-09, -2.04e-06, 0.573104
2.3e-09, -2.16e-06, 0.573104
2.3e-09, -2.28e-06, 0.573104
2.3e-09, -2.4e-06, 0.573014
2.3e-09, -2.52e-06, 0.575475
2.3e-09, -2.64e-06, 0.575475
2.3e-09, -2.76e-06, 0.575475
2.3e-09, -2.88e-06, 0.575475
2.3e-09, -3e-06, 0.575475
2.3e-09, -3.12e-06, 0.575475
2.3e-09, -3.24e-06, 0.575475
2.3e-09, -3.36e-06, 0.575475
2.3e-09, -3.48e-06, 0.575483
2.3e-09, -3.6e-06, 0.909215
2.4e-09, -0, 0.909215
2.4e-09, -1.2e-07, 0.575483
2.4e-09, -2.4e-07, 0.575475
2.4e-09, -3.6e-07, 0.575475
2.4e-09, -4.8e-07, 0.575475
2.4e-09, -6e-07, 0.575475
2.4e-09, -7.2e-07, 0.575475
2.4e-09, -8.4e-07, 0.575475
2.4e-09, -9.6e-07, 0.575475
2.4e-09, -1.08e-06, 0.575475
2.4e-09, -1.2e-06, 0.57266
2.4e-09, -1.32e-06, 0.572751
2.4e-09, -1.44e-06, 0.572751
2.4e-09, -1.56e-06, 0.572751
2.4e-09, -1.68e-06, 0.572751
2.4e-09, -1.8e-06, 0.572751
2.4e-09, -1.92e-06, 0.572751
2.4e-09, -2.04e-06, 0.572751
2.4e-09, -2.16e-06, 0.572751
2.4e-09, -2.28e-06, 0.572751
2.4e-09, -2.4e-06, 0.57266
2.4e-09, -2.52e-06, 0.575475
2.4e-09, -2.64e-06, 0.575475
2.4e-09, -2.76e-06, 0.575475
2.4e-09, -2.88e-06, 0.575475
2.4e-09, -3e-06, 0.575475
2.4e-09, -3.12e-06, 0.575475
2.4e-09, -3.24e-06, 0.575475
2.4e-09, -3.36e-06, 0.575475
2.4e-09, -3.48e-06, 0.575483
2.4e-09, -3.6e-06, 0.909215
2.5e-09, -0, 0.909215
2.5e-09, -1.2e-07, 0.575483
2.5e-09, -2.4e-07, 0.575475
2.5e-09, -3.6e-07, 0.575475
2.5e-09, -4.8e-07, 0.575475
2.5e-09, -6e-07, 0.575475
2.5e-09, -7.2e-07, 0.575475
2.5e-09, -8.4e-07, 0.575475
2.5e-09, -9.6e-07, 0.575475
2.5e-09, -1.08e-06, 0.575475
2.5e-09, -1.2e-06, 0.572368
2.5e-09, -1.32e-06, 0.57246
2.5e-09, -1.44e-06, 0.57246
2.5e-09, -1.56e-06, 0.57246
2.5e-09, -1.68e-06, 0.57246
2.5e-09, -1.8e-06, 0.57246
2.5e-09, -1.92e-06, 0.57246
2.5e-09, -2.04e-06, 0.57246
2.5e-09, -2.16e-06, 0.57246
2.5e-09, -2.28e-06, 0.57246
2.5e-09, -2.4e-06, 0.572368
2.5e-09, -2.52e-06, 0.575475
2.5e-09, -2.64e-06, 0.575475
2.5e-09, -2.76e-06, 0.575475
2.5e-09, -2.88e-06, 0.575475
2.5e-09, -3e-06, 0.575475
2.5e-09, -3.12e-06, 0.575475
2.5e-09, -3.24e-06, 0.575475
2.5e-09, -3.36e-06, 0.575475
2.5e-09, -3.48e-06, 0.575483
2.5e-09, -3.6e-06, 0.909215
2.6e-09, -0, 0.909215
2.6e-09, -1.2e-07, 0.575483
2.6e-09, -2.4e-07, 0.575475
2.6e-09, -3.6e-07, 0.575475
2.6e-09, -4.8e-07, 0.575475
2.6e-09, -6e-07, 0.575475
2.6e-09, -7.2e-07, 0.575475
2.6e-09, -8.4e-07, 0.575475
2.6e-09, -9.6e-07, 0.575475
2.6e-09, -1.08e-06, 0.575475
2.6e-09, -1.2e-06, 0.572133
2.6e-09, -1.32e-06, 0.572226
2.6e-09, -1.44e-06, 0.572226
2.6e-09, -1.56e-06, 0.572226
2.6e-09, -1.68e-06, 0.572226
2.6e-09, -1.8e-06, 0.572226
2.6e-09, -1.92e-06, 0.572226
2.6e-09, -2.04e-06, 0.572226
2.6e-09, -2.16e-06, 0.572226
2.6e-09, -2.28e-06, 0.572226
2.6e-09, -2.4e-06, 0.572133
2.6e-09, -2.52e-06, 0.575475
2.6e-09, -2.64e-06, 0.575475
2.6e-09, -2.76e-06, 0.575475
2.6e-09, -2.88e-06, 0.575475
2.6e-09, -3e-06, 0.575475
2.6e-09, -3.12e-06, 0.575475
2.6e-09, -3.24e-06, 0.575475
2.6e-09, -3.36e-06, 0.575475
2.6e-09, -3.48e-06, 0.575483
2.6e-09, -3.6e-06, 0.909215
2.7e-09, -0, 0.909215
2.7e-09, -1.2e-07, 0.575483
2.7e-09, -2.4e-07, 0.575475
2.7e-09, -3.6e-07, 0.575475
2.7e-09, -4.8e-07, 0.575475
2.7e-09, -6e-07, 0.575475
2.7e-09, -7.2e-07, 0.575475
2.7e-09, -8.4e-07, 0.575475
2.7e-09, -9.6e-07, 0.575475
2.7e-09, -1.08e-06, 0.575475
2.7e-09, -1.2e-06, 0.571953
2.7e-09, -1.32e-06, 0.572047
2.7e-09, -1.44e-06, 0.572047
2.7e-09, -1.56e-06, 0.572047
2.7e-09, -1.68e-06, 0.572047
2.7e-09, -1.8e-06, 0.572047
2.7e-09, -1.92e-06, 0.572047
2.7e-09, -2.04e-06, 0.572047
2.7e-09, -2.16e-06, 0.572047
2.7e-09, -2.28e-06, 0.572047
2.7e-09, -2.4e-06, 0.571953
2.7e-09, -2.52e-06, 0.575475
2.7e-09, -2.64e-06, 0.575475
2.7e-09, -2.76e-06, 0.575475
2.7e-09, -2.88e-06, 0.575475
2.7e-09, -3e-06, 0.575475
2.7e-09, -3.12e-06, 0.575475
2.7e-09, -3.24e-06, 0.575475
2.7e-09, -3.36e-06, 0.575475
2.7e-09, -3.48e-06, 0.575483
2.7e-09, -3.6e-06, 0.909215
2.8e-09, -0, 0.909215
2.8e-09, -1.2e-07, 0.575483
2.8e-09, -2.4e-07, 0.575475
2.8e-09, -3.6e-07, 0.575475
2.8e-09, -4.8e-07, 0.575475
2.8e-09, -6e-07, 0.575475
2.8e-09, -7.2e-07, 0.575475
2.8e-09, -8.4e-07, 0.575475
2.8e-09, -9.6e-07, 0.575475
2.8e-09, -1.08e-06, 0.575475
2.8e-09, -1.2e-06, 0.571826
2.8e-09, -1.32e-06, 0.571921
2.8e-09, -1.44e-06, 0.571921
2.8e-09, -1.56e-06, 0.571921
2.8e-09, -1.68e-06, 0.571921
2.8e-09, -1.8e-06, 0.571921
2.8e-09, -1.92e-06, 0.571921
2.8e-09, -2.04e-06, 0.571921
2.8e-09, -2.16e-06, 0.571921
2.8e-09, -2.28e-06, 0.571921
2.8e-09, -2.4e-06, 0.571826
2.8e-09, -2.52e-06, 0.575475
2.8e-09, -2.64e-06, 0.575475
2.8e-09, -2.76e-06, 0.575475
2.8e-09, -2.88e-06, 0.575475
2.8e-09, -3e-06, 0.575475
2.8e-09, -3.12e-06, 0.575475
2.8e-09, -3.24e-06, 0.575475
2.8e-09, -3.36e-06, 0.575475
2.8e-09, -3.48e-06, 0.575483
2.8e-09, -3.6e-06, 0.909215
2.9e-09, -0, 0.909215
2.9e-09, -1.2e-07, 0.575483
2.9e-09, -2.4e-07, 0.575475
2.9e-09, -3.6e-07, 0.575475
2.9e-09, -4.8e-07, 0.575475
2.9e-09, -6e-07, 0.575475
2.9e-09, -7.2e-07, 0.575475
2.9e-09, -8.4e-07, 0.575475
2.9e-09, -9.6e-07, 0.575475
2.9e-09, -1.08e-06, 0.575475
2.9e-09, -1.2e-06, 0.57175
2.9e-09, -1.32e-06, 0.571845
2.9e-09, -1.44e-06, 0.571845
2.9e-09, -1.56e-06, 0.571845
2.9e-09, -1.68e-06, 0.571845
2.9e-09, -1.8e-06, 0.571845
2.9e-09, -1.92e-06, 0.571845
2.9e-09, -2.04e-06, 0.571845
2.9e-09, -2.16e-06, 0.571845
2.9e-09, -2.28e-06, 0.571845
2.9e-09, -2.4e-06, 0.57175
2.9e-09, -2.52e-06, 0.575475
2.9e-09, -2.64e-06, 0.575475
2.9e-09, -2.76e-06, 0.575475
2.9e-09, -2.88e-06, 0.575475
2.9e-09, -3e-06, 0.575475
2.9e-09, -3.12e-06, 0.575475
2.9e-09, -3.24e-06, 0.575475
2.9e-09, -3.36e-06, 0.575475
2.9e-09, -3.48e-06, 0.575483
2.9e-09, -3.6e-06, 0.909215
3e-09, -0, 0.909215
3e-09, -1.2e-07, 0.575483
3e-09, -2.4e-07, 0.575475
3e-09, -3.6e-07, 0.575475
3e-09, -4.8e-07, 0.575475
3e-09, -6e-07, 0.575475
3e-09, -7.2e-07, 0.575475
3e-09, -8.4e-07, 0.575475
3e-09, -9.6e-07, 0.575475
3e-09, -1.08e-06, 0.575475
3e-09, -1.2e-06, 0.571725
3e-09, -1.32e-06, 0.57182
3e-09, -1.44e-06, 0.57182
3e-09, -1.56e-06, 0.57182
3e-09, -1.68e-06, 0.57182
3e-09, -1.8e-06, 0.57182
3e-09, -1.92e-06, 0.57182
3e-09, -2.04e-06, 0.57182
3e-09, -2.16e-06, 0.57182
3e-09, -2.28e-06, 0.57182
3e-09, -2.4e-06, 0.571725
3e-09, -2.52e-06, 0.575475
3e-09, -2.64e-06, 0.575475
3e-09, -2.76e-06, 0.575475
3e-09, -2.88e-06, 0.575475
3e-09, -3e-06, 0.575475
3e-09, -3.12e-06, 0.575475
3e-09, -3.24e-06, 0.575475
3e-09, -3.36e-06, 0.575475
3e-09, -3.48e-06, 0.575483
3e-09, -3.6e-06, 0.909215
3.1e-09, -0, 0.909215
3.1e-09, -1.2e-07, 0.575483
3.1e-09, -2.4e-07, 0.575475
3.1e-09, -3.6e-07, 0.575475
3.1e-09, -4.8e-07, 0.575475
3.1e-09, -6e-07, 0.575475
3.1e-09, -7.2e-07, 0.575475
3.1e-09, -8.4e-07, 0.575475
3.1e-09, -9.6e-07, 0.575475
3.1e-09, -1.08e-06, 0.575475
3.1e-09, -1.2e-06, 0.57175
3.1e-09, -1.32e-06, 0.571845
3.1e-09, -1.44e-06, 0.571845
3.1e-09, -1.56e-06, 0.571845
3.1e-09, -1.68e-06, 0.571845
3.1e-09, -1.8e-06, 0.571845
3.1e-09, -1.92e-06, 0.571845
3.1e-09, -2.04e-06, 0.571845
3.1e-09, -2.16e-06, 0.571845
3.1e-09, -2.28e-06, 0.571845
3.1e-09, -2.4e-06, 0.57175
3.1e-09, -2.52e-06, 0.575475
3.1e-09, -2.64e-06, 0.575475
3.1e-09, -2.76e-06, 0.575475
3.1e-09, -2.88e-06, 0.575475
3.1e-09, -3e-06, 0.575475
3.1e-09, -3.12e-06, 0.575475
3.1e-09, -3.24e-06, 0.575475
3.1e-09, -3.36e-06, 0.575475
3.1e-09, -3.48e-06, 0.575483
3.1e-09, -3.6e-06, 0.909215
3.2e-09, -0, 0.909215
3.2e-09, -1.2e-07, 0.575483
3.2e-09, -2.4e-07, 0.575475
3.2e-09, -3.6e-07, 0.575475
3.2e-09, -4.8e-07, 0.575475
3.2e-09, -6e-07, 0.575475
3.2e-09, -7.2e-07, 0.575475
3.2e-09, -8.4e-07, 0.575475
3.2e-09, -9.6e-07, 0.575475
3.2e-09, -1.08e-06, 0.575475
3.2e-09, -1.2e-06, 0.571826
3.2e-09, -1.32e-06, 0.571921
3.2e-09, -1.44e-06, 0.571921
3.2e-09, -1.56e-06, 0.571921
3.2e-09, -1.68e-06, 0.571921
3.2e-09, -1.8e-06, 0.571921
3.2e-09, -1.92e-06, 0.571921
3.2e-09, -2.04e-06, 0.571921
3.2e-09, -2.16e-06, 0.571921
3.2e-09, -2.28e-06, 0.571921
3.2e-09, -2.4e-06, 0.571826
3.2e-09, -2.52e-06, 0.575475
3.2e-09, -2.64e-06, 0.575475
3.2e-09, -2.76e-06, 0.575475
3.2e-09, -2.88e-06, 0.575475
3.2e-09, -3e-06, 0.575475
3.2e-09, -3.12e-06, 0.575475
3.2e-09, -3.24e-06, 0.575475
3.2e-09, -3.36e-06, 0.575475
3.2e-09, -3.48e-06, 0.575483
3.2e-09, -3.6e-06, 0.909215
3.3e-09, -0, 0.909215
3.3e-09, -1.2e-07, 0.575483
3.3e-09, -2.4e-07, 0.575475
3.3e-09, -3.6e-07, 0.575475
3.3e-09, -4.8e-07, 0.575475
3.3e-09, -6e-07, 0.575475
3.3e-09, -7.2e-07, 0.575475
3.3e-09, -8.4e-07, 0.575475
3.3e-09, -9.6e-07, 0.575475
3.3e-09, -1.08e-06, 0.575475
3.3e-09, -1.2e-06, 0.571953
3.3e-09, -1.32e-06, 0.572047
3.3e-09, -1.44e-06, 0.572047
3.3e-09, -1.56e-06, 0.572047
3.3e-09, -1.68e-06, 0.572047
3.3e-09, -1.8e-06, 0.572047
3.3e-09, -1.92e-06, 0.572047
3.3e-09, -2.04e-06, 0.572047
3.3e-09, -2.16e-06, 0.572047
3.3e-09, -2.28e-06, 0.572047
3.3e-09, -2.4e-06, 0.571953
3.3e-09, -2.52e-06, 0.575475
3.3e-09, -2.64e-06, 0.575475
3.3e-09, -2.76e-06, 0.575475
3.3e-09, -2.88e-06, 0.575475
3.3e-09, -3e-06, 0.575475
3.3e-09, -3.12e-06, 0.575475
3.3e-09, -3.24e-06, 0.575475
3.3e-09, -3.36e-06, 0.575475
3.3e-09, -3.48e-06, 0.575483
3.3e-09, -3.6e-06, 0.909215
3.4e-09, -0, 0.909215
3.4e-09, -1.2e-07, 0.575483
3.4e-09, -2.4e-07, 0.575475
3.4e-09, -3.6e-07, 0.575475
3.4e-09, -4.8e-07, 0.575475
3.4e-09, -6e-07, 0.575475
3.4e-09, -7.2e-07, 0.575475
3.4e-09, -8.4e-07, 0.575475
3.4e-09, -9.6e-07, 0.575475
3.4e-09, -1.08e-06, 0.575475
3.4e-09, -1.2e-06, 0.572133
3.4e-09, -1.32e-06, 0.572226
3.4e-09, -1.44e-06, 0.572226
3.4e-09, -1.56e-06, 0.572226
3.4e-09, -1.68e-06, 0.572226
3.4e-09, -1.8e-06, 0.572226
3.4e-09, -1.92e-06, 0.572226
3.4e-09, -2.04e-06, 0.572226
3.4e-09, -2.16e-06, 0.572226
3.4e-09, -2.28e-06, 0.572226
3.4e-09, -2.4e-06, 0.572133
3.4e-09, -2.52e-06, 0.575475
3.4e-09, -2.64e-06, 0.575475
3.4e-09, -2.76e-06, 0.575475
3.4e-09, -2.88e-06, 0.575475
3.4e-09, -3e-06, 0.575475
3.4e-09, -3.12e-06, 0.575475
3.4e-09, -3.24e-06, 0.575475
3.4e-09, -3.36e-06, 0.575475
3.4e-09, -3.48e-06, 0.575483
3.4e-09, -3.6e-06, 0.909215
3.5e-09, -0, 0.909215
3.5e-09, -1.2e-07, 0.575483
3.5e-09, -2.4e-07, 0.575475
3.5e-09, -3.6e-07, 0.575475
3.5e-09, -4.8e-07, 0.575475
3.5e-09, -6e-07, 0.575475
3.5e-09, -7.2e-07, 0.575475
3.5e-09, -8.4e-07, 0.575475
3.5e-09, -9.6e-07, 0.575475
3.5e-09, -1.08e-06, 0.575475
3.5e-09, -1.2e-06, 0.572368
3.5e-09, -1.32e-06, 0.57246
3.5e-09, -1.44e-06, 0.57246
3.5e-09, -1.56e-06, 0.57246
3.5e-09, -1.68e-06, 0.57246
3.5e-09, -1.8e-06, 0.57246
3.5e-09, -1.92e-06, 0.57246
3.5e-09, -2.04e-06, 0.57246
3.5e-09, -2.16e-06, 0.57246
3.5e-09, -2.28e-06, 0.57246
3.5e-09, -2.4e-06, 0.572368
3.5e-09, -2.52e-06, 0.575475
3.5e-09, -2.64e-06, 0.575475
3.5e-09, -2.76e-06, 0.575475
3.5e-09, -2.88e-06, 0.575475
3.5e-09, -3e-06, 0.575475
3.5e-09, -3.12e-06, 0.575475
3.5e-09, -3.24e-06, 0.575475
3.5e-09, -3.36e-06, 0.575475
3.5e-09, -3.48e-06, 0.575483
3.5e-09, -3.6e-06, 0.909215
3.6e-09, -0, 0.909215
3.6e-09, -1.2e-07, 0.575483
3.6e-09, -2.4e-07, 0.575475
3.6e-09, -3.6e-07, 0.575475
3.6e-09, -4.8e-07, 0.575475
3.6e-09, -6e-07, 0.575475
3.6e-09, -7.2e-07, 0.575475
3.6e-09, -8.4e-07, 0.575475
3.6e-09, -9.6e-07, 0.575475
3.6e-09, -1.08e-06, 0.575475
3.6e-09, -1.2e-06, 0.57266
3.6e-09, -1.32e-06, 0.572751
3.6e-09, -1.44e-06, 0.572751
3.6e-09, -1.56e-06, 0.572751
3.6e-09, -1.68e-06, 0.572751
3.6e-09, -1.8e-06, 0.572751
3.6e-09, -1.92e-06, 0.572751
3.6e-09, -2.04e-06, 0.572751
3.6e-09, -2.16e-06, 0.572751
3.6e-09, -2.28e-06, 0.572751
3.6e-09, -2.4e-06, 0.57266
3.6e-09, -2.52e-06, 0.575475
3.6e-09, -2.64e-06, 0.575475
3.6e-09, -2.76e-06, 0.575475
3.6e-09, -2.88e-06, 0.575475
3.6e-09, -3e-06, 0.575475
3.6e-09, -3.12e-06, 0.575475
3.6e-09, -3.24e-06, 0.575475
3.6e-09, -3.36e-06, 0.575475
3.6e-09, -3.48e-06, 0.575483
3.6e-09, -3.6e-06, 0.909215
3.7e-09, -0, 0.909215
3.7e-09, -1.2e-07, 0.575483
3.7e-09, -2.4e-07, 0.575475
3.7e-09, -3.6e-07, 0.575475
3.7e-09, -4.8e-07, 0.575475
3.7e-09, -6e-07, 0.575475
3.7e-09, -7.2e-07, 0.575475
3.7e-09, -8.4e-07, 0.575475
3.7e-09, -9.6e-07, 0.575475
3.7e-09, -1.08e-06, 0.575475
3.7e-09, -1.2e-06, 0.573014
3.7e-09, -1.32e-06, 0.573104
3.7e-09, -1.44e-06, 0.573104
3.7e-09, -1.56e-06, 0.573104
3.7e-09, -1.68e-06, 0.573104
3.7e-09, -1.8e-06, 0.573104
3.7e-09, -1.92e-06, 0.573104
3.7e-09, -2.04e-06, 0.573104
3.7e-09, -2.16e-06, 0.573104
3.7e-09, -2.28e-06, 0.573104
3.7e-09, -2.4e-06, 0.573014
3.7e-09, -2.52e-06, 0.575475
3.7e-09, -2.64e-06, 0.575475
3.7e-09, -2.76e-06, 0.575475
3.7e-09, -2.88e-06, 0.575475
3.7e-09, -3e-06, 0.575475
3.7e-09, -3.12e-06, 0.575475
3.7e-09, -3.24e-06, 0.575475
3.7e-09, -3.36e-06, 0.575475
3.7e-09, -3.48e-06, 0.575483
3.7e-09, -3.6e-06, 0.909215
3.8e-09, -0, 0.909215
3.8e-09, -1.2e-07, 0.575483
3.8e-09, -2.4e-07, 0.575475
3.8e-09, -3.6e-07, 0.575475
3.8e-09, -4.8e-07, 0.575475
3.8e-09, -6e-07, 0.575475
3.8e-09, -7.2e-07, 0.575475
3.8e-09, -8.4e-07, 0.575475
3.8e-09, -9.6e-07, 0.575475
3.8e-09, -1.08e-06, 0.575475
3.8e-09, -1.2e-06, 0.573436
3.8e-09, -1.32e-06, 0.573524
3.8e-09, -1.44e-06, 0.573524
3.8e-09, -1.56e-06, 0.573524
3.8e-09, -1.68e-06, 0.573524
3.8e-09, -1.8e-06, 0.573524
3.8e-09, -1.92e-06, 0.573524
3.8e-09, -2.04e-06, 0.573524
3.8e-09, -2.16e-06, 0.573524
3.8e-09, -2.28e-06, 0.573524
3.8e-09, -2.4e-06, 0.573436
3.8e-09, -2.52e-06, 0.575475
3.8e-09, -2.64e-06, 0.575475
3.8e-09, -2.76e-06, 0.575475
3.8e-09, -2.88e-06, 0.575475
3.8e-09, -3e-06, 0.575475
3.8e-09, -3.12e-06, 0.575475
3.8e-09, -3.24e-06, 0.575475
3.8e-09, -3.36e-06, 0.575475
3.8e-09, -3.48e-06, 0.575483
3.8e-09, -3.6e-06, 0.909215
3.9e-09, -0, 0.909215
3.9e-09, -1.2e-07, 0.575483
3.9e-09, -2.4e-07, 0.575475
3.9e-09, -3.6e-07, 0.575475
3.9e-09, -4.8e-07, 0.575475
3.9e-09, -6e-07, 0.575475
3.9e-09, -7.2e-07, 0.575475
3.9e-09, -8.4e-07, 0.575475
3.9e-09, -9.6e-07, 0.575475
3.9e-09, -1.08e-06, 0.575475
3.9e-09, -1.2e-06, 0.573932
3.9e-09, -1.32e-06, 0.574018
3.9e-09, -1.44e-06, 0.574018
3.9e-09, -1.56e-06, 0.574018
3.9e-09, -1.68e-06, 0.574018
3.9e-09, -1.8e-06, 0.574018
3.9e-09, -1.92e-06, 0.574018
3.9e-09, -2.04e-06, 0.574018
3.9e-09, -2.16e-06, 0.574018
3.9e-09, -2.28e-06, 0.574018
3.9e-09, -2.4e-06, 0.573932
3.9e-09, -2.52e-06, 0.575475
3.9e-09, -2.64e-06, 0.575475
3.9e-09, -2.76e-06, 0.575475
3.9e-09, -2.88e-06, 0.575475
3.9e-09, -3e-06, 0.575475
3.9e-09, -3.12e-06, 0.575475
3.9e-09, -3.24e-06, 0.575475
3.9e-09, -3.36e-06, 0.575475
3.9e-09, -3.48e-06, 0.575483
3.9e-09, -3.6e-06, 0.909215
4e-09, -0, 0.909215
4e-09, -1.2e-07, 0.575483
4e-09, -2.4e-07, 0.575475
4e-09, -3.6e-07, 0.575475
4e-09, -4.8e-07, 0.575475
4e-09, -6e-07, 0.575475
4e-09, -7.2e-07, 0.575475
4e-09, -8.4e-07, 0.575475
4e-09, -9.6e-07, 0.575475
4e-09, -1.08e-06, 0.575475
4e-09, -1.2e-06, 0.574512
4e-09, -1.32e-06, 0.574596
4e-09, -1.44e-06, 0.574596
4e-09, -1.56e-06, 0.574596
4e-09, -1.68e-06, 0.574596
4e-09, -1.8e-06, 0.574596
4e-09, -1.92e-06, 0.574596
4e-09, -2.04e-06, 0.574596
4e-09, -2.16e-06, 0.574596
4e-09, -2.28e-06, 0.574596
4e-09, -2.4e-06, 0.574512
4e-09, -2.52e-06, 0.575475
4e-09, -2.64e-06, 0.575475
4e-09, -2.76e-06, 0.575475
4e-09, -2.88e-06, 0.575475
4e-09, -3e-06, 0.575475
4e-09, -3.12e-06, 0.575475
4e-09, -3.24e-06, 0.575475
4e-09, -3.36e-06, 0.575475
4e-09, -3.48e-06, 0.575483
4e-09, -3.6e-06, 0.909215
4.1e-09, -0, 0.909215
4.1e-09, -1.2e-07, 0.575483
4.1e-09, -2.4e-07, 0.575475
4.1e-09, -3.6e-07, 0.575475
4.1e-09, -4.8e-07, 0.575475
4.1e-09, -6e-07, 0.575475
4.1e-09, -7.2e-07, 0.575475
4.1e-09, -8.4e-07, 0.575475
4.1e-09, -9.6e-07, 0.575475
4.1e-09, -1.08e-06, 0.575475
4.1e-09, -1.2e-06, 0.575189
4.1e-09, -1.32e-06, 0.57527
4.1e-09, -1.44e-06, 0.57527
4.1e-09, -1.56e-06, 0.57527
4.1e-09, -1.68e-06, 0.57527
4.1e-09, -1.8e-06, 0.57527
4.1e-09, -1.92e-06, 0.57527
4.1e-09, -2.04e-06, 0.57527
4.1e-09, -2.16e-06, 0.57527
4.1e-09, -2.28e-06, 0.57527
4.1e-09, -2.4e-06, 0.575189
4.1e-09, -2.52e-06, 0.575475
4.1e-09, -2.64e-06, 0.575475
4.1e-09, -2.76e-06, 0.575475
4.1e-09, -2.88e-06, 0.575475
4.1e-09, -3e-06, 0.575475
4.1e-09, -3.12e-06, 0.575475
4.1e-09, -3.24e-06, 0.575475
4.1e-09, -3.36e-06, 0.575475
4.1e-09, -3.48e-06, 0.575483
4.1e-09, -3.6e-06, 0.909215
4.2e-09, -0, 0.909215
4.2e-09, -1.2e-07, 0.575483
4.2e-09, -2.4e-07, 0.575475
4.2e-09, -3.6e-07, 0.575475
4.2e-09, -4.8e-07, 0.575475
4.2e-09, -6e-07, 0.575475
4.2e-09, -7.2e-07, 0.575475
4.2e-09, -8.4e-07, 0.575475
4.2e-09, -9.6e-07, 0.575475
4.2e-09, -1.08e-06, 0.575476
4.2e-09, -1.2e-06, 0.575979
4.2e-09, -1.32e-06, 0.576058
4.2e-09, -1.44e-06, 0.576058
4.2e-09, -1.56e-06, 0.576058
4.2e-09, -1.68e-06, 0.576058
4.2e-09, -1.8e-06, 0.576058
4.2e-09, -1.92e-06, 0.576058
4.2e-09, -2.04e-06, 0.576058
4.2e-09, -2.16e-06, 0.576058
4.2e-09, -2.28e-06, 0.576058
4.2e-09, -2.4e-06, 0.575979
4.2e-09, -2.52e-06, 0.575476
4.2e-09, -2.64e-06, 0.575475
4.2e-09, -2.76e-06, 0.575475
4.2e-09, -2.88e-06, 0.575475
4.2e-09, -3e-06, 0.575475
4.2e-09, -3.12e-06, 0.575475
4.2e-09, -3.24e-06, 0.575475
4.2e-09, -3.36e-06, 0.575475
4.2e-09, -3.48e-06, 0.575483
4.2e-09, -3.6e-06, 0.909215
4.3e-09, -0, 0.909215
4.3e-09, -1.2e-07, 0.575483
4.3e-09, -2.4e-07, 0.575475
4.3e-09, -3.6e-07, 0.575475
4.3e-09, -4.8e-07, 0.575475
4.3e-09, -6e-07, 0.575475
4.3e-09, -7.2e-07, 0.575475
4.3e-09, -8.4e-07, 0.575475
4.3e-09, -9.6e-07, 0.575475
4.3e-09, -1.08e-06, 0.575476
4.3e-09, -1.2e-06, 0.576905
4.3e-09, -1.32e-06, 0.57698
4.3e-09, -1.44e-06, 0.57698
4.3e-09, -1.56e-06, 0.57698
4.3e-09, -1.68e-06, 0.57698
4.3e-09, -1.8e-06, 0.57698
4.3e-09, -1.92e-06, 0.57698
4.3e-09, -2.04e-06, 0.57698
4.3e-09, -2.16e-06, 0.57698
4.3e-09, -2.28e-06, 0.57698
4.3e-09, -2.4e-06, 0.576905
4.3e-09, -2.52e-06, 0.575476
4.3e-09, -2.64e-06, 0.575475
4.3e-09, -2.76e-06, 0.575475
4.3e-09, -2.88e-06, 0.575475
4.3e-09, -3e-06, 0.575475
4.3e-09, -3.12e-06, 0.575475
4.3e-09, -3.24e-06, 0.575475
4.3e-09, -3.36e-06, 0.575475
4.3e-09, -3.48e-06, 0.575483
4.3e-09, -3.6e-06, 0.909215
4.4e-09, -0, 0.909215
4.4e-09, -1.2e-07, 0.575483
4.4e-09, -2.4e-07, 0.575475
4.4e-09, -3.6e-07, 0.575475
4.4e-09, -4.8e-07, 0.575475
4.4e-09, -6e-07, 0.575475
4.4e-09, -7.2e-07, 0.575475
4.4e-09, -8.4e-07, 0.575475
4.4e-09, -9.6e-07, 0.575475
4.4e-09, -1.08e-06, 0.575476
4.4e-09, -1.2e-06, 0.577996
4.4e-09, -1.32e-06, 0.578068
4.4e-09, -1.44e-06, 0.578068
4.4e-09, -1.56e-06, 0.578068
4.4e-09, -1.68e-06, 0.578068
4.4e-09, -1.8e-06, 0.578068
4.4e-09, -1.92e-06, 0.578068
4.4e-09, -2.04e-06, 0.578068
4.4e-09, -2.16e-06, 0.578068
4.4e-09, -2.28e-06, 0.578068
4.4e-09, -2.4e-06, 0.577996
4.4e-09, -2.52e-06, 0.575476
4.4e-09, -2.64e-06, 0.575475
4.4e-09, -2.76e-06, 0.575475
4.4e-09, -2.88e-06, 0.575475
4.4e-09, -3e-06, 0.575475
4.4e-09, -3.12e-06, 0.575475
4.4e-09, -3.24e-06, 0.575475
4.4e-09, -3.36e-06, 0.575475
4.4e-09, -3.48e-06, 0.575483
4.4e-09, -3.6e-06, 0.909215
4.5e-09, -0, 0.909215
4.5e-09, -1.2e-07, 0.575483
4.5e-09, -2.4e-07, 0.575475
4.5e-09, -3.6e-07, 0.575475
4.5e-09, -4.8e-07, 0.575475
4.5e-09, -6e-07, 0.575475
4.5e-09, -7.2e-07, 0.575475
4.5e-09, -8.4e-07, 0.575475
4.5e-09, -9.6e-07, 0.575475
4.5e-09, -1.08e-06, 0.575476
4.5e-09, -1.2e-06, 0.579292
4.5e-09, -1.32e-06, 0.57936
4.5e-09, -1.44e-06, 0.57936
4.5e-09, -1.56e-06, 0.57936
4.5e-09, -1.68e-06, 0.57936
4.5e-09, -1.8e-06, 0.57936
4.5e-09, -1.92e-06, 0.57936
4.5e-09, -2.04e-06, 0.57936
4.5e-09, -2.16e-06, 0.57936
4.5e-09, -2.28e-06, 0.57936
4.5e-09, -2.4e-06, 0.579292
4.5e-09, -2.52e-06, 0.575476
4.5e-09, -2.64e-06, 0.575475
4.5e-09, -2.76e-06, 0.575475
4.5e-09, -2.88e-06, 0.575475
4.5e-09, -3e-06, 0.575475
4.5e-09, -3.12e-06, 0.575475
4.5e-09, -3.24e-06, 0.575475
4.5e-09, -3.36e-06, 0.575475
4.5e-09, -3.48e-06, 0.575483
4.5e-09, -3.6e-06, 0.909215
4.6e-09, -0, 0.909215
4.6e-09, -1.2e-07, 0.575484
4.6e-09, -2.4e-07, 0.575475
4.6e-09, -3.6e-07, 0.575475
4.6e-09, -4.8e-07, 0.575475
4.6e-09, -6e-07, 0.575475
4.6e-09, -7.2e-07, 0.575475
4.6e-09, -8.4e-07, 0.575475
4.6e-09, -9.6e-07, 0.575475
4.6e-09, -1.08e-06, 0.575476
4.6e-09, -1.2e-06, 0.580844
4.6e-09, -1.32e-06, 0.580907
4.6e-09, -1.44e-06, 0.580907
4.6e-09, -1.56e-06, 0.580907
4.6e-09, -1.68e-06, 0.580907
4.6e-09, -1.8e-06, 0.580907
4.6e-09, -1.92e-06, 0.580907
4.6e-09, -2.04e-06, 0.580907
4.6e-09, -2.16e-06, 0.580907
4.6e-09, -2.28e-06, 0.580907
4.6e-09, -2.4e-06, 0.580844
4.6e-09, -2.52e-06, 0.575476
4.6e-09, -2.64e-06, 0.575475
4.6e-09, -2.76e-06, 0.575475
4.6e-09, -2.88e-06, 0.575475
4.6e-09, -3e-06, 0.575475
4.6e-09, -3.12e-06, 0.575475
4.6e-09, -3.24e-06, 0.575475
4.6e-09, -3.36e-06, 0.575475
4.6e-09, -3.48e-06, 0.575484
4.6e-09, -3.6e-06, 0.909215
4.7e-09, -0, 0.909215
4.7e-09, -1.2e-07, 0.575484
4.7e-09, -2.4e-07, 0.575475
4.7e-09, -3.6e-07, 0.575475
4.7e-09, -4.8e-07, 0.575475
4.7e-09, -6e-07, 0.575475
4.7e-09, -7.2e-07, 0.575475
4.7e-09, -8.4e-07, 0.575475
4.7e-09, -9.6e-07, 0.575475
4.7e-09, -1.08e-06, 0.575476
4.7e-09, -1.2e-06, 0.582722
4.7e-09, -1.32e-06, 0.58278
4.7e-09, -1.44e-06, 0.58278
4.7e-09, -1.56e-06, 0.58278
4.7e-09, -1.68e-06, 0.58278
4.7e-09, -1.8e-06, 0.58278
4.7e-09, -1.92e-06, 0.58278
4.7e-09, -2.04e-06, 0.58278
4.7e-09, -2.16e-06, 0.58278
4.7e-09, -2.28e-06, 0.58278
4.7e-09, -2.4e-06, 0.582722
4.7e-09, -2.52e-06, 0.575476
4.7e-09, -2.64e-06, 0.575475
4.7e-09, -2.76e-06, 0.575475
4.7e-09, -2.88e-06, 0.575475
4.7e-09, -3e-06, 0.575475
4.7e-09, -3.12e-06, 0.575475
4.7e-09, -3.24e-06, 0.575475
4.7e-09, -3.36e-06, 0.575475
4.7e-09, -3.48e-06, 0.575484
4.7e-09, -3.6e-06, 0.909215
4.8e-09, -0, 0.909215
4.8e-09, -1.2e-07, 0.575484
4.8e-09, -2.4e-07, 0.575475
4.8e-09, -3.6e-07, 0.575475
4.8e-09, -4.8e-07, 0.575475
4.8e-09, -6e-07, 0.575475
4.8e-09, -7.2e-07, 0.575475
4.8e-09, -8.4e-07, 0.575475
4.8e-09, -9.6e-07, 0.575475
4.8e-09, -1.08e-06, 0.575476
4.8e-09, -1.2e-06, 0.585015
4.8e-09, -1.32e-06, 0.585068
4.8e-09, -1.44e-06, 0.585068
4.8e-09, -1.56e-06, 0.585068
4.8e-09, -1.68e-06, 0.585068
4.8e-09, -1.8e-06, 0.585068
4.8e-09, -1.92e-06, 0.585068
4.8e-09, -2.04e-06, 0.585068
4.8e-09, -2.16e-06, 0.585068
4.8e-09, -2.28e-06, 0.585068
4.8e-09, -2.4e-06, 0.585015
4.8e-09, -2.52e-06, 0.575476
4.8e-09, -2.64e-06, 0.575475
4.8e-09, -2.76e-06, 0.575475
4.8e-09, -2.88e-06, 0.575475
4.8e-09, -3e-06, 0.575475
4.8e-09, -3.12e-06, 0.575475
4.8e-09, -3.24e-06, 0.575475
4.8e-09, -3.36e-06, 0.575475
4.8e-09, -3.48e-06, 0.575484
4.8e-09, -3.6e-06, 0.909215
4.9e-09, -0, 0.909215
4.9e-09, -1.2e-07, 0.575484
4.9e-09, -2.4e-07, 0.575475
4.9e-09, -3.6e-07, 0.575475
4.9e-09, -4.8e-07, 0.575475
4.9e-09, -6e-07, 0.575475
4.9e-09, -7.2e-07, 0.575475
4.9e-09, -8.4e-07, 0.575475
4.9e-09, -9.6e-07, 0.575475
4.9e-09, -1.08e-06, 0.575476
4.9e-09, -1.2e-06, 0.587847
4.9e-09, -1.32e-06, 0.587894
4.9e-09, -1.44e-06, 0.587894
4.9e-09, -1.56e-06, 0.587894
4.9e-09, -1.68e-06, 0.587894
4.9e-09, -1.8e-06, 0.587894
4.9e-09, -1.92e-06, 0.587894
4.9e-09, -2.04e-06, 0.587894
4.9e-09, -2.16e-06, 0.587894
4.9e-09, -2.28e-06, 0.587894
4.9e-09, -2.4e-06, 0.587847
4.9e-09, -2.52e-06, 0.575476
4.9e-09, -2.64e-06, 0.575475
4.9e-09, -2.76e-06, 0.575475
4.9e-09, -2.88e-06, 0.575475
4.9e-09, -3e-06, 0.575475
4.9e-09, -3.12e-06, 0.575475
4.9e-09, -3.24e-06, 0.575475
4.9e-09, -3.36e-06, 0.575475
4.9e-09, -3.48e-06, 0.575484
4.9e-09, -3.6e-06, 0.909215
5e-09, -0, 0.909215
5e-09, -1.2e-07, 0.575484
5e-09, -2.4e-07, 0.575475
5e-09, -3.6e-07, 0.575475
5e-09, -4.8e-07, 0.575475
5e-09, -6e-07, 0.575475
5e-09, -7.2e-07, 0.575475
5e-09, -8.4e-07, 0.575475
5e-09, -9.6e-07, 0.575475
5e-09, -1.08e-06, 0.575476
5e-09, -1.2e-06, 0.591381
5e-09, -1.32e-06, 0.591422
5e-09, -1.44e-06, 0.591422
5e-09, -1.56e-06, 0.591422
5e-09, -1.68e-06, 0.591422
5e-09, -1.8e-06, 0.591422
5e-09, -1.92e-06, 0.591422
5e-09, -2.04e-06, 0.591422
5e-09, -2.16e-06, 0.591422
5e-09, -2.28e-06, 0.591422
5e-09, -2.4e-06, 0.591381
5e-09, -2.52e-06, 0.575476
5e-09, -2.64e-06, 0.575475
5e-09, -2.76e-06, 0.575475
5e-09, -2.88e-06, 0.575475
5e-09, -3e-06, 0.575475
5e-09, -3.12e-06, 0.575475
5e-09, -3.24e-06, 0.575475
5e-09, -3.36e-06, 0.575475
5e-09, -3.48e-06, 0.575484
5e-09, -3.6e-06, 0.909215
5.1e-09, -0, 0.909215
5.1e-09, -1.2e-07, 0.575484
5.1e-09, -2.4e-07, 0.575475
5.1e-09, -3.6e-07, 0.575475
5.1e-09, -4.8e-07, 0.575475
5.1e-09, -6e-07, 0.575475
5.1e-09, -7.2e-07, 0.575475
5.1e-09, -8.4e-07, 0.575475
5.1e-09, -9.6e-07, 0.575475
5.1e-09, -1.08e-06, 0.575476
5.1e-09, -1.2e-06, 0.595838
5.1e-09, -1.32e-06, 0.595874
5.1e-09, -1.44e-06, 0.595874
5.1e-09, -1.56e-06, 0.595874
5.1e-09, -1.68e-06, 0.595874
5.1e-09, -1.8e-06, 0.595874
5.1e-09, -1.92e-06, 0.595874
5.1e-09, -2.04e-06, 0.595874
5.1e-09, -2.16e-06, 0.595874
5.1e-09, -2.28e-06, 0.595874
5.1e-09, -2.4e-06, 0.595838
5.1e-09, -2.52e-06, 0.575476
5.1e-09, -2.64e-06, 0.575475
5.1e-09, -2.76e-06, 0.575475
5.1e-09, -2.88e-06, 0.575475
5.1e-09, -3e-06, 0.575475
5.1e-09, -3.12e-06, 0.575475
5.1e-09, -3.24e-06, 0.575475
5.1e-09, -3.36e-06, 0.575475
5.1e-09, -3.48e-06, 0.575484
5.1e-09, -3.6e-06, 0.909215
5.2e-09, -0, 0.909215
5.2e-09, -1.2e-07, 0.575484
5.2e-09, -2.4e-07, 0.575475
5.2e-09, -3.6e-07, 0.575475
5.2e-09, -4.8e-07, 0.575475
5.2e-09, -6e-07, 0.575475
5.2e-09, -7.2e-07, 0.575475
5.2e-09, -8.4e-07, 0.575475
5.2e-09, -9.6e-07, 0.575475
5.2e-09, -1.08e-06, 0.575476
5.2e-09, -1.2e-06, 0.601529
5.2e-09, -1.32e-06, 0.601559
5.2e-09, -1.44e-06, 0.601559
5.2e-09, -1.56e-06, 0.601559
5.2e-09, -1.68e-06, 0.601559
5.2e-09, -1.8e-06, 0.601559
5.2e-09, -1.92e-06, 0.601559
5.2e-09, -2.04e-06, 0.601559
5.2e-09, -2.16e-06, 0.601559
5.2e-09, -2.28e-06, 0.601559
5.2e-09, -2.4e-06, 0.601529
5.2e-09, -2.52e-06, 0.575476
5.2e-09, -2.64e-06, 0.575475
5.2e-09, -2.76e-06, 0.575475
5.2e-09, -2.88e-06, 0.575475
5.2e-09, -3e-06, 0.575475
5.2e-09, -3.12e-06, 0.575475
5.2e-09, -3.24e-06, 0.575475
5.2e-09, -3.36e-06, 0.575475
5.2e-09, -3.48e-06, 0.575484
5.2e-09, -3.6e-06, 0.909215
5.3e-09, -0, 0.909215
5.3e-09, -1.2e-07, 0.575485
5.3e-09, -2.4e-07, 0.575475
5.3e-09, -3.6e-07, 0.575475
5.3e-09, -4.8e-07, 0.575475
5.3e-09, -6e-07, 0.575475
5.3e-09, -7.2e-07, 0.575475
5.3e-09, -8.4e-07, 0.575475
5.3e-09, -9.6e-07, 0.575475
5.3e-09, -1.08e-06, 0.575477
5.3e-09, -1.2e-06, 0.608907
5.3e-09, -1.32e-06, 0.608933
5.3e-09, -1.44e-06, 0.608933
5.3e-09, -1.56e-06, 0.608933
5.3e-09, -1.68e-06, 0.608933
5.3e-09, -1.8e-06, 0.608933
5.3e-09, -1.92e-06, 0.608933
5.3e-09, -2.04e-06, 0.608933
5.3e-09, -2.16e-06, 0.608933
5.3e-09, -2.28e-06, 0.608933
5.3e-09, -2.4e-06, 0.608907
5.3e-09, -2.52e-06, 0.575477
5.3e-09, -2.64e-06, 0.575475
5.3e-09, -2.76e-06, 0.575475
5.3e-09, -2.88e-06, 0.575475
5.3e-09, -3e-06, 0.575475
5.3e-09, -3.12e-06, 0.575475
5.3e-09, -3.24e-06, 0.575475
5.3e-09, -3.36e-06, 0.575475
5.3e-09, -3.48e-06, 0.575485
5.3e-09, -3.6e-06, 0.909215
5.4e-09, -0, 0.909215
5.4e-09, -1.2e-07, 0.575485
5.4e-09, -2.4e-07, 0.575475
5.4e-09, -3.6e-07, 0.575475
5.4e-09, -4.8e-07, 0.575475
5.4e-09, -6e-07, 0.575475
5.4e-09, -7.2e-07, 0.575475
5.4e-09, -8.4e-07, 0.575475
5.4e-09, -9.6e-07, 0.575475
5.4e-09, -1.08e-06, 0.575477
5.4e-09, -1.2e-06, 0.618688
5.4e-09, -1.32e-06, 0.61871
5.4e-09, -1.44e-06, 0.618711
5.4e-09, -1.56e-06, 0.618711
5.4e-09, -1.68e-06, 0.618711
5.4e-09, -1.8e-06, 0.618711
5.4e-09, -1.92e-06, 0.618711
5.4e-09, -2.04e-06, 0.618711
5.4e-09, -2.16e-06, 0.618711
5.4e-09, -2.28e-06, 0.61871
5.4e-09, -2.4e-06, 0.618688
5.4e-09, -2.52e-06, 0.575477
5.4e-09, -2.64e-06, 0.575475
5.4e-09, -2.76e-06, 0.575475
5.4e-09, -2.88e-06, 0.575475
5.4e-09, -3e-06, 0.575475
5.4e-09, -3.12e-06, 0.575475
5.4e-09, -3.24e-06, 0.575475
5.4e-09, -3.36e-06, 0.575475
5.4e-09, -3.48e-06, 0.575485
5.4e-09, -3.6e-06, 0.909215
5.5e-09, -0, 0.909215
5.5e-09, -1.2e-07, 0.575485
5.5e-09, -2.4e-07, 0.575475
5.5e-09, -3.6e-07, 0.575475
5.5e-09, -4.8e-07, 0.575475
5.5e-09, -6e-07, 0.575475
5.5e-09, -7.2e-07, 0.575475
5.5e-09, -8.4e-07, 0.575475
5.5e-09, -9.6e-07, 0.575475
5.5e-09, -1.08e-06, 0.575477
5.5e-09, -1.2e-06, 0.632129
5.5e-09, -1.32e-06, 0.63215
5.5e-09, -1.44e-06, 0.63215
5.5e-09, -1.56e-06, 0.63215
5.5e-09, -1.68e-06, 0.63215
5.5e-09, -1.8e-06, 0.63215
5.5e-09, -1.92e-06, 0.63215
5.5e-09, -2.04e-06, 0.63215
5.5e-09, -2.16e-06, 0.63215
5.5e-09, -2.28e-06, 0.63215
5.5e-09, -2.4e-06, 0.632129
5.5e-09, -2.52e-06, 0.575477
5.5e-09, -2.64e-06, 0.575475
5.5e-09, -2.76e-06, 0.575475
5.5e-09, -2.88e-06, 0.575475
5.5e-09, -3e-06, 0.575475
5.5e-09, -3.12e-06, 0.575475
5.5e-09, -3.24e-06, 0.575475
5.5e-09, -3.36e-06, 0.575475
5.5e-09, -3.48e-06, 0.575485
5.5e-09, -3.6e-06, 0.909215
5.6e-09, -0, 0.909213
5.6e-09, -1.2e-07, 0.575486
5.6e-09, -2.4e-07, 0.575475
5.6e-09, -3.6e-07, 0.575475
5.6e-09, -4.8e-07, 0.575475
5.6e-09, -6e-07, 0.575475
5.6e-09, -7.2e-07, 0.575475
5.6e-09, -8.4e-07, 0.575475
5.6e-09, -9.6e-07, 0.575475
5.6e-09, -1.08e-06, 0.575477
5.6e-09, -1.2e-06, 0.672451
5.6e-09, -1.32e-06, 0.672468
5.6e-09, -1.44e-06, 0.672468
5.6e-09, -1.56e-06, 0.672468
5.6e-09, -1.68e-06, 0.672468
5.6e-09, -1.8e-06, 0.672468
5.6e-09, -1.92e-06, 0.672468
5.6e-09, -2.04e-06, 0.672468
5.6e-09, -2.16e-06, 0.672468
5.6e-09, -2.28e-06, 0.672468
5.6e-09, -2.4e-06, 0.672451
5.6e-09, -2.52e-06, 0.575477
5.6e-09, -2.64e-06, 0.575475
5.6e-09, -2.76e-06, 0.575475
5.6e-09, -2.88e-06, 0.575475
5.6e-09, -3e-06, 0.575475
5.6e-09, -3.12e-06, 0.575475
5.6e-09, -3.24e-06, 0.575475
5.6e-09, -3.36e-06, 0.575475
5.6e-09, -3.48e-06, 0.575486
5.6e-09, -3.6e-06, 0.909213
5.7e-09, -0, 0.909211
5.7e-09, -1.2e-07, 0.575487
5.7e-09, -2.4e-07, 0.575475
5.7e-09, -3.6e-07, 0.575475
5.7e-09, -4.8e-07, 0.575475
5.7e-09, -6e-07, 0.575475
5.7e-09, -7.2e-07, 0.575475
5.7e-09, -8.4e-07, 0.575475
5.7e-09, -9.6e-07, 0.575475
5.7e-09, -1.08e-06, 0.575478
5.7e-09, -1.2e-06, 0.712773
5.7e-09, -1.32e-06, 0.712786
5.7e-09, -1.44e-06, 0.712786
5.7e-09, -1.56e-06, 0.712786
5.7e-09, -1.68e-06, 0.712786
5.7e-09, -1.8e-06, 0.712786
5.7e-09, -1.92e-06, 0.712786
5.7e-09, -2.04e-06, 0.712786
5.7e-09, -2.16e-06, 0.712786
5.7e-09, -2.28e-06, 0.712786
5.7e-09, -2.4e-06, 0.712773
5.7e-09, -2.52e-06, 0.575478
5.7e-09, -2.64e-06, 0.575475
5.7e-09, -2.76e-06, 0.575475
5.7e-09, -2.88e-06, 0.575475
5.7e-09, -3e-06, 0.575475
5.7e-09, -3.12e-06, 0.575475
5.7e-09, -3.24e-06, 0.575475
5.7e-09, -3.36e-06, 0.575475
5.7e-09, -3.48e-06, 0.575487
5.7e-09, -3.6e-06, 0.909211
5.8e-09, -0, 0.90921
5.8e-09, -1.2e-07, 0.575488
5.8e-09, -2.4e-07, 0.575475
5.8e-09, -3.6e-07, 0.575475
5.8e-09, -4.8e-07, 0.575475
5.8e-09, -6e-07, 0.575475
5.8e-09, -7.2e-07, 0.575475
5.8e-09, -8.4e-07, 0.575475
5.8e-09, -9.6e-07, 0.575475
5.8e-09, -1.08e-06, 0.575478
5.8e-09, -1.2e-06, 0.753095
5.8e-09, -1.32e-06, 0.753104
5.8e-09, -1.44e-06, 0.753104
5.8e-09, -1.56e-06, 0.753104
5.8e-09, -1.68e-06, 0.753104
5.8e-09, -1.8e-06, 0.753104
5.8e-09, -1.92e-06, 0.753104
5.8e-09, -2.04e-06, 0.753104
5.8e-09, -2.16e-06, 0.753104
5.8e-09, -2.28e-06, 0.753104
5.8e-09, -2.4e-06, 0.753095
5.8e-09, -2.52e-06, 0.575478
5.8e-09, -2.64e-06, 0.575475
5.8e-09, -2.76e-06, 0.575475
5.8e-09, -2.88e-06, 0.575475
5.8e-09, -3e-06, 0.575475
5.8e-09, -3.12e-06, 0.575475
5.8e-09, -3.24e-06, 0.575475
5.8e-09, -3.36e-06, 0.575475
5.8e-09, -3.48e-06, 0.575488
5.8e-09, -3.6e-06, 0.90921
5.9e-09, -0, 0.909209
5.9e-09, -1.2e-07, 0.575488
5.9e-09, -2.4e-07, 0.575475
5.9e-09, -3.6e-07, 0.575475
5.9e-09, -4.8e-07, 0.575475
5.9e-09, -6e-07, 0.575475
5.9e-09, -7.2e-07, 0.575475
5.9e-09, -8.4e-07, 0.575475
5.9e-09, -9.6e-07, 0.575475
5.9e-09, -1.08e-06, 0.575478
5.9e-09, -1.2e-06, 0.793417
5.9e-09, -1.32e-06, 0.793422
5.9e-09, -1.44e-06, 0.793422
5.9e-09, -1.56e-06, 0.793422
5.9e-09, -1.68e-06, 0.793422
5.9e-09, -1.8e-06, 0.793422
5.9e-09, -1.92e-06, 0.793422
5.9e-09, -2.04e-06, 0.793422
5.9e-09, -2.16e-06, 0.793422
5.9e-09, -2.28e-06, 0.793422
5.9e-09, -2.4e-06, 0.793417
5.9e-09, -2.52e-06, 0.575478
5.9e-09, -2.64e-06, 0.575475
5.9e-09, -2.76e-06, 0.575475
5.9e-09, -2.88e-06, 0.575475
5.9e-09, -3e-06, 0.575475
5.9e-09, -3.12e-06, 0.575475
5.9e-09, -3.24e-06, 0.575475
5.9e-09, -3.36e-06, 0.575475
5.9e-09, -3.48e-06, 0.575488
5.9e-09, -3.6e-06, 0.909209
6e-09, -0, 0.909209
6e-09, -1.2e-07, 0.575488
6e-09, -2.4e-07, 0.575475
6e-09, -3.6e-07, 0.575475
6e-09, -4.8e-07, 0.575475
6e-09, -6e-07, 0.575475
6e-09, -7.2e-07, 0.575475
6e-09, -8.4e-07, 0.575475
6e-09, -9.6e-07, 0.575475
6e-09, -1.08e-06, 0.575479
6e-09, -1.2e-06, 0.83374
6e-09, -1.32e-06, 0.83374
6e-09, -1.44e-06, 0.83374
6e-09, -1.56e-06, 0.83374
6e-09, -1.68e-06, 0.83374
6e-09, -1.8e-06, 0.83374
6e-09, -1.92e-06, 0.83374
6e-09, -2.04e-06, 0.83374
6e-09, -2.16e-06, 0.83374
6e-09, -2.28e-06, 0.83374
6e-09, -2.4e-06, 0.83374
6e-09, -2.52e-06, 0.575479
6e-09, -2.64e-06, 0.575475
6e-09, -2.76e-06, 0.575475
6e-09, -2.88e-06, 0.575475
6e-09, -3e-06, 0.575475
6e-09, -3.12e-06, 0.575475
6e-09, -3.24e-06, 0.575475
6e-09, -3.36e-06, 0.575475
6e-09, -3.48e-06, 0.575488
6e-09, -3.6e-06, 0.909209
