0, -0, 0.909209
0, -1.2e-07, 0.575488
0, -2.4e-07, 0.575475
0, -3.6e-07, 0.575475
0, -4.8e-07, 0.575475
0, -6e-07, 0.575475
0, -7.2e-07, 0.575475
0, -8.4e-07, 0.575475
0, -9.6e-07, 0.575475
0, -1.08e-06, 0.575482
0, -1.2e-06, 0.93374
0, -1.32e-06, 0.93374
0, -1.44e-06, 0.93374
0, -1.56e-06, 0.93374
0, -1.68e-06, 0.93374
0, -1.8e-06, 0.93374
0, -1.92e-06, 0.93374
0, -2.04e-06, 0.93374
0, -2.16e-06, 0.93374
0, -2.28e-06, 0.93374
0, -2.4e-06, 0.93374
0, -2.52e-06, 0.575482
0, -2.64e-06, 0.575475
0, -2.76e-06, 0.575475
0, -2.88e-06, 0.575475
0, -3e-06, 0.575475
0, -3.12e-06, 0.575475
0, -3.24e-06, 0.575475
0, -3.36e-06, 0.575475
0, -3.48e-06, 0.575488
0, -3.6e-06, 0.909209
1e-10, -0, 0.909209
1e-10, -1.2e-07, 0.575488
1e-10, -2.4e-07, 0.575475
1e-10, -3.6e-07, 0.575475
1e-10, -4.8e-07, 0.575475
1e-10, -6e-07, 0.575475
1e-10, -7.2e-07, 0.575475
1e-10, -8.4e-07, 0.575475
1e-10, -9.6e-07, 0.575475
1e-10, -1.08e-06, 0.575482
1e-10, -1.2e-06, 0.886693
1e-10, -1.32e-06, 0.886707
1e-10, -1.44e-06, 0.886707
1e-10, -1.56e-06, 0.886707
1e-10, -1.68e-06, 0.886707
1e-10, -1.8e-06, 0.886707
1e-10, -1.92e-06, 0.886707
1e-10, -2.04e-06, 0.886707
1e-10, -2.16e-06, 0.886707
1e-10, -2.28e-06, 0.886707
1e-10, -2.4e-06, 0.886693
1e-10, -2.52e-06, 0.575482
1e-10, -2.64e-06, 0.575475
1e-10, -2.76e-06, 0.575475
1e-10, -2.88e-06, 0.575475
1e-10, -3e-06, 0.575475
1e-10, -3.12e-06, 0.575475
1e-10, -3.24e-06, 0.575475
1e-10, -3.36e-06, 0.575475
1e-10, -3.48e-06, 0.575488
1e-10, -3.6e-06, 0.909209
2e-10, -0, 0.90921
2e-10, -1.2e-07, 0.575488
2e-10, -2.4e-07, 0.575475
2e-10, -3.6e-07, 0.575475
2e-10, -4.8e-07, 0.575475
2e-10, -6e-07, 0.575475
2e-10, -7.2e-07, 0.575475
2e-10, -8.4e-07, 0.575475
2e-10, -9.6e-07, 0.575475
2e-10, -1.08e-06, 0.575481
2e-10, -1.2e-06, 0.839646
2e-10, -1.32e-06, 0.839675
2e-10, -1.44e-06, 0.839675
2e-10, -1.56e-06, 0.839675
2e-10, -1.68e-06, 0.839675
2e-10, -1.8e-06, 0.839675
2e-10, -1.92e-06, 0.839675
2e-10, -2.04e-06, 0.839675
2e-10, -2.16e-06, 0.839675
2e-10, -2.28e-06, 0.839675
2e-10, -2.4e-06, 0.839646
2e-10, -2.52e-06, 0.575481
2e-10, -2.64e-06, 0.575475
2e-10, -2.76e-06, 0.575475
2e-10, -2.88e-06, 0.575475
2e-10, -3e-06, 0.575475
2e-10, -3.12e-06, 0.575475
2e-10, -3.24e-06, 0.575475
2e-10, -3.36e-06, 0.575475
2e-10, -3.48e-06, 0.575488
2e-10, -3.6e-06, 0.90921
3e-10, -0, 0.909211
3e-10, -1.2e-07, 0.575487
3e-10, -2.4e-07, 0.575475
3e-10, -3.6e-07, 0.575475
3e-10, -4.8e-07, 0.575475
3e-10, -6e-07, 0.575475
3e-10, -7.2e-07, 0.575475
3e-10, -8.4e-07, 0.575475
3e-10, -9.6e-07, 0.575475
3e-10, -1.08e-06, 0.575481
3e-10, -1.2e-06, 0.7926
3e-10, -1.32e-06, 0.792642
3e-10, -1.44e-06, 0.792642
3e-10, -1.56e-06, 0.792642
3e-10, -1.68e-06, 0.792642
3e-10, -1.8e-06, 0.792642
3e-10, -1.92e-06, 0.792642
3e-10, -2.04e-06, 0.792642
3e-10, -2.16e-06, 0.792642
3e-10, -2.28e-06, 0.792642
3e-10, -2.4e-06, 0.7926
3e-10, -2.52e-06, 0.575481
3e-10, -2.64e-06, 0.575475
3e-10, -2.76e-06, 0.575475
3e-10, -2.88e-06, 0.575475
3e-10, -3e-06, 0.575475
3e-10, -3.12e-06, 0.575475
3e-10, -3.24e-06, 0.575475
3e-10, -3.36e-06, 0.575475
3e-10, -3.48e-06, 0.575487
3e-10, -3.6e-06, 0.909211
4e-10, -0, 0.909213
4e-10, -1.2e-07, 0.575486
4e-10, -2.4e-07, 0.575475
4e-10, -3.6e-07, 0.575475
4e-10, -4.8e-07, 0.575475
4e-10, -6e-07, 0.575475
4e-10, -7.2e-07, 0.575475
4e-10, -8.4e-07, 0.575475
4e-10, -9.6e-07, 0.575475
4e-10, -1.08e-06, 0.57548
4e-10, -1.2e-06, 0.745553
4e-10, -1.32e-06, 0.74561
4e-10, -1.44e-06, 0.74561
4e-10, -1.56e-06, 0.74561
4e-10, -1.68e-06, 0.74561
4e-10, -1.8e-06, 0.74561
4e-10, -1.92e-06, 0.74561
4e-10, -2.04e-06, 0.74561
4e-10, -2.16e-06, 0.74561
4e-10, -2.28e-06, 0.74561
4e-10, -2.4e-06, 0.745553
4e-10, -2.52e-06, 0.57548
4e-10, -2.64e-06, 0.575475
4e-10, -2.76e-06, 0.575475
4e-10, -2.88e-06, 0.575475
4e-10, -3e-06, 0.575475
4e-10, -3.12e-06, 0.575475
4e-10, -3.24e-06, 0.575475
4e-10, -3.36e-06, 0.575475
4e-10, -3.48e-06, 0.575486
4e-10, -3.6e-06, 0.909213
5e-10, -0, 0.909215
5e-10, -1.2e-07, 0.575485
5e-10, -2.4e-07, 0.575475
5e-10, -3.6e-07, 0.575475
5e-10, -4.8e-07, 0.575475
5e-10, -6e-07, 0.575475
5e-10, -7.2e-07, 0.575475
5e-10, -8.4e-07, 0.575475
5e-10, -9.6e-07, 0.575475
5e-10, -1.08e-06, 0.575479
5e-10, -1.2e-06, 0.698507
5e-10, -1.32e-06, 0.698577
5e-10, -1.44e-06, 0.698577
5e-10, -1.56e-06, 0.698577
5e-10, -1.68e-06, 0.698577
5e-10, -1.8e-06, 0.698577
5e-10, -1.92e-06, 0.698577
5e-10, -2.04e-06, 0.698577
5e-10, -2.16e-06, 0.698577
5e-10, -2.28e-06, 0.698577
5e-10, -2.4e-06, 0.698507
5e-10, -2.52e-06, 0.575479
5e-10, -2.64e-06, 0.575475
5e-10, -2.76e-06, 0.575475
5e-10, -2.88e-06, 0.575475
5e-10, -3e-06, 0.575475
5e-10, -3.12e-06, 0.575475
5e-10, -3.24e-06, 0.575475
5e-10, -3.36e-06, 0.575475
5e-10, -3.48e-06, 0.575485
5e-10, -3.6e-06, 0.909215
6e-10, -0, 0.909215
6e-10, -1.2e-07, 0.575485
6e-10, -2.4e-07, 0.575475
6e-10, -3.6e-07, 0.575475
6e-10, -4.8e-07, 0.575475
6e-10, -6e-07, 0.575475
6e-10, -7.2e-07, 0.575475
6e-10, -8.4e-07, 0.575475
6e-10, -9.6e-07, 0.575475
6e-10, -1.08e-06, 0.575479
6e-10, -1.2e-06, 0.682825
6e-10, -1.32e-06, 0.682899
6e-10, -1.44e-06, 0.682899
6e-10, -1.56e-06, 0.682899
6e-10, -1.68e-06, 0.682899
6e-10, -1.8e-06, 0.682899
6e-10, -1.92e-06, 0.682899
6e-10, -2.04e-06, 0.682899
6e-10, -2.16e-06, 0.682899
6e-10, -2.28e-06, 0.682899
6e-10, -2.4e-06, 0.682825
6e-10, -2.52e-06, 0.575479
6e-10, -2.64e-06, 0.575475
6e-10, -2.76e-06, 0.575475
6e-10, -2.88e-06, 0.575475
6e-10, -3e-06, 0.575475
6e-10, -3.12e-06, 0.575475
6e-10, -3.24e-06, 0.575475
6e-10, -3.36e-06, 0.575475
6e-10, -3.48e-06, 0.575485
6e-10, -3.6e-06, 0.909215
7e-10, -0, 0.909215
7e-10, -1.2e-07, 0.575485
7e-10, -2.4e-07, 0.575475
7e-10, -3.6e-07, 0.575475
7e-10, -4.8e-07, 0.575475
7e-10, -6e-07, 0.575475
7e-10, -7.2e-07, 0.575475
7e-10, -8.4e-07, 0.575475
7e-10, -9.6e-07, 0.575475
7e-10, -1.08e-06, 0.575479
7e-10, -1.2e-06, 0.678419
7e-10, -1.32e-06, 0.678505
7e-10, -1.44e-06, 0.678506
7e-10, -1.56e-06, 0.678506
7e-10, -1.68e-06, 0.678506
7e-10, -1.8e-06, 0.678506
7e-10, -1.92e-06, 0.678506
7e-10, -2.04e-06, 0.678506
7e-10, -2.16e-06, 0.678506
7e-10, -2.28e-06, 0.678505
7e-10, -2.4e-06, 0.678419
7e-10, -2.52e-06, 0.575479
7e-10, -2.64e-06, 0.575475
7e-10, -2.76e-06, 0.575475
7e-10, -2.88e-06, 0.575475
7e-10, -3e-06, 0.575475
7e-10, -3.12e-06, 0.575475
7e-10, -3.24e-06, 0.575475
7e-10, -3.36e-06, 0.575475
7e-10, -3.48e-06, 0.575485
7e-10, -3.6e-06, 0.909215
8e-10, -0, 0.909215
8e-10, -1.2e-07, 0.575484
8e-10, -2.4e-07, 0.575475
8e-10, -3.6e-07, 0.575475
8e-10, -4.8e-07, 0.575475
8e-10, -6e-07, 0.575475
8e-10, -7.2e-07, 0.575475
8e-10, -8.4e-07, 0.575475
8e-10, -9.6e-07, 0.575475
8e-10, -1.08e-06, 0.575479
8e-10, -1.2e-06, 0.676577
8e-10, -1.32e-06, 0.67667
8e-10, -1.44e-06, 0.67667
8e-10, -1.56e-06, 0.67667
8e-10, -1.68e-06, 0.67667
8e-10, -1.8e-06, 0.67667
8e-10, -1.92e-06, 0.67667
8e-10, -2.04e-06, 0.67667
8e-10, -2.16e-06, 0.67667
8e-10, -2.28e-06, 0.67667
8e-10, -2.4e-06, 0.676577
8e-10, -2.52e-06, 0.575479
8e-10, -2.64e-06, 0.575475
8e-10, -2.76e-06, 0.575475
8e-10, -2.88e-06, 0.575475
8e-10, -3e-06, 0.575475
8e-10, -3.12e-06, 0.575475
8e-10, -3.24e-06, 0.575475
8e-10, -3.36e-06, 0.575475
8e-10, -3.48e-06, 0.575484
8e-10, -3.6e-06, 0.909215
9e-10, -0, 0.909215
9e-10, -1.2e-07, 0.575484
9e-10, -2.4e-07, 0.575475
9e-10, -3.6e-07, 0.575475
9e-10, -4.8e-07, 0.575475
9e-10, -6e-07, 0.575475
9e-10, -7.2e-07, 0.575475
9e-10, -8.4e-07, 0.575475
9e-10, -9.6e-07, 0.575475
9e-10, -1.08e-06, 0.575478
9e-10, -1.2e-06, 0.675267
9e-10, -1.32e-06, 0.675366
9e-10, -1.44e-06, 0.675366
9e-10, -1.56e-06, 0.675366
9e-10, -1.68e-06, 0.675366
9e-10, -1.8e-06, 0.675366
9e-10, -1.92e-06, 0.675366
9e-10, -2.04e-06, 0.675366
9e-10, -2.16e-06, 0.675366
9e-10, -2.28e-06, 0.675366
9e-10, -2.4e-06, 0.675267
9e-10, -2.52e-06, 0.575478
9e-10, -2.64e-06, 0.575475
9e-10, -2.76e-06, 0.575475
9e-10, -2.88e-06, 0.575475
9e-10, -3e-06, 0.575475
9e-10, -3.12e-06, 0.575475
9e-10, -3.24e-06, 0.575475
9e-10, -3.36e-06, 0.575475
9e-10, -3.48e-06, 0.575484
9e-10, -3.6e-06, 0.909215
1e-09, -0, 0.909215
1e-09, -1.2e-07, 0.575484
1e-09, -2.4e-07, 0.575475
1e-09, -3.6e-07, 0.575475
1e-09, -4.8e-07, 0.575475
1e-09, -6e-07, 0.575475
1e-09, -7.2e-07, 0.575475
1e-09, -8.4e-07, 0.575475
1e-09, -9.6e-07, 0.575475
1e-09, -1.08e-06, 0.575478
1e-09, -1.2e-06, 0.6741
1e-09, -1.32e-06, 0.674203
1e-09, -1.44e-06, 0.674203
1e-09, -1.56e-06, 0.674203
1e-09, -1.68e-06, 0.674203
1e-09, -1.8e-06, 0.674203
1e-09, -1.92e-06, 0.674203
1e-09, -2.04e-06, 0.674203
1e-09, -2.16e-06, 0.674203
1e-09, -2.28e-06, 0.674203
1e-09, -2.4e-06, 0.6741
1e-09, -2.52e-06, 0.575478
1e-09, -2.64e-06, 0.575475
1e-09, -2.76e-06, 0.575475
1e-09, -2.88e-06, 0.575475
1e-09, -3e-06, 0.575475
1e-09, -3.12e-06, 0.575475
1e-09, -3.24e-06, 0.575475
1e-09, -3.36e-06, 0.575475
1e-09, -3.48e-06, 0.575484
1e-09, -3.6e-06, 0.909215
1.1e-09, -0, 0.909215
1.1e-09, -1.2e-07, 0.575484
1.1e-09, -2.4e-07, 0.575475
1.1e-09, -3.6e-07, 0.575475
1.1e-09, -4.8e-07, 0.575475
1.1e-09, -6e-07, 0.575475
1.1e-09, -7.2e-07, 0.575475
1.1e-09, -8.4e-07, 0.575475
1.1e-09, -9.6e-07, 0.575475
1.1e-09, -1.08e-06, 0.575478
1.1e-09, -1.2e-06, 0.673005
1.1e-09, -1.32e-06, 0.673112
1.1e-09, -1.44e-06, 0.673112
1.1e-09, -1.56e-06, 0.673112
1.1e-09, -1.68e-06, 0.673112
1.1e-09, -1.8e-06, 0.673112
1.1e-09, -1.92e-06, 0.673112
1.1e-09, -2.04e-06, 0.673112
1.1e-09, -2.16e-06, 0.673112
1.1e-09, -2.28e-06, 0.673112
1.1e-09, -2.4e-06, 0.673005
1.1e-09, -2.52e-06, 0.575478
1.1e-09, -2.64e-06, 0.575475
1.1e-09, -2.76e-06, 0.575475
1.1e-09, -2.88e-06, 0.575475
1.1e-09, -3e-06, 0.575475
1.1e-09, -3.12e-06, 0.575475
1.1e-09, -3.24e-06, 0.575475
1.1e-09, -3.36e-06, 0.575475
1.1e-09, -3.48e-06, 0.575484
1.1e-09, -3.6e-06, 0.909215
1.2e-09, -0, 0.909215
1.2e-09, -1.2e-07, 0.575484
1.2e-09, -2.4e-07, 0.575475
1.2e-09, -3.6e-07, 0.575475
1.2e-09, -4.8e-07, 0.575475
1.2e-09, -6e-07, 0.575475
1.2e-09, -7.2e-07, 0.575475
1.2e-09, -8.4e-07, 0.575475
1.2e-09, -9.6e-07, 0.575475
1.2e-09, -1.08e-06, 0.575478
1.2e-09, -1.2e-06, 0.67197
1.2e-09, -1.32e-06, 0.672081
1.2e-09, -1.44e-06, 0.672081
1.2e-09, -1.56e-06, 0.672081
1.2e-09, -1.68e-06, 0.672081
1.2e-09, -1.8e-06, 0.672081
1.2e-09, -1.92e-06, 0.672081
1.2e-09, -2.04e-06, 0.672081
1.2e-09, -2.16e-06, 0.672081
1.2e-09, -2.28e-06, 0.672081
1.2e-09, -2.4e-06, 0.67197
1.2e-09, -2.52e-06, 0.575478
1.2e-09, -2.64e-06, 0.575475
1.2e-09, -2.76e-06, 0.575475
1.2e-09, -2.88e-06, 0.575475
1.2e-09, -3e-06, 0.575475
1.2e-09, -3.12e-06, 0.575475
1.2e-09, -3.24e-06, 0.575475
1.2e-09, -3.36e-06, 0.575475
1.2e-09, -3.48e-06, 0.575484
1.2e-09, -3.6e-06, 0.909215
1.3e-09, -0, 0.909215
1.3e-09, -1.2e-07, 0.575484
1.3e-09, -2.4e-07, 0.575475
1.3e-09, -3.6e-07, 0.575475
1.3e-09, -4.8e-07, 0.575475
1.3e-09, -6e-07, 0.575475
1.3e-09, -7.2e-07, 0.575475
1.3e-09, -8.4e-07, 0.575475
1.3e-09, -9.6e-07, 0.575475
1.3e-09, -1.08e-06, 0.575478
1.3e-09, -1.2e-06, 0.670991
1.3e-09, -1.32e-06, 0.671106
1.3e-09, -1.44e-06, 0.671107
1.3e-09, -1.56e-06, 0.671107
1.3e-09, -1.68e-06, 0.671107
1.3e-09, -1.8e-06, 0.671107
1.3e-09, -1.92e-06, 0.671107
1.3e-09, -2.04e-06, 0.671107
1.3e-09, -2.16e-06, 0.671107
1.3e-09, -2.28e-06, 0.671106
1.3e-09, -2.4e-06, 0.670991
1.3e-09, -2.52e-06, 0.575478
1.3e-09, -2.64e-06, 0.575475
1.3e-09, -2.76e-06, 0.575475
1.3e-09, -2.88e-06, 0.575475
1.3e-09, -3e-06, 0.575475
1.3e-09, -3.12e-06, 0.575475
1.3e-09, -3.24e-06, 0.575475
1.3e-09, -3.36e-06, 0.575475
1.3e-09, -3.48e-06, 0.575484
1.3e-09, -3.6e-06, 0.909215
1.4e-09, -0, 0.909215
1.4e-09, -1.2e-07, 0.575484
1.4e-09, -2.4e-07, 0.575475
1.4e-09, -3.6e-07, 0.575475
1.4e-09, -4.8e-07, 0.575475
1.4e-09, -6e-07, 0.575475
1.4e-09, -7.2e-07, 0.575475
1.4e-09, -8.4e-07, 0.575475
1.4e-09, -9.6e-07, 0.575475
1.4e-09, -1.08e-06, 0.575478
1.4e-09, -1.2e-06, 0.67007
1.4e-09, -1.32e-06, 0.670188
1.4e-09, -1.44e-06, 0.670188
1.4e-09, -1.56e-06, 0.670188
1.4e-09, -1.68e-06, 0.670188
1.4e-09, -1.8e-06, 0.670188
1.4e-09, -1.92e-06, 0.670188
1.4e-09, -2.04e-06, 0.670188
1.4e-09, -2.16e-06, 0.670188
1.4e-09, -2.28e-06, 0.670188
1.4e-09, -2.4e-06, 0.67007
1.4e-09, -2.52e-06, 0.575478
1.4e-09, -2.64e-06, 0.575475
1.4e-09, -2.76e-06, 0.575475
1.4e-09, -2.88e-06, 0.575475
1.4e-09, -3e-06, 0.575475
1.4e-09, -3.12e-06, 0.575475
1.4e-09, -3.24e-06, 0.575475
1.4e-09, -3.36e-06, 0.575475
1.4e-09, -3.48e-06, 0.575484
1.4e-09, -3.6e-06, 0.909215
1.5e-09, -0, 0.909215
1.5e-09, -1.2e-07, 0.575483
1.5e-09, -2.4e-07, 0.575475
1.5e-09, -3.6e-07, 0.575475
1.5e-09, -4.8e-07, 0.575475
1.5e-09, -6e-07, 0.575475
1.5e-09, -7.2e-07, 0.575475
1.5e-09, -8.4e-07, 0.575475
1.5e-09, -9.6e-07, 0.575475
1.5e-09, -1.08e-06, 0.575478
1.5e-09, -1.2e-06, 0.669205
1.5e-09, -1.32e-06, 0.669327
1.5e-09, -1.44e-06, 0.669327
1.5e-09, -1.56e-06, 0.669327
1.5e-09, -1.68e-06, 0.669327
1.5e-09, -1.8e-06, 0.669327
1.5e-09, -1.92e-06, 0.669327
1.5e-09, -2.04e-06, 0.669327
1.5e-09, -2.16e-06, 0.669327
1.5e-09, -2.28e-06, 0.669327
1.5e-09, -2.4e-06, 0.669205
1.5e-09, -2.52e-06, 0.575478
1.5e-09, -2.64e-06, 0.575475
1.5e-09, -2.76e-06, 0.575475
1.5e-09, -2.88e-06, 0.575475
1.5e-09, -3e-06, 0.575475
1.5e-09, -3.12e-06, 0.575475
1.5e-09, -3.24e-06, 0.575475
1.5e-09, -3.36e-06, 0.575475
1.5e-09, -3.48e-06, 0.575483
1.5e-09, -3.6e-06, 0.909215
1.6e-09, -0, 0.909215
1.6e-09, -1.2e-07, 0.575483
1.6e-09, -2.4e-07, 0.575475
1.6e-09, -3.6e-07, 0.575475
1.6e-09, -4.8e-07, 0.575475
1.6e-09, -6e-07, 0.575475
1.6e-09, -7.2e-07, 0.575475
1.6e-09, -8.4e-07, 0.575475
1.6e-09, -9.6e-07, 0.575475
1.6e-09, -1.08e-06, 0.575478
1.6e-09, -1.2e-06, 0.668396
1.6e-09, -1.32e-06, 0.668521
1.6e-09, -1.44e-06, 0.668521
1.6e-09, -1.56e-06, 0.668521
1.6e-09, -1.68e-06, 0.668521
1.6e-09, -1.8e-06, 0.668521
1.6e-09, -1.92e-06, 0.668521
1.6e-09, -2.04e-06, 0.668521
1.6e-09, -2.16e-06, 0.668521
1.6e-09, -2.28e-06, 0.668521
1.6e-09, -2.4e-06, 0.668396
1.6e-09, -2.52e-06, 0.575478
1.6e-09, -2.64e-06, 0.575475
1.6e-09, -2.76e-06, 0.575475
1.6e-09, -2.88e-06, 0.575475
1.6e-09, -3e-06, 0.575475
1.6e-09, -3.12e-06, 0.575475
1.6e-09, -3.24e-06, 0.575475
1.6e-09, -3.36e-06, 0.575475
1.6e-09, -3.48e-06, 0.575483
1.6e-09, -3.6e-06, 0.909215
1.7e-09, -0, 0.909215
1.7e-09, -1.2e-07, 0.575483
1.7e-09, -2.4e-07, 0.575475
1.7e-09, -3.6e-07, 0.575475
1.7e-09, -4.8e-07, 0.575475
1.7e-09, -6e-07, 0.575475
1.7e-09, -7.2e-07, 0.575475
1.7e-09, -8.4e-07, 0.575475
1.7e-09, -9.6e-07, 0.575475
1.7e-09, -1.08e-06, 0.575478
1.7e-09, -1.2e-06, 0.667644
1.7e-09, -1.32e-06, 0.667771
1.7e-09, -1.44e-06, 0.667771
1.7e-09, -1.56e-06, 0.667771
1.7e-09, -1.68e-06, 0.667771
1.7e-09, -1.8e-06, 0.667771
1.7e-09, -1.92e-06, 0.667771
1.7e-09, -2.04e-06, 0.667771
1.7e-09, -2.16e-06, 0.667771
1.7e-09, -2.28e-06, 0.667771
1.7e-09, -2.4e-06, 0.667644
1.7e-09, -2.52e-06, 0.575478
1.7e-09, -2.64e-06, 0.575475
1.7e-09, -2.76e-06, 0.575475
1.7e-09, -2.88e-06, 0.575475
1.7e-09, -3e-06, 0.575475
1.7e-09, -3.12e-06, 0.575475
1.7e-09, -3.24e-06, 0.575475
1.7e-09, -3.36e-06, 0.575475
1.7e-09, -3.48e-06, 0.575483
1.7e-09, -3.6e-06, 0.909215
1.8e-09, -0, 0.909215
1.8e-09, -1.2e-07, 0.575483
1.8e-09, -2.4e-07, 0.575475
1.8e-09, -3.6e-07, 0.575475
1.8e-09, -4.8e-07, 0.575475
1.8e-09, -6e-07, 0.575475
1.8e-09, -7.2e-07, 0.575475
1.8e-09, -8.4e-07, 0.575475
1.8e-09, -9.6e-07, 0.575475
1.8e-09, -1.08e-06, 0.575478
1.8e-09, -1.2e-06, 0.666947
1.8e-09, -1.32e-06, 0.667077
1.8e-09, -1.44e-06, 0.667077
1.8e-09, -1.56e-06, 0.667077
1.8e-09, -1.68e-06, 0.667077
1.8e-09, -1.8e-06, 0.667077
1.8e-09, -1.92e-06, 0.667077
1.8e-09, -2.04e-06, 0.667077
1.8e-09, -2.16e-06, 0.667077
1.8e-09, -2.28e-06, 0.667077
1.8e-09, -2.4e-06, 0.666947
1.8e-09, -2.52e-06, 0.575478
1.8e-09, -2.64e-06, 0.575475
1.8e-09, -2.76e-06, 0.575475
1.8e-09, -2.88e-06, 0.575475
1.8e-09, -3e-06, 0.575475
1.8e-09, -3.12e-06, 0.575475
1.8e-09, -3.24e-06, 0.575475
1.8e-09, -3.36e-06, 0.575475
1.8e-09, -3.48e-06, 0.575483
1.8e-09, -3.6e-06, 0.909215
1.9e-09, -0, 0.909215
1.9e-09, -1.2e-07, 0.575483
1.9e-09, -2.4e-07, 0.575475
1.9e-09, -3.6e-07, 0.575475
1.9e-09, -4.8e-07, 0.575475
1.9e-09, -6e-07, 0.575475
1.9e-09, -7.2e-07, 0.575475
1.9e-09, -8.4e-07, 0.575475
1.9e-09, -9.6e-07, 0.575475
1.9e-09, -1.08e-06, 0.575478
1.9e-09, -1.2e-06, 0.666307
1.9e-09, -1.32e-06, 0.666439
1.9e-09, -1.44e-06, 0.66644
1.9e-09, -1.56e-06, 0.66644
1.9e-09, -1.68e-06, 0.66644
1.9e-09, -1.8e-06, 0.66644
1.9e-09, -1.92e-06, 0.66644
1.9e-09, -2.04e-06, 0.66644
1.9e-09, -2.16e-06, 0.66644
1.9e-09, -2.28e-06, 0.666439
1.9e-09, -2.4e-06, 0.666307
1.9e-09, -2.52e-06, 0.575478
1.9e-09, -2.64e-06, 0.575475
1.9e-09, -2.76e-06, 0.575475
1.9e-09, -2.88e-06, 0.575475
1.9e-09, -3e-06, 0.575475
1.9e-09, -3.12e-06, 0.575475
1.9e-09, -3.24e-06, 0.575475
1.9e-09, -3.36e-06, 0.575475
1.9e-09, -3.48e-06, 0.575483
1.9e-09, -3.6e-06, 0.909215
2e-09, -0, 0.909215
2e-09, -1.2e-07, 0.575483
2e-09, -2.4e-07, 0.575475
2e-09, -3.6e-07, 0.575475
2e-09, -4.8e-07, 0.575475
2e-09, -6e-07, 0.575475
2e-09, -7.2e-07, 0.575475
2e-09, -8.4e-07, 0.575475
2e-09, -9.6e-07, 0.575475
2e-09, -1.08e-06, 0.575478
2e-09, -1.2e-06, 0.665723
2e-09, -1.32e-06, 0.665857
2e-09, -1.44e-06, 0.665857
2e-09, -1.56e-06, 0.665857
2e-09, -1.68e-06, 0.665857
2e-09, -1.8e-06, 0.665857
2e-09, -1.92e-06, 0.665857
2e-09, -2.04e-06, 0.665857
2e-09, -2.16e-06, 0.665857
2e-09, -2.28e-06, 0.665857
2e-09, -2.4e-06, 0.665723
2e-09, -2.52e-06, 0.575478
2e-09, -2.64e-06, 0.575475
2e-09, -2.76e-06, 0.575475
2e-09, -2.88e-06, 0.575475
2e-09, -3e-06, 0.575475
2e-09, -3.12e-06, 0.575475
2e-09, -3.24e-06, 0.575475
2e-09, -3.36e-06, 0.575475
2e-09, -3.48e-06, 0.575483
2e-09, -3.6e-06, 0.909215
2.1e-09, -0, 0.909215
2.1e-09, -1.2e-07, 0.575483
2.1e-09, -2.4e-07, 0.575475
2.1e-09, -3.6e-07, 0.575475
2.1e-09, -4.8e-07, 0.575475
2.1e-09, -6e-07, 0.575475
2.1e-09, -7.2e-07, 0.575475
2.1e-09, -8.4e-07, 0.575475
2.1e-09, -9.6e-07, 0.575475
2.1e-09, -1.08e-06, 0.575478
2.1e-09, -1.2e-06, 0.665194
2.1e-09, -1.32e-06, 0.665331
2.1e-09, -1.44e-06, 0.665331
2.1e-09, -1.56e-06, 0.665331
2.1e-09, -1.68e-06, 0.665331
2.1e-09, -1.8e-06, 0.665331
2.1e-09, -1.92e-06, 0.665331
2.1e-09, -2.04e-06, 0.665331
2.1e-09, -2.16e-06, 0.665331
2.1e-09, -2.28e-06, 0.665331
2.1e-09, -2.4e-06, 0.665194
2.1e-09, -2.52e-06, 0.575478
2.1e-09, -2.64e-06, 0.575475
2.1e-09, -2.76e-06, 0.575475
2.1e-09, -2.88e-06, 0.575475
2.1e-09, -3e-06, 0.575475
2.1e-09, -3.12e-06, 0.575475
2.1e-09, -3.24e-06, 0.575475
2.1e-09, -3.36e-06, 0.575475
2.1e-09, -3.48e-06, 0.575483
2.1e-09, -3.6e-06, 0.909215
2.2e-09, -0, 0.909215
2.2e-09, -1.2e-07, 0.575483
2.2e-09, -2.4e-07, 0.575475
2.2e-09, -3.6e-07, 0.575475
2.2e-09, -4.8e-07, 0.575475
2.2e-09, -6e-07, 0.575475
2.2e-09, -7.2e-07, 0.575475
2.2e-09, -8.4e-07, 0.575475
2.2e-09, -9.6e-07, 0.575475
2.2e-09, -1.08e-06, 0.575478
2.2e-09, -1.2e-06, 0.664722
2.2e-09, -1.32e-06, 0.66486
2.2e-09, -1.44e-06, 0.66486
2.2e-09, -1.56e-06, 0.66486
2.2e-09, -1.68e-06, 0.66486
2.2e-09, -1.8e-06, 0.66486
2.2e-09, -1.92e-06, 0.66486
2.2e-09, -2.04e-06, 0.66486
2.2e-09, -2.16e-06, 0.66486
2.2e-09, -2.28e-06, 0.66486
2.2e-09, -2.4e-06, 0.664722
2.2e-09, -2.52e-06, 0.575478
2.2e-09, -2.64e-06, 0.575475
2.2e-09, -2.76e-06, 0.575475
2.2e-09, -2.88e-06, 0.575475
2.2e-09, -3e-06, 0.575475
2.2e-09, -3.12e-06, 0.575475
2.2e-09, -3.24e-06, 0.575475
2.2e-09, -3.36e-06, 0.575475
2.2e-09, -3.48e-06, 0.575483
2.2e-09, -3.6e-06, 0.909215
2.3e-09, -0, 0.909215
2.3e-09, -1.2e-07, 0.575483
2.3e-09, -2.4e-07, 0.575475
2.3e-09, -3.6e-07, 0.575475
2.3e-09, -4.8e-07, 0.575475
2.3e-09, -6e-07, 0.575475
2.3e-09, -7.2e-07, 0.575475
2.3e-09, -8.4e-07, 0.575475
2.3e-09, -9.6e-07, 0.575475
2.3e-09, -1.08e-06, 0.575477
2.3e-09, -1.2e-06, 0.664305
2.3e-09, -1.32e-06, 0.664444
2.3e-09, -1.44e-06, 0.664444
2.3e-09, -1.56e-06, 0.664444
2.3e-09, -1.68e-06, 0.664444
2.3e-09, -1.8e-06, 0.664444
2.3e-09, -1.92e-06, 0.664444
2.3e-09, -2.04e-06, 0.664444
2.3e-09, -2.16e-06, 0.664444
2.3e-09, -2.28e-06, 0.664444
2.3e-09, -2.4e-06, 0.664305
2.3e-09, -2.52e-06, 0.575477
2.3e-09, -2.64e-06, 0.575475
2.3e-09, -2.76e-06, 0.575475
2.3e-09, -2.88e-06, 0.575475
2.3e-09, -3e-06, 0.575475
2.3e-09, -3.12e-06, 0.575475
2.3e-09, -3.24e-06, 0.575475
2.3e-09, -3.36e-06, 0.575475
2.3e-09, -3.48e-06, 0.575483
2.3e-09, -3.6e-06, 0.909215
2.4e-09, -0, 0.909215
2.4e-09, -1.2e-07, 0.575483
2.4e-09, -2.4e-07, 0.575475
2.4e-09, -3.6e-07, 0.575475
2.4e-09, -4.8e-07, 0.575475
2.4e-09, -6e-07, 0.575475
2.4e-09, -7.2e-07, 0.575475
2.4e-09, -8.4e-07, 0.575475
2.4e-09, -9.6e-07, 0.575475
2.4e-09, -1.08e-06, 0.575477
2.4e-09, -1.2e-06, 0.663943
2.4e-09, -1.32e-06, 0.664085
2.4e-09, -1.44e-06, 0.664085
2.4e-09, -1.56e-06, 0.664085
2.4e-09, -1.68e-06, 0.664085
2.4e-09, -1.8e-06, 0.664085
2.4e-09, -1.92e-06, 0.664085
2.4e-09, -2.04e-06, 0.664085
2.4e-09, -2.16e-06, 0.664085
2.4e-09, -2.28e-06, 0.664085
2.4e-09, -2.4e-06, 0.663943
2.4e-09, -2.52e-06, 0.575477
2.4e-09, -2.64e-06, 0.575475
2.4e-09, -2.76e-06, 0.575475
2.4e-09, -2.88e-06, 0.575475
2.4e-09, -3e-06, 0.575475
2.4e-09, -3.12e-06, 0.575475
2.4e-09, -3.24e-06, 0.575475
2.4e-09, -3.36e-06, 0.575475
2.4e-09, -3.48e-06, 0.575483
2.4e-09, -3.6e-06, 0.909215
2.5e-09, -0, 0.909215
2.5e-09, -1.2e-07, 0.575483
2.5e-09, -2.4e-07, 0.575475
2.5e-09, -3.6e-07, 0.575475
2.5e-09, -4.8e-07, 0.575475
2.5e-09, -6e-07, 0.575475
2.5e-09, -7.2e-07, 0.575475
2.5e-09, -8.4e-07, 0.575475
2.5e-09, -9.6e-07, 0.575475
2.5e-09, -1.08e-06, 0.575477
2.5e-09, -1.2e-06, 0.663638
2.5e-09, -1.32e-06, 0.66378
2.5e-09, -1.44e-06, 0.66378
2.5e-09, -1.56e-06, 0.66378
2.5e-09, -1.68e-06, 0.66378
2.5e-09, -1.8e-06, 0.66378
2.5e-09, -1.92e-06, 0.66378
2.5e-09, -2.04e-06, 0.66378
2.5e-09, -2.16e-06, 0.66378
2.5e-09, -2.28e-06, 0.66378
2.5e-09, -2.4e-06, 0.663638
2.5e-09, -2.52e-06, 0.575477
2.5e-09, -2.64e-06, 0.575475
2.5e-09, -2.76e-06, 0.575475
2.5e-09, -2.88e-06, 0.575475
2.5e-09, -3e-06, 0.575475
2.5e-09, -3.12e-06, 0.575475
2.5e-09, -3.24e-06, 0.575475
2.5e-09, -3.36e-06, 0.575475
2.5e-09, -3.48e-06, 0.575483
2.5e-09, -3.6e-06, 0.909215
2.6e-09, -0, 0.909215
2.6e-09, -1.2e-07, 0.575483
2.6e-09, -2.4e-07, 0.575475
2.6e-09, -3.6e-07, 0.575475
2.6e-09, -4.8e-07, 0.575475
2.6e-09, -6e-07, 0.575475
2.6e-09, -7.2e-07, 0.575475
2.6e-09, -8.4e-07, 0.575475
2.6e-09, -9.6e-07, 0.575475
2.6e-09, -1.08e-06, 0.575477
2.6e-09, -1.2e-06, 0.663388
2.6e-09, -1.32e-06, 0.663531
2.6e-09, -1.44e-06, 0.663531
2.6e-09, -1.56e-06, 0.663531
2.6e-09, -1.68e-06, 0.663531
2.6e-09, -1.8e-06, 0.663531
2.6e-09, -1.92e-06, 0.663531
2.6e-09, -2.04e-06, 0.663531
2.6e-09, -2.16e-06, 0.663531
2.6e-09, -2.28e-06, 0.663531
2.6e-09, -2.4e-06, 0.663388
2.6e-09, -2.52e-06, 0.575477
2.6e-09, -2.64e-06, 0.575475
2.6e-09, -2.76e-06, 0.575475
2.6e-09, -2.88e-06, 0.575475
2.6e-09, -3e-06, 0.575475
2.6e-09, -3.12e-06, 0.575475
2.6e-09, -3.24e-06, 0.575475
2.6e-09, -3.36e-06, 0.575475
2.6e-09, -3.48e-06, 0.575483
2.6e-09, -3.6e-06, 0.909215
2.7e-09, -0, 0.909215
2.7e-09, -1.2e-07, 0.575483
2.7e-09, -2.4e-07, 0.575475
2.7e-09, -3.6e-07, 0.575475
2.7e-09, -4.8e-07, 0.575475
2.7e-09, -6e-07, 0.575475
2.7e-09, -7.2e-07, 0.575475
2.7e-09, -8.4e-07, 0.575475
2.7e-09, -9.6e-07, 0.575475
2.7e-09, -1.08e-06, 0.575477
2.7e-09, -1.2e-06, 0.663194
2.7e-09, -1.32e-06, 0.663337
2.7e-09, -1.44e-06, 0.663337
2.7e-09, -1.56e-06, 0.663337
2.7e-09, -1.68e-06, 0.663337
2.7e-09, -1.8e-06, 0.663337
2.7e-09, -1.92e-06, 0.663337
2.7e-09, -2.04e-06, 0.663337
2.7e-09, -2.16e-06, 0.663337
2.7e-09, -2.28e-06, 0.663337
2.7e-09, -2.4e-06, 0.663194
2.7e-09, -2.52e-06, 0.575477
2.7e-09, -2.64e-06, 0.575475
2.7e-09, -2.76e-06, 0.575475
2.7e-09, -2.88e-06, 0.575475
2.7e-09, -3e-06, 0.575475
2.7e-09, -3.12e-06, 0.575475
2.7e-09, -3.24e-06, 0.575475
2.7e-09, -3.36e-06, 0.575475
2.7e-09, -3.48e-06, 0.575483
2.7e-09, -3.6e-06, 0.909215
2.8e-09, -0, 0.909215
2.8e-09, -1.2e-07, 0.575483
2.8e-09, -2.4e-07, 0.575475
2.8e-09, -3.6e-07, 0.575475
2.8e-09, -4.8e-07, 0.575475
2.8e-09, -6e-07, 0.575475
2.8e-09, -7.2e-07, 0.575475
2.8e-09, -8.4e-07, 0.575475
2.8e-09, -9.6e-07, 0.575475
2.8e-09, -1.08e-06, 0.575477
2.8e-09, -1.2e-06, 0.663055
2.8e-09, -1.32e-06, 0.663199
2.8e-09, -1.44e-06, 0.663199
2.8e-09, -1.56e-06, 0.663199
2.8e-09, -1.68e-06, 0.663199
2.8e-09, -1.8e-06, 0.663199
2.8e-09, -1.92e-06, 0.663199
2.8e-09, -2.04e-06, 0.663199
2.8e-09, -2.16e-06, 0.663199
2.8e-09, -2.28e-06, 0.663199
2.8e-09, -2.4e-06, 0.663055
2.8e-09, -2.52e-06, 0.575477
2.8e-09, -2.64e-06, 0.575475
2.8e-09, -2.76e-06, 0.575475
2.8e-09, -2.88e-06, 0.575475
2.8e-09, -3e-06, 0.575475
2.8e-09, -3.12e-06, 0.575475
2.8e-09, -3.24e-06, 0.575475
2.8e-09, -3.36e-06, 0.575475
2.8e-09, -3.48e-06, 0.575483
2.8e-09, -3.6e-06, 0.909215
2.9e-09, -0, 0.909215
2.9e-09, -1.2e-07, 0.575483
2.9e-09, -2.4e-07, 0.575475
2.9e-09, -3.6e-07, 0.575475
2.9e-09, -4.8e-07, 0.575475
2.9e-09, -6e-07, 0.575475
2.9e-09, -7.2e-07, 0.575475
2.9e-09, -8.4e-07, 0.575475
2.9e-09, -9.6e-07, 0.575475
2.9e-09, -1.08e-06, 0.575477
2.9e-09, -1.2e-06, 0.662971
2.9e-09, -1.32e-06, 0.663116
2.9e-09, -1.44e-06, 0.663116
2.9e-09, -1.56e-06, 0.663116
2.9e-09, -1.68e-06, 0.663116
2.9e-09, -1.8e-06, 0.663116
2.9e-09, -1.92e-06, 0.663116
2.9e-09, -2.04e-06, 0.663116
2.9e-09, -2.16e-06, 0.663116
2.9e-09, -2.28e-06, 0.663116
2.9e-09, -2.4e-06, 0.662971
2.9e-09, -2.52e-06, 0.575477
2.9e-09, -2.64e-06, 0.575475
2.9e-09, -2.76e-06, 0.575475
2.9e-09, -2.88e-06, 0.575475
2.9e-09, -3e-06, 0.575475
2.9e-09, -3.12e-06, 0.575475
2.9e-09, -3.24e-06, 0.575475
2.9e-09, -3.36e-06, 0.575475
2.9e-09, -3.48e-06, 0.575483
2.9e-09, -3.6e-06, 0.909215
3e-09, -0, 0.909215
3e-09, -1.2e-07, 0.575483
3e-09, -2.4e-07, 0.575475
3e-09, -3.6e-07, 0.575475
3e-09, -4.8e-07, 0.575475
3e-09, -6e-07, 0.575475
3e-09, -7.2e-07, 0.575475
3e-09, -8.4e-07, 0.575475
3e-09, -9.6e-07, 0.575475
3e-09, -1.08e-06, 0.575477
3e-09, -1.2e-06, 0.662944
3e-09, -1.32e-06, 0.663088
3e-09, -1.44e-06, 0.663088
3e-09, -1.56e-06, 0.663088
3e-09, -1.68e-06, 0.663088
3e-09, -1.8e-06, 0.663088
3e-09, -1.92e-06, 0.663088
3e-09, -2.04e-06, 0.663088
3e-09, -2.16e-06, 0.663088
3e-09, -2.28e-06, 0.663088
3e-09, -2.4e-06, 0.662944
3e-09, -2.52e-06, 0.575477
3e-09, -2.64e-06, 0.575475
3e-09, -2.76e-06, 0.575475
3e-09, -2.88e-06, 0.575475
3e-09, -3e-06, 0.575475
3e-09, -3.12e-06, 0.575475
3e-09, -3.24e-06, 0.575475
3e-09, -3.36e-06, 0.575475
3e-09, -3.48e-06, 0.575483
3e-09, -3.6e-06, 0.909215
3.1e-09, -0, 0.909215
3.1e-09, -1.2e-07, 0.575483
3.1e-09, -2.4e-07, 0.575475
3.1e-09, -3.6e-07, 0.575475
3.1e-09, -4.8e-07, 0.575475
3.1e-09, -6e-07, 0.575475
3.1e-09, -7.2e-07, 0.575475
3.1e-09, -8.4e-07, 0.575475
3.1e-09, -9.6e-07, 0.575475
3.1e-09, -1.08e-06, 0.575477
3.1e-09, -1.2e-06, 0.662971
3.1e-09, -1.32e-06, 0.663116
3.1e-09, -1.44e-06, 0.663116
3.1e-09, -1.56e-06, 0.663116
3.1e-09, -1.68e-06, 0.663116
3.1e-09, -1.8e-06, 0.663116
3.1e-09, -1.92e-06, 0.663116
3.1e-09, -2.04e-06, 0.663116
3.1e-09, -2.16e-06, 0.663116
3.1e-09, -2.28e-06, 0.663116
3.1e-09, -2.4e-06, 0.662971
3.1e-09, -2.52e-06, 0.575477
3.1e-09, -2.64e-06, 0.575475
3.1e-09, -2.76e-06, 0.575475
3.1e-09, -2.88e-06, 0.575475
3.1e-09, -3e-06, 0.575475
3.1e-09, -3.12e-06, 0.575475
3.1e-09, -3.24e-06, 0.575475
3.1e-09, -3.36e-06, 0.575475
3.1e-09, -3.48e-06, 0.575483
3.1e-09, -3.6e-06, 0.909215
3.2e-09, -0, 0.909215
3.2e-09, -1.2e-07, 0.575483
3.2e-09, -2.4e-07, 0.575475
3.2e-09, -3.6e-07, 0.575475
3.2e-09, -4.8e-07, 0.575475
3.2e-09, -6e-07, 0.575475
3.2e-09, -7.2e-07, 0.575475
3.2e-09, -8.4e-07, 0.575475
3.2e-09, -9.6e-07, 0.575475
3.2e-09, -1.08e-06, 0.575477
3.2e-09, -1.2e-06, 0.663055
3.2e-09, -1.32e-06, 0.663199
3.2e-09, -1.44e-06, 0.663199
3.2e-09, -1.56e-06, 0.663199
3.2e-09, -1.68e-06, 0.663199
3.2e-09, -1.8e-06, 0.663199
3.2e-09, -1.92e-06, 0.663199
3.2e-09, -2.04e-06, 0.663199
3.2e-09, -2.16e-06, 0.663199
3.2e-09, -2.28e-06, 0.663199
3.2e-09, -2.4e-06, 0.663055
3.2e-09, -2.52e-06, 0.575477
3.2e-09, -2.64e-06, 0.575475
3.2e-09, -2.76e-06, 0.575475
3.2e-09, -2.88e-06, 0.575475
3.2e-09, -3e-06, 0.575475
3.2e-09, -3.12e-06, 0.575475
3.2e-09, -3.24e-06, 0.575475
3.2e-09, -3.36e-06, 0.575475
3.2e-09, -3.48e-06, 0.575483
3.2e-09, -3.6e-06, 0.909215
3.3e-09, -0, 0.909215
3.3e-09, -1.2e-07, 0.575483
3.3e-09, -2.4e-07, 0.575475
3.3e-09, -3.6e-07, 0.575475
3.3e-09, -4.8e-07, 0.575475
3.3e-09, -6e-07, 0.575475
3.3e-09, -7.2e-07, 0.575475
3.3e-09, -8.4e-07, 0.575475
3.3e-09, -9.6e-07, 0.575475
3.3e-09, -1.08e-06, 0.575477
3.3e-09, -1.2e-06, 0.663194
3.3e-09, -1.32e-06, 0.663337
3.3e-09, -1.44e-06, 0.663337
3.3e-09, -1.56e-06, 0.663337
3.3e-09, -1.68e-06, 0.663337
3.3e-09, -1.8e-06, 0.663337
3.3e-09, -1.92e-06, 0.663337
3.3e-09, -2.04e-06, 0.663337
3.3e-09, -2.16e-06, 0.663337
3.3e-09, -2.28e-06, 0.663337
3.3e-09, -2.4e-06, 0.663194
3.3e-09, -2.52e-06, 0.575477
3.3e-09, -2.64e-06, 0.575475
3.3e-09, -2.76e-06, 0.575475
3.3e-09, -2.88e-06, 0.575475
3.3e-09, -3e-06, 0.575475
3.3e-09, -3.12e-06, 0.575475
3.3e-09, -3.24e-06, 0.575475
3.3e-09, -3.36e-06, 0.575475
3.3e-09, -3.48e-06, 0.575483
3.3e-09, -3.6e-06, 0.909215
3.4e-09, -0, 0.909215
3.4e-09, -1.2e-07, 0.575483
3.4e-09, -2.4e-07, 0.575475
3.4e-09, -3.6e-07, 0.575475
3.4e-09, -4.8e-07, 0.575475
3.4e-09, -6e-07, 0.575475
3.4e-09, -7.2e-07, 0.575475
3.4e-09, -8.4e-07, 0.575475
3.4e-09, -9.6e-07, 0.575475
3.4e-09, -1.08e-06, 0.575477
3.4e-09, -1.2e-06, 0.663388
3.4e-09, -1.32e-06, 0.663531
3.4e-09, -1.44e-06, 0.663531
3.4e-09, -1.56e-06, 0.663531
3.4e-09, -1.68e-06, 0.663531
3.4e-09, -1.8e-06, 0.663531
3.4e-09, -1.92e-06, 0.663531
3.4e-09, -2.04e-06, 0.663531
3.4e-09, -2.16e-06, 0.663531
3.4e-09, -2.28e-06, 0.663531
3.4e-09, -2.4e-06, 0.663388
3.4e-09, -2.52e-06, 0.575477
3.4e-09, -2.64e-06, 0.575475
3.4e-09, -2.76e-06, 0.575475
3.4e-09, -2.88e-06, 0.575475
3.4e-09, -3e-06, 0.575475
3.4e-09, -3.12e-06, 0.575475
3.4e-09, -3.24e-06, 0.575475
3.4e-09, -3.36e-06, 0.575475
3.4e-09, -3.48e-06, 0.575483
3.4e-09, -3.6e-06, 0.909215
3.5e-09, -0, 0.909215
3.5e-09, -1.2e-07, 0.575483
3.5e-09, -2.4e-07, 0.575475
3.5e-09, -3.6e-07, 0.575475
3.5e-09, -4.8e-07, 0.575475
3.5e-09, -6e-07, 0.575475
3.5e-09, -7.2e-07, 0.575475
3.5e-09, -8.4e-07, 0.575475
3.5e-09, -9.6e-07, 0.575475
3.5e-09, -1.08e-06, 0.575477
3.5e-09, -1.2e-06, 0.663638
3.5e-09, -1.32e-06, 0.66378
3.5e-09, -1.44e-06, 0.66378
3.5e-09, -1.56e-06, 0.66378
3.5e-09, -1.68e-06, 0.66378
3.5e-09, -1.8e-06, 0.66378
3.5e-09, -1.92e-06, 0.66378
3.5e-09, -2.04e-06, 0.66378
3.5e-09, -2.16e-06, 0.66378
3.5e-09, -2.28e-06, 0.66378
3.5e-09, -2.4e-06, 0.663638
3.5e-09, -2.52e-06, 0.575477
3.5e-09, -2.64e-06, 0.575475
3.5e-09, -2.76e-06, 0.575475
3.5e-09, -2.88e-06, 0.575475
3.5e-09, -3e-06, 0.575475
3.5e-09, -3.12e-06, 0.575475
3.5e-09, -3.24e-06, 0.575475
3.5e-09, -3.36e-06, 0.575475
3.5e-09, -3.48e-06, 0.575483
3.5e-09, -3.6e-06, 0.909215
3.6e-09, -0, 0.909215
3.6e-09, -1.2e-07, 0.575483
3.6e-09, -2.4e-07, 0.575475
3.6e-09, -3.6e-07, 0.575475
3.6e-09, -4.8e-07, 0.575475
3.6e-09, -6e-07, 0.575475
3.6e-09, -7.2e-07, 0.575475
3.6e-09, -8.4e-07, 0.575475
3.6e-09, -9.6e-07, 0.575475
3.6e-09, -1.08e-06, 0.575477
3.6e-09, -1.2e-06, 0.663943
3.6e-09, -1.32e-06, 0.664085
3.6e-09, -1.44e-06, 0.664085
3.6e-09, -1.56e-06, 0.664085
3.6e-09, -1.68e-06, 0.664085
3.6e-09, -1.8e-06, 0.664085
3.6e-09, -1.92e-06, 0.664085
3.6e-09, -2.04e-06, 0.664085
3.6e-09, -2.16e-06, 0.664085
3.6e-09, -2.28e-06, 0.664085
3.6e-09, -2.4e-06, 0.663943
3.6e-09, -2.52e-06, 0.575477
3.6e-09, -2.64e-06, 0.575475
3.6e-09, -2.76e-06, 0.575475
3.6e-09, -2.88e-06, 0.575475
3.6e-09, -3e-06, 0.575475
3.6e-09, -3.12e-06, 0.575475
3.6e-09, -3.24e-06, 0.575475
3.6e-09, -3.36e-06, 0.575475
3.6e-09, -3.48e-06, 0.575483
3.6e-09, -3.6e-06, 0.909215
3.7e-09, -0, 0.909215
3.7e-09, -1.2e-07, 0.575483
3.7e-09, -2.4e-07, 0.575475
3.7e-09, -3.6e-07, 0.575475
3.7e-09, -4.8e-07, 0.575475
3.7e-09, -6e-07, 0.575475
3.7e-09, -7.2e-07, 0.575475
3.7e-09, -8.4e-07, 0.575475
3.7e-09, -9.6e-07, 0.575475
3.7e-09, -1.08e-06, 0.575477
3.7e-09, -1.2e-06, 0.664305
3.7e-09, -1.32e-06, 0.664444
3.7e-09, -1.44e-06, 0.664444
3.7e-09, -1.56e-06, 0.664444
3.7e-09, -1.68e-06, 0.664444
3.7e-09, -1.8e-06, 0.664444
3.7e-09, -1.92e-06, 0.664444
3.7e-09, -2.04e-06, 0.664444
3.7e-09, -2.16e-06, 0.664444
3.7e-09, -2.28e-06, 0.664444
3.7e-09, -2.4e-06, 0.664305
3.7e-09, -2.52e-06, 0.575477
3.7e-09, -2.64e-06, 0.575475
3.7e-09, -2.76e-06, 0.575475
3.7e-09, -2.88e-06, 0.575475
3.7e-09, -3e-06, 0.575475
3.7e-09, -3.12e-06, 0.575475
3.7e-09, -3.24e-06, 0.575475
3.7e-09, -3.36e-06, 0.575475
3.7e-09, -3.48e-06, 0.575483
3.7e-09, -3.6e-06, 0.909215
3.8e-09, -0, 0.909215
3.8e-09, -1.2e-07, 0.575483
3.8e-09, -2.4e-07, 0.575475
3.8e-09, -3.6e-07, 0.575475
3.8e-09, -4.8e-07, 0.575475
3.8e-09, -6e-07, 0.575475
3.8e-09, -7.2e-07, 0.575475
3.8e-09, -8.4e-07, 0.575475
3.8e-09, -9.6e-07, 0.575475
3.8e-09, -1.08e-06, 0.575478
3.8e-09, -1.2e-06, 0.664722
3.8e-09, -1.32e-06, 0.66486
3.8e-09, -1.44e-06, 0.66486
3.8e-09, -1.56e-06, 0.66486
3.8e-09, -1.68e-06, 0.66486
3.8e-09, -1.8e-06, 0.66486
3.8e-09, -1.92e-06, 0.66486
3.8e-09, -2.04e-06, 0.66486
3.8e-09, -2.16e-06, 0.66486
3.8e-09, -2.28e-06, 0.66486
3.8e-09, -2.4e-06, 0.664722
3.8e-09, -2.52e-06, 0.575478
3.8e-09, -2.64e-06, 0.575475
3.8e-09, -2.76e-06, 0.575475
3.8e-09, -2.88e-06, 0.575475
3.8e-09, -3e-06, 0.575475
3.8e-09, -3.12e-06, 0.575475
3.8e-09, -3.24e-06, 0.575475
3.8e-09, -3.36e-06, 0.575475
3.8e-09, -3.48e-06, 0.575483
3.8e-09, -3.6e-06, 0.909215
3.9e-09, -0, 0.909215
3.9e-09, -1.2e-07, 0.575483
3.9e-09, -2.4e-07, 0.575475
3.9e-09, -3.6e-07, 0.575475
3.9e-09, -4.8e-07, 0.575475
3.9e-09, -6e-07, 0.575475
3.9e-09, -7.2e-07, 0.575475
3.9e-09, -8.4e-07, 0.575475
3.9e-09, -9.6e-07, 0.575475
3.9e-09, -1.08e-06, 0.575478
3.9e-09, -1.2e-06, 0.665194
3.9e-09, -1.32e-06, 0.665331
3.9e-09, -1.44e-06, 0.665331
3.9e-09, -1.56e-06, 0.665331
3.9e-09, -1.68e-06, 0.665331
3.9e-09, -1.8e-06, 0.665331
3.9e-09, -1.92e-06, 0.665331
3.9e-09, -2.04e-06, 0.665331
3.9e-09, -2.16e-06, 0.665331
3.9e-09, -2.28e-06, 0.665331
3.9e-09, -2.4e-06, 0.665194
3.9e-09, -2.52e-06, 0.575478
3.9e-09, -2.64e-06, 0.575475
3.9e-09, -2.76e-06, 0.575475
3.9e-09, -2.88e-06, 0.575475
3.9e-09, -3e-06, 0.575475
3.9e-09, -3.12e-06, 0.575475
3.9e-09, -3.24e-06, 0.575475
3.9e-09, -3.36e-06, 0.575475
3.9e-09, -3.48e-06, 0.575483
3.9e-09, -3.6e-06, 0.909215
4e-09, -0, 0.909215
4e-09, -1.2e-07, 0.575483
4e-09, -2.4e-07, 0.575475
4e-09, -3.6e-07, 0.575475
4e-09, -4.8e-07, 0.575475
4e-09, -6e-07, 0.575475
4e-09, -7.2e-07, 0.575475
4e-09, -8.4e-07, 0.575475
4e-09, -9.6e-07, 0.575475
4e-09, -1.08e-06, 0.575478
4e-09, -1.2e-06, 0.665723
4e-09, -1.32e-06, 0.665857
4e-09, -1.44e-06, 0.665857
4e-09, -1.56e-06, 0.665857
4e-09, -1.68e-06, 0.665857
4e-09, -1.8e-06, 0.665857
4e-09, -1.92e-06, 0.665857
4e-09, -2.04e-06, 0.665857
4e-09, -2.16e-06, 0.665857
4e-09, -2.28e-06, 0.665857
4e-09, -2.4e-06, 0.665723
4e-09, -2.52e-06, 0.575478
4e-09, -2.64e-06, 0.575475
4e-09, -2.76e-06, 0.575475
4e-09, -2.88e-06, 0.575475
4e-09, -3e-06, 0.575475
4e-09, -3.12e-06, 0.575475
4e-09, -3.24e-06, 0.575475
4e-09, -3.36e-06, 0.575475
4e-09, -3.48e-06, 0.575483
4e-09, -3.6e-06, 0.909215
4.1e-09, -0, 0.909215
4.1e-09, -1.2e-07, 0.575483
4.1e-09, -2.4e-07, 0.575475
4.1e-09, -3.6e-07, 0.575475
4.1e-09, -4.8e-07, 0.575475
4.1e-09, -6e-07, 0.575475
4.1e-09, -7.2e-07, 0.575475
4.1e-09, -8.4e-07, 0.575475
4.1e-09, -9.6e-07, 0.575475
4.1e-09, -1.08e-06, 0.575478
4.1e-09, -1.2e-06, 0.666307
4.1e-09, -1.32e-06, 0.666439
4.1e-09, -1.44e-06, 0.66644
4.1e-09, -1.56e-06, 0.66644
4.1e-09, -1.68e-06, 0.66644
4.1e-09, -1.8e-06, 0.66644
4.1e-09, -1.92e-06, 0.66644
4.1e-09, -2.04e-06, 0.66644
4.1e-09, -2.16e-06, 0.66644
4.1e-09, -2.28e-06, 0.666439
4.1e-09, -2.4e-06, 0.666307
4.1e-09, -2.52e-06, 0.575478
4.1e-09, -2.64e-06, 0.575475
4.1e-09, -2.76e-06, 0.575475
4.1e-09, -2.88e-06, 0.575475
4.1e-09, -3e-06, 0.575475
4.1e-09, -3.12e-06, 0.575475
4.1e-09, -3.24e-06, 0.575475
4.1e-09, -3.36e-06, 0.575475
4.1e-09, -3.48e-06, 0.575483
4.1e-09, -3.6e-06, 0.909215
4.2e-09, -0, 0.909215
4.2e-09, -1.2e-07, 0.575483
4.2e-09, -2.4e-07, 0.575475
4.2e-09, -3.6e-07, 0.575475
4.2e-09, -4.8e-07, 0.575475
4.2e-09, -6e-07, 0.575475
4.2e-09, -7.2e-07, 0.575475
4.2e-09, -8.4e-07, 0.575475
4.2e-09, -9.6e-07, 0.575475
4.2e-09, -1.08e-06, 0.575478
4.2e-09, -1.2e-06, 0.666947
4.2e-09, -1.32e-06, 0.667077
4.2e-09, -1.44e-06, 0.667077
4.2e-09, -1.56e-06, 0.667077
4.2e-09, -1.68e-06, 0.667077
4.2e-09, -1.8e-06, 0.667077
4.2e-09, -1.92e-06, 0.667077
4.2e-09, -2.04e-06, 0.667077
4.2e-09, -2.16e-06, 0.667077
4.2e-09, -2.28e-06, 0.667077
4.2e-09, -2.4e-06, 0.666947
4.2e-09, -2.52e-06, 0.575478
4.2e-09, -2.64e-06, 0.575475
4.2e-09, -2.76e-06, 0.575475
4.2e-09, -2.88e-06, 0.575475
4.2e-09, -3e-06, 0.575475
4.2e-09, -3.12e-06, 0.575475
4.2e-09, -3.24e-06, 0.575475
4.2e-09, -3.36e-06, 0.575475
4.2e-09, -3.48e-06, 0.575483
4.2e-09, -3.6e-06, 0.909215
4.3e-09, -0, 0.909215
4.3e-09, -1.2e-07, 0.575483
4.3e-09, -2.4e-07, 0.575475
4.3e-09, -3.6e-07, 0.575475
4.3e-09, -4.8e-07, 0.575475
4.3e-09, -6e-07, 0.575475
4.3e-09, -7.2e-07, 0.575475
4.3e-09, -8.4e-07, 0.575475
4.3e-09, -9.6e-07, 0.575475
4.3e-09, -1.08e-06, 0.575478
4.3e-09, -1.2e-06, 0.667644
4.3e-09, -1.32e-06, 0.667771
4.3e-09, -1.44e-06, 0.667771
4.3e-09, -1.56e-06, 0.667771
4.3e-09, -1.68e-06, 0.667771
4.3e-09, -1.8e-06, 0.667771
4.3e-09, -1.92e-06, 0.667771
4.3e-09, -2.04e-06, 0.667771
4.3e-09, -2.16e-06, 0.667771
4.3e-09, -2.28e-06, 0.667771
4.3e-09, -2.4e-06, 0.667644
4.3e-09, -2.52e-06, 0.575478
4.3e-09, -2.64e-06, 0.575475
4.3e-09, -2.76e-06, 0.575475
4.3e-09, -2.88e-06, 0.575475
4.3e-09, -3e-06, 0.575475
4.3e-09, -3.12e-06, 0.575475
4.3e-09, -3.24e-06, 0.575475
4.3e-09, -3.36e-06, 0.575475
4.3e-09, -3.48e-06, 0.575483
4.3e-09, -3.6e-06, 0.909215
4.4e-09, -0, 0.909215
4.4e-09, -1.2e-07, 0.575483
4.4e-09, -2.4e-07, 0.575475
4.4e-09, -3.6e-07, 0.575475
4.4e-09, -4.8e-07, 0.575475
4.4e-09, -6e-07, 0.575475
4.4e-09, -7.2e-07, 0.575475
4.4e-09, -8.4e-07, 0.575475
4.4e-09, -9.6e-07, 0.575475
4.4e-09, -1.08e-06, 0.575478
4.4e-09, -1.2e-06, 0.668396
4.4e-09, -1.32e-06, 0.668521
4.4e-09, -1.44e-06, 0.668521
4.4e-09, -1.56e-06, 0.668521
4.4e-09, -1.68e-06, 0.668521
4.4e-09, -1.8e-06, 0.668521
4.4e-09, -1.92e-06, 0.668521
4.4e-09, -2.04e-06, 0.668521
4.4e-09, -2.16e-06, 0.668521
4.4e-09, -2.28e-06, 0.668521
4.4e-09, -2.4e-06, 0.668396
4.4e-09, -2.52e-06, 0.575478
4.4e-09, -2.64e-06, 0.575475
4.4e-09, -2.76e-06, 0.575475
4.4e-09, -2.88e-06, 0.575475
4.4e-09, -3e-06, 0.575475
4.4e-09, -3.12e-06, 0.575475
4.4e-09, -3.24e-06, 0.575475
4.4e-09, -3.36e-06, 0.575475
4.4e-09, -3.48e-06, 0.575483
4.4e-09, -3.6e-06, 0.909215
4.5e-09, -0, 0.909215
4.5e-09, -1.2e-07, 0.575483
4.5e-09, -2.4e-07, 0.575475
4.5e-09, -3.6e-07, 0.575475
4.5e-09, -4.8e-07, 0.575475
4.5e-09, -6e-07, 0.575475
4.5e-09, -7.2e-07, 0.575475
4.5e-09, -8.4e-07, 0.575475
4.5e-09, -9.6e-07, 0.575475
4.5e-09, -1.08e-06, 0.575478
4.5e-09, -1.2e-06, 0.669205
4.5e-09, -1.32e-06, 0.669327
4.5e-09, -1.44e-06, 0.669327
4.5e-09, -1.56e-06, 0.669327
4.5e-09, -1.68e-06, 0.669327
4.5e-09, -1.8e-06, 0.669327
4.5e-09, -1.92e-06, 0.669327
4.5e-09, -2.04e-06, 0.669327
4.5e-09, -2.16e-06, 0.669327
4.5e-09, -2.28e-06, 0.669327
4.5e-09, -2.4e-06, 0.669205
4.5e-09, -2.52e-06, 0.575478
4.5e-09, -2.64e-06, 0.575475
4.5e-09, -2.76e-06, 0.575475
4.5e-09, -2.88e-06, 0.575475
4.5e-09, -3e-06, 0.575475
4.5e-09, -3.12e-06, 0.575475
4.5e-09, -3.24e-06, 0.575475
4.5e-09, -3.36e-06, 0.575475
4.5e-09, -3.48e-06, 0.575483
4.5e-09, -3.6e-06, 0.909215
4.6e-09, -0, 0.909215
4.6e-09, -1.2e-07, 0.575484
4.6e-09, -2.4e-07, 0.575475
4.6e-09, -3.6e-07, 0.575475
4.6e-09, -4.8e-07, 0.575475
4.6e-09, -6e-07, 0.575475
4.6e-09, -7.2e-07, 0.575475
4.6e-09, -8.4e-07, 0.575475
4.6e-09, -9.6e-07, 0.575475
4.6e-09, -1.08e-06, 0.575478
4.6e-09, -1.2e-06, 0.67007
4.6e-09, -1.32e-06, 0.670188
4.6e-09, -1.44e-06, 0.670188
4.6e-09, -1.56e-06, 0.670188
4.6e-09, -1.68e-06, 0.670188
4.6e-09, -1.8e-06, 0.670188
4.6e-09, -1.92e-06, 0.670188
4.6e-09, -2.04e-06, 0.670188
4.6e-09, -2.16e-06, 0.670188
4.6e-09, -2.28e-06, 0.670188
4.6e-09, -2.4e-06, 0.67007
4.6e-09, -2.52e-06, 0.575478
4.6e-09, -2.64e-06, 0.575475
4.6e-09, -2.76e-06, 0.575475
4.6e-09, -2.88e-06, 0.575475
4.6e-09, -3e-06, 0.575475
4.6e-09, -3.12e-06, 0.575475
4.6e-09, -3.24e-06, 0.575475
4.6e-09, -3.36e-06, 0.575475
4.6e-09, -3.48e-06, 0.575484
4.6e-09, -3.6e-06, 0.909215
4.7e-09, -0, 0.909215
4.7e-09, -1.2e-07, 0.575484
4.7e-09, -2.4e-07, 0.575475
4.7e-09, -3.6e-07, 0.575475
4.7e-09, -4.8e-07, 0.575475
4.7e-09, -6e-07, 0.575475
4.7e-09, -7.2e-07, 0.575475
4.7e-09, -8.4e-07, 0.575475
4.7e-09, -9.6e-07, 0.575475
4.7e-09, -1.08e-06, 0.575478
4.7e-09, -1.2e-06, 0.670991
4.7e-09, -1.32e-06, 0.671106
4.7e-09, -1.44e-06, 0.671107
4.7e-09, -1.56e-06, 0.671107
4.7e-09, -1.68e-06, 0.671107
4.7e-09, -1.8e-06, 0.671107
4.7e-09, -1.92e-06, 0.671107
4.7e-09, -2.04e-06, 0.671107
4.7e-09, -2.16e-06, 0.671107
4.7e-09, -2.28e-06, 0.671106
4.7e-09, -2.4e-06, 0.670991
4.7e-09, -2.52e-06, 0.575478
4.7e-09, -2.64e-06, 0.575475
4.7e-09, -2.76e-06, 0.575475
4.7e-09, -2.88e-06, 0.575475
4.7e-09, -3e-06, 0.575475
4.7e-09, -3.12e-06, 0.575475
4.7e-09, -3.24e-06, 0.575475
4.7e-09, -3.36e-06, 0.575475
4.7e-09, -3.48e-06, 0.575484
4.7e-09, -3.6e-06, 0.909215
4.8e-09, -0, 0.909215
4.8e-09, -1.2e-07, 0.575484
4.8e-09, -2.4e-07, 0.575475
4.8e-09, -3.6e-07, 0.575475
4.8e-09, -4.8e-07, 0.575475
4.8e-09, -6e-07, 0.575475
4.8e-09, -7.2e-07, 0.575475
4.8e-09, -8.4e-07, 0.575475
4.8e-09, -9.6e-07, 0.575475
4.8e-09, -1.08e-06, 0.575478
4.8e-09, -1.2e-06, 0.67197
4.8e-09, -1.32e-06, 0.672081
4.8e-09, -1.44e-06, 0.672081
4.8e-09, -1.56e-06, 0.672081
4.8e-09, -1.68e-06, 0.672081
4.8e-09, -1.8e-06, 0.672081
4.8e-09, -1.92e-06, 0.672081
4.8e-09, -2.04e-06, 0.672081
4.8e-09, -2.16e-06, 0.672081
4.8e-09, -2.28e-06, 0.672081
4.8e-09, -2.4e-06, 0.67197
4.8e-09, -2.52e-06, 0.575478
4.8e-09, -2.64e-06, 0.575475
4.8e-09, -2.76e-06, 0.575475
4.8e-09, -2.88e-06, 0.575475
4.8e-09, -3e-06, 0.575475
4.8e-09, -3.12e-06, 0.575475
4.8e-09, -3.24e-06, 0.575475
4.8e-09, -3.36e-06, 0.575475
4.8e-09, -3.48e-06, 0.575484
4.8e-09, -3.6e-06, 0.909215
4.9e-09, -0, 0.909215
4.9e-09, -1.2e-07, 0.575484
4.9e-09, -2.4e-07, 0.575475
4.9e-09, -3.6e-07, 0.575475
4.9e-09, -4.8e-07, 0.575475
4.9e-09, -6e-07, 0.575475
4.9e-09, -7.2e-07, 0.575475
4.9e-09, -8.4e-07, 0.575475
4.9e-09, -9.6e-07, 0.575475
4.9e-09, -1.08e-06, 0.575478
4.9e-09, -1.2e-06, 0.673005
4.9e-09, -1.32e-06, 0.673112
4.9e-09, -1.44e-06, 0.673112
4.9e-09, -1.56e-06, 0.673112
4.9e-09, -1.68e-06, 0.673112
4.9e-09, -1.8e-06, 0.673112
4.9e-09, -1.92e-06, 0.673112
4.9e-09, -2.04e-06, 0.673112
4.9e-09, -2.16e-06, 0.673112
4.9e-09, -2.28e-06, 0.673112
4.9e-09, -2.4e-06, 0.673005
4.9e-09, -2.52e-06, 0.575478
4.9e-09, -2.64e-06, 0.575475
4.9e-09, -2.76e-06, 0.575475
4.9e-09, -2.88e-06, 0.575475
4.9e-09, -3e-06, 0.575475
4.9e-09, -3.12e-06, 0.575475
4.9e-09, -3.24e-06, 0.575475
4.9e-09, -3.36e-06, 0.575475
4.9e-09, -3.48e-06, 0.575484
4.9e-09, -3.6e-06, 0.909215
5e-09, -0, 0.909215
5e-09, -1.2e-07, 0.575484
5e-09, -2.4e-07, 0.575475
5e-09, -3.6e-07, 0.575475
5e-09, -4.8e-07, 0.575475
5e-09, -6e-07, 0.575475
5e-09, -7.2e-07, 0.575475
5e-09, -8.4e-07, 0.575475
5e-09, -9.6e-07, 0.575475
5e-09, -1.08e-06, 0.575478
5e-09, -1.2e-06, 0.6741
5e-09, -1.32e-06, 0.674203
5e-09, -1.44e-06, 0.674203
5e-09, -1.56e-06, 0.674203
5e-09, -1.68e-06, 0.674203
5e-09, -1.8e-06, 0.674203
5e-09, -1.92e-06, 0.674203
5e-09, -2.04e-06, 0.674203
5e-09, -2.16e-06, 0.674203
5e-09, -2.28e-06, 0.674203
5e-09, -2.4e-06, 0.6741
5e-09, -2.52e-06, 0.575478
5e-09, -2.64e-06, 0.575475
5e-09, -2.76e-06, 0.575475
5e-09, -2.88e-06, 0.575475
5e-09, -3e-06, 0.575475
5e-09, -3.12e-06, 0.575475
5e-09, -3.24e-06, 0.575475
5e-09, -3.36e-06, 0.575475
5e-09, -3.48e-06, 0.575484
5e-09, -3.6e-06, 0.909215
5.1e-09, -0, 0.909215
5.1e-09, -1.2e-07, 0.575484
5.1e-09, -2.4e-07, 0.575475
5.1e-09, -3.6e-07, 0.575475
5.1e-09, -4.8e-07, 0.575475
5.1e-09, -6e-07, 0.575475
5.1e-09, -7.2e-07, 0.575475
5.1e-09, -8.4e-07, 0.575475
5.1e-09, -9.6e-07, 0.575475
5.1e-09, -1.08e-06, 0.575478
5.1e-09, -1.2e-06, 0.675267
5.1e-09, -1.32e-06, 0.675366
5.1e-09, -1.44e-06, 0.675366
5.1e-09, -1.56e-06, 0.675366
5.1e-09, -1.68e-06, 0.675366
5.1e-09, -1.8e-06, 0.675366
5.1e-09, -1.92e-06, 0.675366
5.1e-09, -2.04e-06, 0.675366
5.1e-09, -2.16e-06, 0.675366
5.1e-09, -2.28e-06, 0.675366
5.1e-09, -2.4e-06, 0.675267
5.1e-09, -2.52e-06, 0.575478
5.1e-09, -2.64e-06, 0.575475
5.1e-09, -2.76e-06, 0.575475
5.1e-09, -2.88e-06, 0.575475
5.1e-09, -3e-06, 0.575475
5.1e-09, -3.12e-06, 0.575475
5.1e-09, -3.24e-06, 0.575475
5.1e-09, -3.36e-06, 0.575475
5.1e-09, -3.48e-06, 0.575484
5.1e-09, -3.6e-06, 0.909215
5.2e-09, -0, 0.909215
5.2e-09, -1.2e-07, 0.575484
5.2e-09, -2.4e-07, 0.575475
5.2e-09, -3.6e-07, 0.575475
5.2e-09, -4.8e-07, 0.575475
5.2e-09, -6e-07, 0.575475
5.2e-09, -7.2e-07, 0.575475
5.2e-09, -8.4e-07, 0.575475
5.2e-09, -9.6e-07, 0.575475
5.2e-09, -1.08e-06, 0.575479
5.2e-09, -1.2e-06, 0.676577
5.2e-09, -1.32e-06, 0.67667
5.2e-09, -1.44e-06, 0.67667
5.2e-09, -1.56e-06, 0.67667
5.2e-09, -1.68e-06, 0.67667
5.2e-09, -1.8e-06, 0.67667
5.2e-09, -1.92e-06, 0.67667
5.2e-09, -2.04e-06, 0.67667
5.2e-09, -2.16e-06, 0.67667
5.2e-09, -2.28e-06, 0.67667
5.2e-09, -2.4e-06, 0.676577
5.2e-09, -2.52e-06, 0.575479
5.2e-09, -2.64e-06, 0.575475
5.2e-09, -2.76e-06, 0.575475
5.2e-09, -2.88e-06, 0.575475
5.2e-09, -3e-06, 0.575475
5.2e-09, -3.12e-06, 0.575475
5.2e-09, -3.24e-06, 0.575475
5.2e-09, -3.36e-06, 0.575475
5.2e-09, -3.48e-06, 0.575484
5.2e-09, -3.6e-06, 0.909215
5.3e-09, -0, 0.909215
5.3e-09, -1.2e-07, 0.575485
5.3e-09, -2.4e-07, 0.575475
5.3e-09, -3.6e-07, 0.575475
5.3e-09, -4.8e-07, 0.575475
5.3e-09, -6e-07, 0.575475
5.3e-09, -7.2e-07, 0.575475
5.3e-09, -8.4e-07, 0.575475
5.3e-09, -9.6e-07, 0.575475
5.3e-09, -1.08e-06, 0.575479
5.3e-09, -1.2e-06, 0.678419
5.3e-09, -1.32e-06, 0.678505
5.3e-09, -1.44e-06, 0.678506
5.3e-09, -1.56e-06, 0.678506
5.3e-09, -1.68e-06, 0.678506
5.3e-09, -1.8e-06, 0.678506
5.3e-09, -1.92e-06, 0.678506
5.3e-09, -2.04e-06, 0.678506
5.3e-09, -2.16e-06, 0.678506
5.3e-09, -2.28e-06, 0.678505
5.3e-09, -2.4e-06, 0.678419
5.3e-09, -2.52e-06, 0.575479
5.3e-09, -2.64e-06, 0.575475
5.3e-09, -2.76e-06, 0.575475
5.3e-09, -2.88e-06, 0.575475
5.3e-09, -3e-06, 0.575475
5.3e-09, -3.12e-06, 0.575475
5.3e-09, -3.24e-06, 0.575475
5.3e-09, -3.36e-06, 0.575475
5.3e-09, -3.48e-06, 0.575485
5.3e-09, -3.6e-06, 0.909215
5.4e-09, -0, 0.909215
5.4e-09, -1.2e-07, 0.575485
5.4e-09, -2.4e-07, 0.575475
5.4e-09, -3.6e-07, 0.575475
5.4e-09, -4.8e-07, 0.575475
5.4e-09, -6e-07, 0.575475
5.4e-09, -7.2e-07, 0.575475
5.4e-09, -8.4e-07, 0.575475
5.4e-09, -9.6e-07, 0.575475
5.4e-09, -1.08e-06, 0.575479
5.4e-09, -1.2e-06, 0.682825
5.4e-09, -1.32e-06, 0.682899
5.4e-09, -1.44e-06, 0.682899
5.4e-09, -1.56e-06, 0.682899
5.4e-09, -1.68e-06, 0.682899
5.4e-09, -1.8e-06, 0.682899
5.4e-09, -1.92e-06, 0.682899
5.4e-09, -2.04e-06, 0.682899
5.4e-09, -2.16e-06, 0.682899
5.4e-09, -2.28e-06, 0.682899
5.4e-09, -2.4e-06, 0.682825
5.4e-09, -2.52e-06, 0.575479
5.4e-09, -2.64e-06, 0.575475
5.4e-09, -2.76e-06, 0.575475
5.4e-09, -2.88e-06, 0.575475
5.4e-09, -3e-06, 0.575475
5.4e-09, -3.12e-06, 0.575475
5.4e-09, -3.24e-06, 0.575475
5.4e-09, -3.36e-06, 0.575475
5.4e-09, -3.48e-06, 0.575485
5.4e-09, -3.6e-06, 0.909215
5.5e-09, -0, 0.909215
5.5e-09, -1.2e-07, 0.575485
5.5e-09, -2.4e-07, 0.575475
5.5e-09, -3.6e-07, 0.575475
5.5e-09, -4.8e-07, 0.575475
5.5e-09, -6e-07, 0.575475
5.5e-09, -7.2e-07, 0.575475
5.5e-09, -8.4e-07, 0.575475
5.5e-09, -9.6e-07, 0.575475
5.5e-09, -1.08e-06, 0.575479
5.5e-09, -1.2e-06, 0.698507
5.5e-09, -1.32e-06, 0.698577
5.5e-09, -1.44e-06, 0.698577
5.5e-09, -1.56e-06, 0.698577
5.5e-09, -1.68e-06, 0.698577
5.5e-09, -1.8e-06, 0.698577
5.5e-09, -1.92e-06, 0.698577
5.5e-09, -2.04e-06, 0.698577
5.5e-09, -2.16e-06, 0.698577
5.5e-09, -2.28e-06, 0.698577
5.5e-09, -2.4e-06, 0.698507
5.5e-09, -2.52e-06, 0.575479
5.5e-09, -2.64e-06, 0.575475
5.5e-09, -2.76e-06, 0.575475
5.5e-09, -2.88e-06, 0.575475
5.5e-09, -3e-06, 0.575475
5.5e-09, -3.12e-06, 0.575475
5.5e-09, -3.24e-06, 0.575475
5.5e-09, -3.36e-06, 0.575475
5.5e-09, -3.48e-06, 0.575485
5.5e-09, -3.6e-06, 0.909215
5.6e-09, -0, 0.909213
5.6e-09, -1.2e-07, 0.575486
5.6e-09, -2.4e-07, 0.575475
5.6e-09, -3.6e-07, 0.575475
5.6e-09, -4.8e-07, 0.575475
5.6e-09, -6e-07, 0.575475
5.6e-09, -7.2e-07, 0.575475
5.6e-09, -8.4e-07, 0.575475
5.6e-09, -9.6e-07, 0.575475
5.6e-09, -1.08e-06, 0.57548
5.6e-09, -1.2e-06, 0.745553
5.6e-09, -1.32e-06, 0.74561
5.6e-09, -1.44e-06, 0.74561
5.6e-09, -1.56e-06, 0.74561
5.6e-09, -1.68e-06, 0.74561
5.6e-09, -1.8e-06, 0.74561
5.6e-09, -1.92e-06, 0.74561
5.6e-09, -2.04e-06, 0.74561
5.6e-09, -2.16e-06, 0.74561
5.6e-09, -2.28e-06, 0.74561
5.6e-09, -2.4e-06, 0.745553
5.6e-09, -2.52e-06, 0.57548
5.6e-09, -2.64e-06, 0.575475
5.6e-09, -2.76e-06, 0.575475
5.6e-09, -2.88e-06, 0.575475
5.6e-09, -3e-06, 0.575475
5.6e-09, -3.12e-06, 0.575475
5.6e-09, -3.24e-06, 0.575475
5.6e-09, -3.36e-06, 0.575475
5.6e-09, -3.48e-06, 0.575486
5.6e-09, -3.6e-06, 0.909213
5.7e-09, -0, 0.909211
5.7e-09, -1.2e-07, 0.575487
5.7e-09, -2.4e-07, 0.575475
5.7e-09, -3.6e-07, 0.575475
5.7e-09, -4.8e-07, 0.575475
5.7e-09, -6e-07, 0.575475
5.7e-09, -7.2e-07, 0.575475
5.7e-09, -8.4e-07, 0.575475
5.7e-09, -9.6e-07, 0.575475
5.7e-09, -1.08e-06, 0.575481
5.7e-09, -1.2e-06, 0.7926
5.7e-09, -1.32e-06, 0.792642
5.7e-09, -1.44e-06, 0.792642
5.7e-09, -1.56e-06, 0.792642
5.7e-09, -1.68e-06, 0.792642
5.7e-09, -1.8e-06, 0.792642
5.7e-09, -1.92e-06, 0.792642
5.7e-09, -2.04e-06, 0.792642
5.7e-09, -2.16e-06, 0.792642
5.7e-09, -2.28e-06, 0.792642
5.7e-09, -2.4e-06, 0.7926
5.7e-09, -2.52e-06, 0.575481
5.7e-09, -2.64e-06, 0.575475
5.7e-09, -2.76e-06, 0.575475
5.7e-09, -2.88e-06, 0.575475
5.7e-09, -3e-06, 0.575475
5.7e-09, -3.12e-06, 0.575475
5.7e-09, -3.24e-06, 0.575475
5.7e-09, -3.36e-06, 0.575475
5.7e-09, -3.48e-06, 0.575487
5.7e-09, -3.6e-06, 0.909211
5.8e-09, -0, 0.90921
5.8e-09, -1.2e-07, 0.575488
5.8e-09, -2.4e-07, 0.575475
5.8e-09, -3.6e-07, 0.575475
5.8e-09, -4.8e-07, 0.575475
5.8e-09, -6e-07, 0.575475
5.8e-09, -7.2e-07, 0.575475
5.8e-09, -8.4e-07, 0.575475
5.8e-09, -9.6e-07, 0.575475
5.8e-09, -1.08e-06, 0.575481
5.8e-09, -1.2e-06, 0.839646
5.8e-09, -1.32e-06, 0.839675
5.8e-09, -1.44e-06, 0.839675
5.8e-09, -1.56e-06, 0.839675
5.8e-09, -1.68e-06, 0.839675
5.8e-09, -1.8e-06, 0.839675
5.8e-09, -1.92e-06, 0.839675
5.8e-09, -2.04e-06, 0.839675
5.8e-09, -2.16e-06, 0.839675
5.8e-09, -2.28e-06, 0.839675
5.8e-09, -2.4e-06, 0.839646
5.8e-09, -2.52e-06, 0.575481
5.8e-09, -2.64e-06, 0.575475
5.8e-09, -2.76e-06, 0.575475
5.8e-09, -2.88e-06, 0.575475
5.8e-09, -3e-06, 0.575475
5.8e-09, -3.12e-06, 0.575475
5.8e-09, -3.24e-06, 0.575475
5.8e-09, -3.36e-06, 0.575475
5.8e-09, -3.48e-06, 0.575488
5.8e-09, -3.6e-06, 0.90921
5.9e-09, -0, 0.909209
5.9e-09, -1.2e-07, 0.575488
5.9e-09, -2.4e-07, 0.575475
5.9e-09, -3.6e-07, 0.575475
5.9e-09, -4.8e-07, 0.575475
5.9e-09, -6e-07, 0.575475
5.9e-09, -7.2e-07, 0.575475
5.9e-09, -8.4e-07, 0.575475
5.9e-09, -9.6e-07, 0.575475
5.9e-09, -1.08e-06, 0.575482
5.9e-09, -1.2e-06, 0.886693
5.9e-09, -1.32e-06, 0.886707
5.9e-09, -1.44e-06, 0.886707
5.9e-09, -1.56e-06, 0.886707
5.9e-09, -1.68e-06, 0.886707
5.9e-09, -1.8e-06, 0.886707
5.9e-09, -1.92e-06, 0.886707
5.9e-09, -2.04e-06, 0.886707
5.9e-09, -2.16e-06, 0.886707
5.9e-09, -2.28e-06, 0.886707
5.9e-09, -2.4e-06, 0.886693
5.9e-09, -2.52e-06, 0.575482
5.9e-09, -2.64e-06, 0.575475
5.9e-09, -2.76e-06, 0.575475
5.9e-09, -2.88e-06, 0.575475
5.9e-09, -3e-06, 0.575475
5.9e-09, -3.12e-06, 0.575475
5.9e-09, -3.24e-06, 0.575475
5.9e-09, -3.36e-06, 0.575475
5.9e-09, -3.48e-06, 0.575488
5.9e-09, -3.6e-06, 0.909209
6e-09, -0, 0.909209
6e-09, -1.2e-07, 0.575488
6e-09, -2.4e-07, 0.575475
6e-09, -3.6e-07, 0.575475
6e-09, -4.8e-07, 0.575475
6e-09, -6e-07, 0.575475
6e-09, -7.2e-07, 0.575475
6e-09, -8.4e-07, 0.575475
6e-09, -9.6e-07, 0.575475
6e-09, -1.08e-06, 0.575482
6e-09, -1.2e-06, 0.93374
6e-09, -1.32e-06, 0.93374
6e-09, -1.44e-06, 0.93374
6e-09, -1.56e-06, 0.93374
6e-09, -1.68e-06, 0.93374
6e-09, -1.8e-06, 0.93374
6e-09, -1.92e-06, 0.93374
6e-09, -2.04e-06, 0.93374
6e-09, -2.16e-06, 0.93374
6e-09, -2.28e-06, 0.93374
6e-09, -2.4e-06, 0.93374
6e-09, -2.52e-06, 0.575482
6e-09, -2.64e-06, 0.575475
6e-09, -2.76e-06, 0.575475
6e-09, -2.88e-06, 0.575475
6e-09, -3e-06, 0.575475
6e-09, -3.12e-06, 0.575475
6e-09, -3.24e-06, 0.575475
6e-09, -3.36e-06, 0.575475
6e-09, -3.48e-06, 0.575488
6e-09, -3.6e-06, 0.909209
