0, -0, 0.909209
0, -1.2e-07, 0.575488
0, -2.4e-07, 0.575475
0, -3.6e-07, 0.575475
0, -4.8e-07, 0.575475
0, -6e-07, 0.575475
0, -7.2e-07, 0.575475
0, -8.4e-07, 0.575475
0, -9.6e-07, 0.575475
0, -1.08e-06, 0.575485
0, -1.2e-06, 1.03374
0, -1.32e-06, 1.03374
0, -1.44e-06, 1.03374
0, -1.56e-06, 1.03374
0, -1.68e-06, 1.03374
0, -1.8e-06, 1.03374
0, -1.92e-06, 1.03374
0, -2.04e-06, 1.03374
0, -2.16e-06, 1.03374
0, -2.28e-06, 1.03374
0, -2.4e-06, 1.03374
0, -2.52e-06, 0.575485
0, -2.64e-06, 0.575475
0, -2.76e-06, 0.575475
0, -2.88e-06, 0.575475
0, -3e-06, 0.575475
0, -3.12e-06, 0.575475
0, -3.24e-06, 0.575475
0, -3.36e-06, 0.575475
0, -3.48e-06, 0.575488
0, -3.6e-06, 0.909209
1e-10, -0, 0.909209
1e-10, -1.2e-07, 0.575488
1e-10, -2.4e-07, 0.575475
1e-10, -3.6e-07, 0.575475
1e-10, -4.8e-07, 0.575475
1e-10, -6e-07, 0.575475
1e-10, -7.2e-07, 0.575475
1e-10, -8.4e-07, 0.575475
1e-10, -9.6e-07, 0.575475
1e-10, -1.08e-06, 0.575485
1e-10, -1.2e-06, 0.985173
1e-10, -1.32e-06, 0.985194
1e-10, -1.44e-06, 0.985194
1e-10, -1.56e-06, 0.985194
1e-10, -1.68e-06, 0.985194
1e-10, -1.8e-06, 0.985194
1e-10, -1.92e-06, 0.985194
1e-10, -2.04e-06, 0.985194
1e-10, -2.16e-06, 0.985194
1e-10, -2.28e-06, 0.985194
1e-10, -2.4e-06, 0.985173
1e-10, -2.52e-06, 0.575485
1e-10, -2.64e-06, 0.575475
1e-10, -2.76e-06, 0.575475
1e-10, -2.88e-06, 0.575475
1e-10, -3e-06, 0.575475
1e-10, -3.12e-06, 0.575475
1e-10, -3.24e-06, 0.575475
1e-10, -3.36e-06, 0.575475
1e-10, -3.48e-06, 0.575488
1e-10, -3.6e-06, 0.909209
2e-10, -0, 0.90921
2e-10, -1.2e-07, 0.575488
2e-10, -2.4e-07, 0.575475
2e-10, -3.6e-07, 0.575475
2e-10, -4.8e-07, 0.575475
2e-10, -6e-07, 0.575475
2e-10, -7.2e-07, 0.575475
2e-10, -8.4e-07, 0.575475
2e-10, -9.6e-07, 0.575475
2e-10, -1.08e-06, 0.575485
2e-10, -1.2e-06, 0.936606
2e-10, -1.32e-06, 0.936648
2e-10, -1.44e-06, 0.936648
2e-10, -1.56e-06, 0.936648
2e-10, -1.68e-06, 0.936648
2e-10, -1.8e-06, 0.936648
2e-10, -1.92e-06, 0.936648
2e-10, -2.04e-06, 0.936648
2e-10, -2.16e-06, 0.936648
2e-10, -2.28e-06, 0.936648
2e-10, -2.4e-06, 0.936606
2e-10, -2.52e-06, 0.575485
2e-10, -2.64e-06, 0.575475
2e-10, -2.76e-06, 0.575475
2e-10, -2.88e-06, 0.575475
2e-10, -3e-06, 0.575475
2e-10, -3.12e-06, 0.575475
2e-10, -3.24e-06, 0.575475
2e-10, -3.36e-06, 0.575475
2e-10, -3.48e-06, 0.575488
2e-10, -3.6e-06, 0.90921
3e-10, -0, 0.909211
3e-10, -1.2e-07, 0.575487
3e-10, -2.4e-07, 0.575475
3e-10, -3.6e-07, 0.575475
3e-10, -4.8e-07, 0.575475
3e-10, -6e-07, 0.575475
3e-10, -7.2e-07, 0.575475
3e-10, -8.4e-07, 0.575475
3e-10, -9.6e-07, 0.575475
3e-10, -1.08e-06, 0.575484
3e-10, -1.2e-06, 0.88804
3e-10, -1.32e-06, 0.888102
3e-10, -1.44e-06, 0.888102
3e-10, -1.56e-06, 0.888102
3e-10, -1.68e-06, 0.888102
3e-10, -1.8e-06, 0.888102
3e-10, -1.92e-06, 0.888102
3e-10, -2.04e-06, 0.888102
3e-10, -2.16e-06, 0.888102
3e-10, -2.28e-06, 0.888102
3e-10, -2.4e-06, 0.88804
3e-10, -2.52e-06, 0.575484
3e-10, -2.64e-06, 0.575475
3e-10, -2.76e-06, 0.575475
3e-10, -2.88e-06, 0.575475
3e-10, -3e-06, 0.575475
3e-10, -3.12e-06, 0.575475
3e-10, -3.24e-06, 0.575475
3e-10, -3.36e-06, 0.575475
3e-10, -3.48e-06, 0.575487
3e-10, -3.6e-06, 0.909211
4e-10, -0, 0.909213
4e-10, -1.2e-07, 0.575486
4e-10, -2.4e-07, 0.575475
4e-10, -3.6e-07, 0.575475
4e-10, -4.8e-07, 0.575475
4e-10, -6e-07, 0.575475
4e-10, -7.2e-07, 0.575475
4e-10, -8.4e-07, 0.575475
4e-10, -9.6e-07, 0.575475
4e-10, -1.08e-06, 0.575483
4e-10, -1.2e-06, 0.839474
4e-10, -1.32e-06, 0.839556
4e-10, -1.44e-06, 0.839556
4e-10, -1.56e-06, 0.839556
4e-10, -1.68e-06, 0.839556
4e-10, -1.8e-06, 0.839556
4e-10, -1.92e-06, 0.839556
4e-10, -2.04e-06, 0.839556
4e-10, -2.16e-06, 0.839556
4e-10, -2.28e-06, 0.839556
4e-10, -2.4e-06, 0.839474
4e-10, -2.52e-06, 0.575483
4e-10, -2.64e-06, 0.575475
4e-10, -2.76e-06, 0.575475
4e-10, -2.88e-06, 0.575475
4e-10, -3e-06, 0.575475
4e-10, -3.12e-06, 0.575475
4e-10, -3.24e-06, 0.575475
4e-10, -3.36e-06, 0.575475
4e-10, -3.48e-06, 0.575486
4e-10, -3.6e-06, 0.909213
5e-10, -0, 0.909215
5e-10, -1.2e-07, 0.575485
5e-10, -2.4e-07, 0.575475
5e-10, -3.6e-07, 0.575475
5e-10, -4.8e-07, 0.575475
5e-10, -6e-07, 0.575475
5e-10, -7.2e-07, 0.575475
5e-10, -8.4e-07, 0.575475
5e-10, -9.6e-07, 0.575475
5e-10, -1.08e-06, 0.575482
5e-10, -1.2e-06, 0.790908
5e-10, -1.32e-06, 0.79101
5e-10, -1.44e-06, 0.79101
5e-10, -1.56e-06, 0.79101
5e-10, -1.68e-06, 0.79101
5e-10, -1.8e-06, 0.79101
5e-10, -1.92e-06, 0.79101
5e-10, -2.04e-06, 0.79101
5e-10, -2.16e-06, 0.79101
5e-10, -2.28e-06, 0.79101
5e-10, -2.4e-06, 0.790908
5e-10, -2.52e-06, 0.575482
5e-10, -2.64e-06, 0.575475
5e-10, -2.76e-06, 0.575475
5e-10, -2.88e-06, 0.575475
5e-10, -3e-06, 0.575475
5e-10, -3.12e-06, 0.575475
5e-10, -3.24e-06, 0.575475
5e-10, -3.36e-06, 0.575475
5e-10, -3.48e-06, 0.575485
5e-10, -3.6e-06, 0.909215
6e-10, -0, 0.909215
6e-10, -1.2e-07, 0.575485
6e-10, -2.4e-07, 0.575475
6e-10, -3.6e-07, 0.575475
6e-10, -4.8e-07, 0.575475
6e-10, -6e-07, 0.575475
6e-10, -7.2e-07, 0.575475
6e-10, -8.4e-07, 0.575475
6e-10, -9.6e-07, 0.575475
6e-10, -1.08e-06, 0.575482
6e-10, -1.2e-06, 0.774719
6e-10, -1.32e-06, 0.774828
6e-10, -1.44e-06, 0.774828
6e-10, -1.56e-06, 0.774828
6e-10, -1.68e-06, 0.774828
6e-10, -1.8e-06, 0.774828
6e-10, -1.92e-06, 0.774828
6e-10, -2.04e-06, 0.774828
6e-10, -2.16e-06, 0.774828
6e-10, -2.28e-06, 0.774828
6e-10, -2.4e-06, 0.774719
6e-10, -2.52e-06, 0.575482
6e-10, -2.64e-06, 0.575475
6e-10, -2.76e-06, 0.575475
6e-10, -2.88e-06, 0.575475
6e-10, -3e-06, 0.575475
6e-10, -3.12e-06, 0.575475
6e-10, -3.24e-06, 0.575475
6e-10, -3.36e-06, 0.575475
6e-10, -3.48e-06, 0.575485
6e-10, -3.6e-06, 0.909215
7e-10, -0, 0.909215
7e-10, -1.2e-07, 0.575485
7e-10, -2.4e-07, 0.575475
7e-10, -3.6e-07, 0.575475
7e-10, -4.8e-07, 0.575475
7e-10, -6e-07, 0.575475
7e-10, -7.2e-07, 0.575475
7e-10, -8.4e-07, 0.575475
7e-10, -9.6e-07, 0.575475
7e-10, -1.08e-06, 0.575481
7e-10, -1.2e-06, 0.773016
7e-10, -1.32e-06, 0.773132
7e-10, -1.44e-06, 0.773132
7e-10, -1.56e-06, 0.773132
7e-10, -1.68e-06, 0.773132
7e-10, -1.8e-06, 0.773132
7e-10, -1.92e-06, 0.773132
7e-10, -2.04e-06, 0.773132
7e-10, -2.16e-06, 0.773132
7e-10, -2.28e-06, 0.773132
7e-10, -2.4e-06, 0.773016
7e-10, -2.52e-06, 0.575481
7e-10, -2.64e-06, 0.575475
7e-10, -2.76e-06, 0.575475
7e-10, -2.88e-06, 0.575475
7e-10, -3e-06, 0.575475
7e-10, -3.12e-06, 0.575475
7e-10, -3.24e-06, 0.575475
7e-10, -3.36e-06, 0.575475
7e-10, -3.48e-06, 0.575485
7e-10, -3.6e-06, 0.909215
8e-10, -0, 0.909215
8e-10, -1.2e-07, 0.575484
8e-10, -2.4e-07, 0.575475
8e-10, -3.6e-07, 0.575475
8e-10, -4.8e-07, 0.575475
8e-10, -6e-07, 0.575475
8e-10, -7.2e-07, 0.575475
8e-10, -8.4e-07, 0.575475
8e-10, -9.6e-07, 0.575475
8e-10, -1.08e-06, 0.575481
8e-10, -1.2e-06, 0.771499
8e-10, -1.32e-06, 0.771621
8e-10, -1.44e-06, 0.771621
8e-10, -1.56e-06, 0.771621
8e-10, -1.68e-06, 0.771621
8e-10, -1.8e-06, 0.771621
8e-10, -1.92e-06, 0.771621
8e-10, -2.04e-06, 0.771621
8e-10, -2.16e-06, 0.771621
8e-10, -2.28e-06, 0.771621
8e-10, -2.4e-06, 0.771499
8e-10, -2.52e-06, 0.575481
8e-10, -2.64e-06, 0.575475
8e-10, -2.76e-06, 0.575475
8e-10, -2.88e-06, 0.575475
8e-10, -3e-06, 0.575475
8e-10, -3.12e-06, 0.575475
8e-10, -3.24e-06, 0.575475
8e-10, -3.36e-06, 0.575475
8e-10, -3.48e-06, 0.575484
8e-10, -3.6e-06, 0.909215
9e-10, -0, 0.909215
9e-10, -1.2e-07, 0.575484
9e-10, -2.4e-07, 0.575475
9e-10, -3.6e-07, 0.575475
9e-10, -4.8e-07, 0.575475
9e-10, -6e-07, 0.575475
9e-10, -7.2e-07, 0.575475
9e-10, -8.4e-07, 0.575475
9e-10, -9.6e-07, 0.575475
9e-10, -1.08e-06, 0.575481
9e-10, -1.2e-06, 0.770051
9e-10, -1.32e-06, 0.770179
9e-10, -1.44e-06, 0.770179
9e-10, -1.56e-06, 0.770179
9e-10, -1.68e-06, 0.770179
9e-10, -1.8e-06, 0.770179
9e-10, -1.92e-06, 0.770179
9e-10, -2.04e-06, 0.770179
9e-10, -2.16e-06, 0.770179
9e-10, -2.28e-06, 0.770179
9e-10, -2.4e-06, 0.770051
9e-10, -2.52e-06, 0.575481
9e-10, -2.64e-06, 0.575475
9e-10, -2.76e-06, 0.575475
9e-10, -2.88e-06, 0.575475
9e-10, -3e-06, 0.575475
9e-10, -3.12e-06, 0.575475
9e-10, -3.24e-06, 0.575475
9e-10, -3.36e-06, 0.575475
9e-10, -3.48e-06, 0.575484
9e-10, -3.6e-06, 0.909215
1e-09, -0, 0.909215
1e-09, -1.2e-07, 0.575484
1e-09, -2.4e-07, 0.575475
1e-09, -3.6e-07, 0.575475
1e-09, -4.8e-07, 0.575475
1e-09, -6e-07, 0.575475
1e-09, -7.2e-07, 0.575475
1e-09, -8.4e-07, 0.575475
1e-09, -9.6e-07, 0.575475
1e-09, -1.08e-06, 0.575481
1e-09, -1.2e-06, 0.768672
1e-09, -1.32e-06, 0.768805
1e-09, -1.44e-06, 0.768805
1e-09, -1.56e-06, 0.768805
1e-09, -1.68e-06, 0.768805
1e-09, -1.8e-06, 0.768805
1e-09, -1.92e-06, 0.768805
1e-09, -2.04e-06, 0.768805
1e-09, -2.16e-06, 0.768805
1e-09, -2.28e-06, 0.768805
1e-09, -2.4e-06, 0.768672
1e-09, -2.52e-06, 0.575481
1e-09, -2.64e-06, 0.575475
1e-09, -2.76e-06, 0.575475
1e-09, -2.88e-06, 0.575475
1e-09, -3e-06, 0.575475
1e-09, -3.12e-06, 0.575475
1e-09, -3.24e-06, 0.575475
1e-09, -3.36e-06, 0.575475
1e-09, -3.48e-06, 0.575484
1e-09, -3.6e-06, 0.909215
1.1e-09, -0, 0.909215
1.1e-09, -1.2e-07, 0.575484
1.1e-09, -2.4e-07, 0.575475
1.1e-09, -3.6e-07, 0.575475
1.1e-09, -4.8e-07, 0.575475
1.1e-09, -6e-07, 0.575475
1.1e-09, -7.2e-07, 0.575475
1.1e-09, -8.4e-07, 0.575475
1.1e-09, -9.6e-07, 0.575475
1.1e-09, -1.08e-06, 0.575481
1.1e-09, -1.2e-06, 0.767361
1.1e-09, -1.32e-06, 0.7675
1.1e-09, -1.44e-06, 0.7675
1.1e-09, -1.56e-06, 0.7675
1.1e-09, -1.68e-06, 0.7675
1.1e-09, -1.8e-06, 0.7675
1.1e-09, -1.92e-06, 0.7675
1.1e-09, -2.04e-06, 0.7675
1.1e-09, -2.16e-06, 0.7675
1.1e-09, -2.28e-06, 0.7675
1.1e-09, -2.4e-06, 0.767361
1.1e-09, -2.52e-06, 0.575481
1.1e-09, -2.64e-06, 0.575475
1.1e-09, -2.76e-06, 0.575475
1.1e-09, -2.88e-06, 0.575475
1.1e-09, -3e-06, 0.575475
1.1e-09, -3.12e-06, 0.575475
1.1e-09, -3.24e-06, 0.575475
1.1e-09, -3.36e-06, 0.575475
1.1e-09, -3.48e-06, 0.575484
1.1e-09, -3.6e-06, 0.909215
1.2e-09, -0, 0.909215
1.2e-09, -1.2e-07, 0.575484
1.2e-09, -2.4e-07, 0.575475
1.2e-09, -3.6e-07, 0.575475
1.2e-09, -4.8e-07, 0.575475
1.2e-09, -6e-07, 0.575475
1.2e-09, -7.2e-07, 0.575475
1.2e-09, -8.4e-07, 0.575475
1.2e-09, -9.6e-07, 0.575475
1.2e-09, -1.08e-06, 0.57548
1.2e-09, -1.2e-06, 0.766118
1.2e-09, -1.32e-06, 0.766262
1.2e-09, -1.44e-06, 0.766262
1.2e-09, -1.56e-06, 0.766262
1.2e-09, -1.68e-06, 0.766262
1.2e-09, -1.8e-06, 0.766262
1.2e-09, -1.92e-06, 0.766262
1.2e-09, -2.04e-06, 0.766262
1.2e-09, -2.16e-06, 0.766262
1.2e-09, -2.28e-06, 0.766262
1.2e-09, -2.4e-06, 0.766118
1.2e-09, -2.52e-06, 0.57548
1.2e-09, -2.64e-06, 0.575475
1.2e-09, -2.76e-06, 0.575475
1.2e-09, -2.88e-06, 0.575475
1.2e-09, -3e-06, 0.575475
1.2e-09, -3.12e-06, 0.575475
1.2e-09, -3.24e-06, 0.575475
1.2e-09, -3.36e-06, 0.575475
1.2e-09, -3.48e-06, 0.575484
1.2e-09, -3.6e-06, 0.909215
1.3e-09, -0, 0.909215
1.3e-09, -1.2e-07, 0.575484
1.3e-09, -2.4e-07, 0.575475
1.3e-09, -3.6e-07, 0.575475
1.3e-09, -4.8e-07, 0.575475
1.3e-09, -6e-07, 0.575475
1.3e-09, -7.2e-07, 0.575475
1.3e-09, -8.4e-07, 0.575475
1.3e-09, -9.6e-07, 0.575475
1.3e-09, -1.08e-06, 0.57548
1.3e-09, -1.2e-06, 0.764944
1.3e-09, -1.32e-06, 0.765092
1.3e-09, -1.44e-06, 0.765092
1.3e-09, -1.56e-06, 0.765092
1.3e-09, -1.68e-06, 0.765092
1.3e-09, -1.8e-06, 0.765092
1.3e-09, -1.92e-06, 0.765092
1.3e-09, -2.04e-06, 0.765092
1.3e-09, -2.16e-06, 0.765092
1.3e-09, -2.28e-06, 0.765092
1.3e-09, -2.4e-06, 0.764944
1.3e-09, -2.52e-06, 0.57548
1.3e-09, -2.64e-06, 0.575475
1.3e-09, -2.76e-06, 0.575475
1.3e-09, -2.88e-06, 0.575475
1.3e-09, -3e-06, 0.575475
1.3e-09, -3.12e-06, 0.575475
1.3e-09, -3.24e-06, 0.575475
1.3e-09, -3.36e-06, 0.575475
1.3e-09, -3.48e-06, 0.575484
1.3e-09, -3.6e-06, 0.909215
1.4e-09, -0, 0.909215
1.4e-09, -1.2e-07, 0.575484
1.4e-09, -2.4e-07, 0.575475
1.4e-09, -3.6e-07, 0.575475
1.4e-09, -4.8e-07, 0.575475
1.4e-09, -6e-07, 0.575475
1.4e-09, -7.2e-07, 0.575475
1.4e-09, -8.4e-07, 0.575475
1.4e-09, -9.6e-07, 0.575475
1.4e-09, -1.08e-06, 0.57548
1.4e-09, -1.2e-06, 0.763837
1.4e-09, -1.32e-06, 0.763989
1.4e-09, -1.44e-06, 0.76399
1.4e-09, -1.56e-06, 0.76399
1.4e-09, -1.68e-06, 0.76399
1.4e-09, -1.8e-06, 0.76399
1.4e-09, -1.92e-06, 0.76399
1.4e-09, -2.04e-06, 0.76399
1.4e-09, -2.16e-06, 0.76399
1.4e-09, -2.28e-06, 0.763989
1.4e-09, -2.4e-06, 0.763837
1.4e-09, -2.52e-06, 0.57548
1.4e-09, -2.64e-06, 0.575475
1.4e-09, -2.76e-06, 0.575475
1.4e-09, -2.88e-06, 0.575475
1.4e-09, -3e-06, 0.575475
1.4e-09, -3.12e-06, 0.575475
1.4e-09, -3.24e-06, 0.575475
1.4e-09, -3.36e-06, 0.575475
1.4e-09, -3.48e-06, 0.575484
1.4e-09, -3.6e-06, 0.909215
1.5e-09, -0, 0.909215
1.5e-09, -1.2e-07, 0.575483
1.5e-09, -2.4e-07, 0.575475
1.5e-09, -3.6e-07, 0.575475
1.5e-09, -4.8e-07, 0.575475
1.5e-09, -6e-07, 0.575475
1.5e-09, -7.2e-07, 0.575475
1.5e-09, -8.4e-07, 0.575475
1.5e-09, -9.6e-07, 0.575475
1.5e-09, -1.08e-06, 0.57548
1.5e-09, -1.2e-06, 0.762798
1.5e-09, -1.32e-06, 0.762955
1.5e-09, -1.44e-06, 0.762955
1.5e-09, -1.56e-06, 0.762955
1.5e-09, -1.68e-06, 0.762955
1.5e-09, -1.8e-06, 0.762955
1.5e-09, -1.92e-06, 0.762955
1.5e-09, -2.04e-06, 0.762955
1.5e-09, -2.16e-06, 0.762955
1.5e-09, -2.28e-06, 0.762955
1.5e-09, -2.4e-06, 0.762798
1.5e-09, -2.52e-06, 0.57548
1.5e-09, -2.64e-06, 0.575475
1.5e-09, -2.76e-06, 0.575475
1.5e-09, -2.88e-06, 0.575475
1.5e-09, -3e-06, 0.575475
1.5e-09, -3.12e-06, 0.575475
1.5e-09, -3.24e-06, 0.575475
1.5e-09, -3.36e-06, 0.575475
1.5e-09, -3.48e-06, 0.575483
1.5e-09, -3.6e-06, 0.909215
1.6e-09, -0, 0.909215
1.6e-09, -1.2e-07, 0.575483
1.6e-09, -2.4e-07, 0.575475
1.6e-09, -3.6e-07, 0.575475
1.6e-09, -4.8e-07, 0.575475
1.6e-09, -6e-07, 0.575475
1.6e-09, -7.2e-07, 0.575475
1.6e-09, -8.4e-07, 0.575475
1.6e-09, -9.6e-07, 0.575475
1.6e-09, -1.08e-06, 0.57548
1.6e-09, -1.2e-06, 0.761826
1.6e-09, -1.32e-06, 0.761987
1.6e-09, -1.44e-06, 0.761987
1.6e-09, -1.56e-06, 0.761987
1.6e-09, -1.68e-06, 0.761987
1.6e-09, -1.8e-06, 0.761987
1.6e-09, -1.92e-06, 0.761987
1.6e-09, -2.04e-06, 0.761987
1.6e-09, -2.16e-06, 0.761987
1.6e-09, -2.28e-06, 0.761987
1.6e-09, -2.4e-06, 0.761826
1.6e-09, -2.52e-06, 0.57548
1.6e-09, -2.64e-06, 0.575475
1.6e-09, -2.76e-06, 0.575475
1.6e-09, -2.88e-06, 0.575475
1.6e-09, -3e-06, 0.575475
1.6e-09, -3.12e-06, 0.575475
1.6e-09, -3.24e-06, 0.575475
1.6e-09, -3.36e-06, 0.575475
1.6e-09, -3.48e-06, 0.575483
1.6e-09, -3.6e-06, 0.909215
1.7e-09, -0, 0.909215
1.7e-09, -1.2e-07, 0.575483
1.7e-09, -2.4e-07, 0.575475
1.7e-09, -3.6e-07, 0.575475
1.7e-09, -4.8e-07, 0.575475
1.7e-09, -6e-07, 0.575475
1.7e-09, -7.2e-07, 0.575475
1.7e-09, -8.4e-07, 0.575475
1.7e-09, -9.6e-07, 0.575475
1.7e-09, -1.08e-06, 0.57548
1.7e-09, -1.2e-06, 0.760922
1.7e-09, -1.32e-06, 0.761087
1.7e-09, -1.44e-06, 0.761087
1.7e-09, -1.56e-06, 0.761087
1.7e-09, -1.68e-06, 0.761087
1.7e-09, -1.8e-06, 0.761087
1.7e-09, -1.92e-06, 0.761087
1.7e-09, -2.04e-06, 0.761087
1.7e-09, -2.16e-06, 0.761087
1.7e-09, -2.28e-06, 0.761087
1.7e-09, -2.4e-06, 0.760922
1.7e-09, -2.52e-06, 0.57548
1.7e-09, -2.64e-06, 0.575475
1.7e-09, -2.76e-06, 0.575475
1.7e-09, -2.88e-06, 0.575475
1.7e-09, -3e-06, 0.575475
1.7e-09, -3.12e-06, 0.575475
1.7e-09, -3.24e-06, 0.575475
1.7e-09, -3.36e-06, 0.575475
1.7e-09, -3.48e-06, 0.575483
1.7e-09, -3.6e-06, 0.909215
1.8e-09, -0, 0.909215
1.8e-09, -1.2e-07, 0.575483
1.8e-09, -2.4e-07, 0.575475
1.8e-09, -3.6e-07, 0.575475
1.8e-09, -4.8e-07, 0.575475
1.8e-09, -6e-07, 0.575475
1.8e-09, -7.2e-07, 0.575475
1.8e-09, -8.4e-07, 0.575475
1.8e-09, -9.6e-07, 0.575475
1.8e-09, -1.08e-06, 0.57548
1.8e-09, -1.2e-06, 0.760086
1.8e-09, -1.32e-06, 0.760253
1.8e-09, -1.44e-06, 0.760253
1.8e-09, -1.56e-06, 0.760253
1.8e-09, -1.68e-06, 0.760253
1.8e-09, -1.8e-06, 0.760253
1.8e-09, -1.92e-06, 0.760253
1.8e-09, -2.04e-06, 0.760253
1.8e-09, -2.16e-06, 0.760253
1.8e-09, -2.28e-06, 0.760253
1.8e-09, -2.4e-06, 0.760086
1.8e-09, -2.52e-06, 0.57548
1.8e-09, -2.64e-06, 0.575475
1.8e-09, -2.76e-06, 0.575475
1.8e-09, -2.88e-06, 0.575475
1.8e-09, -3e-06, 0.575475
1.8e-09, -3.12e-06, 0.575475
1.8e-09, -3.24e-06, 0.575475
1.8e-09, -3.36e-06, 0.575475
1.8e-09, -3.48e-06, 0.575483
1.8e-09, -3.6e-06, 0.909215
1.9e-09, -0, 0.909215
1.9e-09, -1.2e-07, 0.575483
1.9e-09, -2.4e-07, 0.575475
1.9e-09, -3.6e-07, 0.575475
1.9e-09, -4.8e-07, 0.575475
1.9e-09, -6e-07, 0.575475
1.9e-09, -7.2e-07, 0.575475
1.9e-09, -8.4e-07, 0.575475
1.9e-09, -9.6e-07, 0.575475
1.9e-09, -1.08e-06, 0.57548
1.9e-09, -1.2e-06, 0.759317
1.9e-09, -1.32e-06, 0.759487
1.9e-09, -1.44e-06, 0.759487
1.9e-09, -1.56e-06, 0.759487
1.9e-09, -1.68e-06, 0.759487
1.9e-09, -1.8e-06, 0.759487
1.9e-09, -1.92e-06, 0.759487
1.9e-09, -2.04e-06, 0.759487
1.9e-09, -2.16e-06, 0.759487
1.9e-09, -2.28e-06, 0.759487
1.9e-09, -2.4e-06, 0.759317
1.9e-09, -2.52e-06, 0.57548
1.9e-09, -2.64e-06, 0.575475
1.9e-09, -2.76e-06, 0.575475
1.9e-09, -2.88e-06, 0.575475
1.9e-09, -3e-06, 0.575475
1.9e-09, -3.12e-06, 0.575475
1.9e-09, -3.24e-06, 0.575475
1.9e-09, -3.36e-06, 0.575475
1.9e-09, -3.48e-06, 0.575483
1.9e-09, -3.6e-06, 0.909215
2e-09, -0, 0.909215
2e-09, -1.2e-07, 0.575483
2e-09, -2.4e-07, 0.575475
2e-09, -3.6e-07, 0.575475
2e-09, -4.8e-07, 0.575475
2e-09, -6e-07, 0.575475
2e-09, -7.2e-07, 0.575475
2e-09, -8.4e-07, 0.575475
2e-09, -9.6e-07, 0.575475
2e-09, -1.08e-06, 0.57548
2e-09, -1.2e-06, 0.758615
2e-09, -1.32e-06, 0.758788
2e-09, -1.44e-06, 0.758788
2e-09, -1.56e-06, 0.758788
2e-09, -1.68e-06, 0.758788
2e-09, -1.8e-06, 0.758788
2e-09, -1.92e-06, 0.758788
2e-09, -2.04e-06, 0.758788
2e-09, -2.16e-06, 0.758788
2e-09, -2.28e-06, 0.758788
2e-09, -2.4e-06, 0.758615
2e-09, -2.52e-06, 0.57548
2e-09, -2.64e-06, 0.575475
2e-09, -2.76e-06, 0.575475
2e-09, -2.88e-06, 0.575475
2e-09, -3e-06, 0.575475
2e-09, -3.12e-06, 0.575475
2e-09, -3.24e-06, 0.575475
2e-09, -3.36e-06, 0.575475
2e-09, -3.48e-06, 0.575483
2e-09, -3.6e-06, 0.909215
2.1e-09, -0, 0.909215
2.1e-09, -1.2e-07, 0.575483
2.1e-09, -2.4e-07, 0.575475
2.1e-09, -3.6e-07, 0.575475
2.1e-09, -4.8e-07, 0.575475
2.1e-09, -6e-07, 0.575475
2.1e-09, -7.2e-07, 0.575475
2.1e-09, -8.4e-07, 0.575475
2.1e-09, -9.6e-07, 0.575475
2.1e-09, -1.08e-06, 0.57548
2.1e-09, -1.2e-06, 0.75798
2.1e-09, -1.32e-06, 0.758156
2.1e-09, -1.44e-06, 0.758156
2.1e-09, -1.56e-06, 0.758156
2.1e-09, -1.68e-06, 0.758156
2.1e-09, -1.8e-06, 0.758156
2.1e-09, -1.92e-06, 0.758156
2.1e-09, -2.04e-06, 0.758156
2.1e-09, -2.16e-06, 0.758156
2.1e-09, -2.28e-06, 0.758156
2.1e-09, -2.4e-06, 0.75798
2.1e-09, -2.52e-06, 0.57548
2.1e-09, -2.64e-06, 0.575475
2.1e-09, -2.76e-06, 0.575475
2.1e-09, -2.88e-06, 0.575475
2.1e-09, -3e-06, 0.575475
2.1e-09, -3.12e-06, 0.575475
2.1e-09, -3.24e-06, 0.575475
2.1e-09, -3.36e-06, 0.575475
2.1e-09, -3.48e-06, 0.575483
2.1e-09, -3.6e-06, 0.909215
2.2e-09, -0, 0.909215
2.2e-09, -1.2e-07, 0.575483
2.2e-09, -2.4e-07, 0.575475
2.2e-09, -3.6e-07, 0.575475
2.2e-09, -4.8e-07, 0.575475
2.2e-09, -6e-07, 0.575475
2.2e-09, -7.2e-07, 0.575475
2.2e-09, -8.4e-07, 0.575475
2.2e-09, -9.6e-07, 0.575475
2.2e-09, -1.08e-06, 0.57548
2.2e-09, -1.2e-06, 0.757412
2.2e-09, -1.32e-06, 0.75759
2.2e-09, -1.44e-06, 0.75759
2.2e-09, -1.56e-06, 0.75759
2.2e-09, -1.68e-06, 0.75759
2.2e-09, -1.8e-06, 0.75759
2.2e-09, -1.92e-06, 0.75759
2.2e-09, -2.04e-06, 0.75759
2.2e-09, -2.16e-06, 0.75759
2.2e-09, -2.28e-06, 0.75759
2.2e-09, -2.4e-06, 0.757412
2.2e-09, -2.52e-06, 0.57548
2.2e-09, -2.64e-06, 0.575475
2.2e-09, -2.76e-06, 0.575475
2.2e-09, -2.88e-06, 0.575475
2.2e-09, -3e-06, 0.575475
2.2e-09, -3.12e-06, 0.575475
2.2e-09, -3.24e-06, 0.575475
2.2e-09, -3.36e-06, 0.575475
2.2e-09, -3.48e-06, 0.575483
2.2e-09, -3.6e-06, 0.909215
2.3e-09, -0, 0.909215
2.3e-09, -1.2e-07, 0.575483
2.3e-09, -2.4e-07, 0.575475
2.3e-09, -3.6e-07, 0.575475
2.3e-09, -4.8e-07, 0.575475
2.3e-09, -6e-07, 0.575475
2.3e-09, -7.2e-07, 0.575475
2.3e-09, -8.4e-07, 0.575475
2.3e-09, -9.6e-07, 0.575475
2.3e-09, -1.08e-06, 0.57548
2.3e-09, -1.2e-06, 0.756911
2.3e-09, -1.32e-06, 0.757091
2.3e-09, -1.44e-06, 0.757091
2.3e-09, -1.56e-06, 0.757091
2.3e-09, -1.68e-06, 0.757091
2.3e-09, -1.8e-06, 0.757091
2.3e-09, -1.92e-06, 0.757091
2.3e-09, -2.04e-06, 0.757091
2.3e-09, -2.16e-06, 0.757091
2.3e-09, -2.28e-06, 0.757091
2.3e-09, -2.4e-06, 0.756911
2.3e-09, -2.52e-06, 0.57548
2.3e-09, -2.64e-06, 0.575475
2.3e-09, -2.76e-06, 0.575475
2.3e-09, -2.88e-06, 0.575475
2.3e-09, -3e-06, 0.575475
2.3e-09, -3.12e-06, 0.575475
2.3e-09, -3.24e-06, 0.575475
2.3e-09, -3.36e-06, 0.575475
2.3e-09, -3.48e-06, 0.575483
2.3e-09, -3.6e-06, 0.909215
2.4e-09, -0, 0.909215
2.4e-09, -1.2e-07, 0.575483
2.4e-09, -2.4e-07, 0.575475
2.4e-09, -3.6e-07, 0.575475
2.4e-09, -4.8e-07, 0.575475
2.4e-09, -6e-07, 0.575475
2.4e-09, -7.2e-07, 0.575475
2.4e-09, -8.4e-07, 0.575475
2.4e-09, -9.6e-07, 0.575475
2.4e-09, -1.08e-06, 0.57548
2.4e-09, -1.2e-06, 0.756477
2.4e-09, -1.32e-06, 0.756659
2.4e-09, -1.44e-06, 0.756659
2.4e-09, -1.56e-06, 0.756659
2.4e-09, -1.68e-06, 0.756659
2.4e-09, -1.8e-06, 0.756659
2.4e-09, -1.92e-06, 0.756659
2.4e-09, -2.04e-06, 0.756659
2.4e-09, -2.16e-06, 0.756659
2.4e-09, -2.28e-06, 0.756659
2.4e-09, -2.4e-06, 0.756477
2.4e-09, -2.52e-06, 0.57548
2.4e-09, -2.64e-06, 0.575475
2.4e-09, -2.76e-06, 0.575475
2.4e-09, -2.88e-06, 0.575475
2.4e-09, -3e-06, 0.575475
2.4e-09, -3.12e-06, 0.575475
2.4e-09, -3.24e-06, 0.575475
2.4e-09, -3.36e-06, 0.575475
2.4e-09, -3.48e-06, 0.575483
2.4e-09, -3.6e-06, 0.909215
2.5e-09, -0, 0.909215
2.5e-09, -1.2e-07, 0.575483
2.5e-09, -2.4e-07, 0.575475
2.5e-09, -3.6e-07, 0.575475
2.5e-09, -4.8e-07, 0.575475
2.5e-09, -6e-07, 0.575475
2.5e-09, -7.2e-07, 0.575475
2.5e-09, -8.4e-07, 0.575475
2.5e-09, -9.6e-07, 0.575475
2.5e-09, -1.08e-06, 0.57548
2.5e-09, -1.2e-06, 0.75611
2.5e-09, -1.32e-06, 0.756293
2.5e-09, -1.44e-06, 0.756293
2.5e-09, -1.56e-06, 0.756293
2.5e-09, -1.68e-06, 0.756293
2.5e-09, -1.8e-06, 0.756293
2.5e-09, -1.92e-06, 0.756293
2.5e-09, -2.04e-06, 0.756293
2.5e-09, -2.16e-06, 0.756293
2.5e-09, -2.28e-06, 0.756293
2.5e-09, -2.4e-06, 0.75611
2.5e-09, -2.52e-06, 0.57548
2.5e-09, -2.64e-06, 0.575475
2.5e-09, -2.76e-06, 0.575475
2.5e-09, -2.88e-06, 0.575475
2.5e-09, -3e-06, 0.575475
2.5e-09, -3.12e-06, 0.575475
2.5e-09, -3.24e-06, 0.575475
2.5e-09, -3.36e-06, 0.575475
2.5e-09, -3.48e-06, 0.575483
2.5e-09, -3.6e-06, 0.909215
2.6e-09, -0, 0.909215
2.6e-09, -1.2e-07, 0.575483
2.6e-09, -2.4e-07, 0.575475
2.6e-09, -3.6e-07, 0.575475
2.6e-09, -4.8e-07, 0.575475
2.6e-09, -6e-07, 0.575475
2.6e-09, -7.2e-07, 0.575475
2.6e-09, -8.4e-07, 0.575475
2.6e-09, -9.6e-07, 0.575475
2.6e-09, -1.08e-06, 0.57548
2.6e-09, -1.2e-06, 0.755809
2.6e-09, -1.32e-06, 0.755994
2.6e-09, -1.44e-06, 0.755994
2.6e-09, -1.56e-06, 0.755994
2.6e-09, -1.68e-06, 0.755994
2.6e-09, -1.8e-06, 0.755994
2.6e-09, -1.92e-06, 0.755994
2.6e-09, -2.04e-06, 0.755994
2.6e-09, -2.16e-06, 0.755994
2.6e-09, -2.28e-06, 0.755994
2.6e-09, -2.4e-06, 0.755809
2.6e-09, -2.52e-06, 0.57548
2.6e-09, -2.64e-06, 0.575475
2.6e-09, -2.76e-06, 0.575475
2.6e-09, -2.88e-06, 0.575475
2.6e-09, -3e-06, 0.575475
2.6e-09, -3.12e-06, 0.575475
2.6e-09, -3.24e-06, 0.575475
2.6e-09, -3.36e-06, 0.575475
2.6e-09, -3.48e-06, 0.575483
2.6e-09, -3.6e-06, 0.909215
2.7e-09, -0, 0.909215
2.7e-09, -1.2e-07, 0.575483
2.7e-09, -2.4e-07, 0.575475
2.7e-09, -3.6e-07, 0.575475
2.7e-09, -4.8e-07, 0.575475
2.7e-09, -6e-07, 0.575475
2.7e-09, -7.2e-07, 0.575475
2.7e-09, -8.4e-07, 0.575475
2.7e-09, -9.6e-07, 0.575475
2.7e-09, -1.08e-06, 0.57548
2.7e-09, -1.2e-06, 0.755576
2.7e-09, -1.32e-06, 0.755761
2.7e-09, -1.44e-06, 0.755761
2.7e-09, -1.56e-06, 0.755761
2.7e-09, -1.68e-06, 0.755761
2.7e-09, -1.8e-06, 0.755761
2.7e-09, -1.92e-06, 0.755761
2.7e-09, -2.04e-06, 0.755761
2.7e-09, -2.16e-06, 0.755761
2.7e-09, -2.28e-06, 0.755761
2.7e-09, -2.4e-06, 0.755576
2.7e-09, -2.52e-06, 0.57548
2.7e-09, -2.64e-06, 0.575475
2.7e-09, -2.76e-06, 0.575475
2.7e-09, -2.88e-06, 0.575475
2.7e-09, -3e-06, 0.575475
2.7e-09, -3.12e-06, 0.575475
2.7e-09, -3.24e-06, 0.575475
2.7e-09, -3.36e-06, 0.575475
2.7e-09, -3.48e-06, 0.575483
2.7e-09, -3.6e-06, 0.909215
2.8e-09, -0, 0.909215
2.8e-09, -1.2e-07, 0.575483
2.8e-09, -2.4e-07, 0.575475
2.8e-09, -3.6e-07, 0.575475
2.8e-09, -4.8e-07, 0.575475
2.8e-09, -6e-07, 0.575475
2.8e-09, -7.2e-07, 0.575475
2.8e-09, -8.4e-07, 0.575475
2.8e-09, -9.6e-07, 0.575475
2.8e-09, -1.08e-06, 0.57548
2.8e-09, -1.2e-06, 0.755409
2.8e-09, -1.32e-06, 0.755595
2.8e-09, -1.44e-06, 0.755595
2.8e-09, -1.56e-06, 0.755595
2.8e-09, -1.68e-06, 0.755595
2.8e-09, -1.8e-06, 0.755595
2.8e-09, -1.92e-06, 0.755595
2.8e-09, -2.04e-06, 0.755595
2.8e-09, -2.16e-06, 0.755595
2.8e-09, -2.28e-06, 0.755595
2.8e-09, -2.4e-06, 0.755409
2.8e-09, -2.52e-06, 0.57548
2.8e-09, -2.64e-06, 0.575475
2.8e-09, -2.76e-06, 0.575475
2.8e-09, -2.88e-06, 0.575475
2.8e-09, -3e-06, 0.575475
2.8e-09, -3.12e-06, 0.575475
2.8e-09, -3.24e-06, 0.575475
2.8e-09, -3.36e-06, 0.575475
2.8e-09, -3.48e-06, 0.575483
2.8e-09, -3.6e-06, 0.909215
2.9e-09, -0, 0.909215
2.9e-09, -1.2e-07, 0.575483
2.9e-09, -2.4e-07, 0.575475
2.9e-09, -3.6e-07, 0.575475
2.9e-09, -4.8e-07, 0.575475
2.9e-09, -6e-07, 0.575475
2.9e-09, -7.2e-07, 0.575475
2.9e-09, -8.4e-07, 0.575475
2.9e-09, -9.6e-07, 0.575475
2.9e-09, -1.08e-06, 0.57548
2.9e-09, -1.2e-06, 0.755309
2.9e-09, -1.32e-06, 0.755495
2.9e-09, -1.44e-06, 0.755495
2.9e-09, -1.56e-06, 0.755495
2.9e-09, -1.68e-06, 0.755495
2.9e-09, -1.8e-06, 0.755495
2.9e-09, -1.92e-06, 0.755495
2.9e-09, -2.04e-06, 0.755495
2.9e-09, -2.16e-06, 0.755495
2.9e-09, -2.28e-06, 0.755495
2.9e-09, -2.4e-06, 0.755309
2.9e-09, -2.52e-06, 0.57548
2.9e-09, -2.64e-06, 0.575475
2.9e-09, -2.76e-06, 0.575475
2.9e-09, -2.88e-06, 0.575475
2.9e-09, -3e-06, 0.575475
2.9e-09, -3.12e-06, 0.575475
2.9e-09, -3.24e-06, 0.575475
2.9e-09, -3.36e-06, 0.575475
2.9e-09, -3.48e-06, 0.575483
2.9e-09, -3.6e-06, 0.909215
3e-09, -0, 0.909215
3e-09, -1.2e-07, 0.575483
3e-09, -2.4e-07, 0.575475
3e-09, -3.6e-07, 0.575475
3e-09, -4.8e-07, 0.575475
3e-09, -6e-07, 0.575475
3e-09, -7.2e-07, 0.575475
3e-09, -8.4e-07, 0.575475
3e-09, -9.6e-07, 0.575475
3e-09, -1.08e-06, 0.57548
3e-09, -1.2e-06, 0.755275
3e-09, -1.32e-06, 0.755462
3e-09, -1.44e-06, 0.755462
3e-09, -1.56e-06, 0.755462
3e-09, -1.68e-06, 0.755462
3e-09, -1.8e-06, 0.755462
3e-09, -1.92e-06, 0.755462
3e-09, -2.04e-06, 0.755462
3e-09, -2.16e-06, 0.755462
3e-09, -2.28e-06, 0.755462
3e-09, -2.4e-06, 0.755275
3e-09, -2.52e-06, 0.57548
3e-09, -2.64e-06, 0.575475
3e-09, -2.76e-06, 0.575475
3e-09, -2.88e-06, 0.575475
3e-09, -3e-06, 0.575475
3e-09, -3.12e-06, 0.575475
3e-09, -3.24e-06, 0.575475
3e-09, -3.36e-06, 0.575475
3e-09, -3.48e-06, 0.575483
3e-09, -3.6e-06, 0.909215
3.1e-09, -0, 0.909215
3.1e-09, -1.2e-07, 0.575483
3.1e-09, -2.4e-07, 0.575475
3.1e-09, -3.6e-07, 0.575475
3.1e-09, -4.8e-07, 0.575475
3.1e-09, -6e-07, 0.575475
3.1e-09, -7.2e-07, 0.575475
3.1e-09, -8.4e-07, 0.575475
3.1e-09, -9.6e-07, 0.575475
3.1e-09, -1.08e-06, 0.57548
3.1e-09, -1.2e-06, 0.755309
3.1e-09, -1.32e-06, 0.755495
3.1e-09, -1.44e-06, 0.755495
3.1e-09, -1.56e-06, 0.755495
3.1e-09, -1.68e-06, 0.755495
3.1e-09, -1.8e-06, 0.755495
3.1e-09, -1.92e-06, 0.755495
3.1e-09, -2.04e-06, 0.755495
3.1e-09, -2.16e-06, 0.755495
3.1e-09, -2.28e-06, 0.755495
3.1e-09, -2.4e-06, 0.755309
3.1e-09, -2.52e-06, 0.57548
3.1e-09, -2.64e-06, 0.575475
3.1e-09, -2.76e-06, 0.575475
3.1e-09, -2.88e-06, 0.575475
3.1e-09, -3e-06, 0.575475
3.1e-09, -3.12e-06, 0.575475
3.1e-09, -3.24e-06, 0.575475
3.1e-09, -3.36e-06, 0.575475
3.1e-09, -3.48e-06, 0.575483
3.1e-09, -3.6e-06, 0.909215
3.2e-09, -0, 0.909215
3.2e-09, -1.2e-07, 0.575483
3.2e-09, -2.4e-07, 0.575475
3.2e-09, -3.6e-07, 0.575475
3.2e-09, -4.8e-07, 0.575475
3.2e-09, -6e-07, 0.575475
3.2e-09, -7.2e-07, 0.575475
3.2e-09, -8.4e-07, 0.575475
3.2e-09, -9.6e-07, 0.575475
3.2e-09, -1.08e-06, 0.57548
3.2e-09, -1.2e-06, 0.755409
3.2e-09, -1.32e-06, 0.755595
3.2e-09, -1.44e-06, 0.755595
3.2e-09, -1.56e-06, 0.755595
3.2e-09, -1.68e-06, 0.755595
3.2e-09, -1.8e-06, 0.755595
3.2e-09, -1.92e-06, 0.755595
3.2e-09, -2.04e-06, 0.755595
3.2e-09, -2.16e-06, 0.755595
3.2e-09, -2.28e-06, 0.755595
3.2e-09, -2.4e-06, 0.755409
3.2e-09, -2.52e-06, 0.57548
3.2e-09, -2.64e-06, 0.575475
3.2e-09, -2.76e-06, 0.575475
3.2e-09, -2.88e-06, 0.575475
3.2e-09, -3e-06, 0.575475
3.2e-09, -3.12e-06, 0.575475
3.2e-09, -3.24e-06, 0.575475
3.2e-09, -3.36e-06, 0.575475
3.2e-09, -3.48e-06, 0.575483
3.2e-09, -3.6e-06, 0.909215
3.3e-09, -0, 0.909215
3.3e-09, -1.2e-07, 0.575483
3.3e-09, -2.4e-07, 0.575475
3.3e-09, -3.6e-07, 0.575475
3.3e-09, -4.8e-07, 0.575475
3.3e-09, -6e-07, 0.575475
3.3e-09, -7.2e-07, 0.575475
3.3e-09, -8.4e-07, 0.575475
3.3e-09, -9.6e-07, 0.575475
3.3e-09, -1.08e-06, 0.57548
3.3e-09, -1.2e-06, 0.755576
3.3e-09, -1.32e-06, 0.755761
3.3e-09, -1.44e-06, 0.755761
3.3e-09, -1.56e-06, 0.755761
3.3e-09, -1.68e-06, 0.755761
3.3e-09, -1.8e-06, 0.755761
3.3e-09, -1.92e-06, 0.755761
3.3e-09, -2.04e-06, 0.755761
3.3e-09, -2.16e-06, 0.755761
3.3e-09, -2.28e-06, 0.755761
3.3e-09, -2.4e-06, 0.755576
3.3e-09, -2.52e-06, 0.57548
3.3e-09, -2.64e-06, 0.575475
3.3e-09, -2.76e-06, 0.575475
3.3e-09, -2.88e-06, 0.575475
3.3e-09, -3e-06, 0.575475
3.3e-09, -3.12e-06, 0.575475
3.3e-09, -3.24e-06, 0.575475
3.3e-09, -3.36e-06, 0.575475
3.3e-09, -3.48e-06, 0.575483
3.3e-09, -3.6e-06, 0.909215
3.4e-09, -0, 0.909215
3.4e-09, -1.2e-07, 0.575483
3.4e-09, -2.4e-07, 0.575475
3.4e-09, -3.6e-07, 0.575475
3.4e-09, -4.8e-07, 0.575475
3.4e-09, -6e-07, 0.575475
3.4e-09, -7.2e-07, 0.575475
3.4e-09, -8.4e-07, 0.575475
3.4e-09, -9.6e-07, 0.575475
3.4e-09, -1.08e-06, 0.57548
3.4e-09, -1.2e-06, 0.755809
3.4e-09, -1.32e-06, 0.755994
3.4e-09, -1.44e-06, 0.755994
3.4e-09, -1.56e-06, 0.755994
3.4e-09, -1.68e-06, 0.755994
3.4e-09, -1.8e-06, 0.755994
3.4e-09, -1.92e-06, 0.755994
3.4e-09, -2.04e-06, 0.755994
3.4e-09, -2.16e-06, 0.755994
3.4e-09, -2.28e-06, 0.755994
3.4e-09, -2.4e-06, 0.755809
3.4e-09, -2.52e-06, 0.57548
3.4e-09, -2.64e-06, 0.575475
3.4e-09, -2.76e-06, 0.575475
3.4e-09, -2.88e-06, 0.575475
3.4e-09, -3e-06, 0.575475
3.4e-09, -3.12e-06, 0.575475
3.4e-09, -3.24e-06, 0.575475
3.4e-09, -3.36e-06, 0.575475
3.4e-09, -3.48e-06, 0.575483
3.4e-09, -3.6e-06, 0.909215
3.5e-09, -0, 0.909215
3.5e-09, -1.2e-07, 0.575483
3.5e-09, -2.4e-07, 0.575475
3.5e-09, -3.6e-07, 0.575475
3.5e-09, -4.8e-07, 0.575475
3.5e-09, -6e-07, 0.575475
3.5e-09, -7.2e-07, 0.575475
3.5e-09, -8.4e-07, 0.575475
3.5e-09, -9.6e-07, 0.575475
3.5e-09, -1.08e-06, 0.57548
3.5e-09, -1.2e-06, 0.75611
3.5e-09, -1.32e-06, 0.756293
3.5e-09, -1.44e-06, 0.756293
3.5e-09, -1.56e-06, 0.756293
3.5e-09, -1.68e-06, 0.756293
3.5e-09, -1.8e-06, 0.756293
3.5e-09, -1.92e-06, 0.756293
3.5e-09, -2.04e-06, 0.756293
3.5e-09, -2.16e-06, 0.756293
3.5e-09, -2.28e-06, 0.756293
3.5e-09, -2.4e-06, 0.75611
3.5e-09, -2.52e-06, 0.57548
3.5e-09, -2.64e-06, 0.575475
3.5e-09, -2.76e-06, 0.575475
3.5e-09, -2.88e-06, 0.575475
3.5e-09, -3e-06, 0.575475
3.5e-09, -3.12e-06, 0.575475
3.5e-09, -3.24e-06, 0.575475
3.5e-09, -3.36e-06, 0.575475
3.5e-09, -3.48e-06, 0.575483
3.5e-09, -3.6e-06, 0.909215
3.6e-09, -0, 0.909215
3.6e-09, -1.2e-07, 0.575483
3.6e-09, -2.4e-07, 0.575475
3.6e-09, -3.6e-07, 0.575475
3.6e-09, -4.8e-07, 0.575475
3.6e-09, -6e-07, 0.575475
3.6e-09, -7.2e-07, 0.575475
3.6e-09, -8.4e-07, 0.575475
3.6e-09, -9.6e-07, 0.575475
3.6e-09, -1.08e-06, 0.57548
3.6e-09, -1.2e-06, 0.756477
3.6e-09, -1.32e-06, 0.756659
3.6e-09, -1.44e-06, 0.756659
3.6e-09, -1.56e-06, 0.756659
3.6e-09, -1.68e-06, 0.756659
3.6e-09, -1.8e-06, 0.756659
3.6e-09, -1.92e-06, 0.756659
3.6e-09, -2.04e-06, 0.756659
3.6e-09, -2.16e-06, 0.756659
3.6e-09, -2.28e-06, 0.756659
3.6e-09, -2.4e-06, 0.756477
3.6e-09, -2.52e-06, 0.57548
3.6e-09, -2.64e-06, 0.575475
3.6e-09, -2.76e-06, 0.575475
3.6e-09, -2.88e-06, 0.575475
3.6e-09, -3e-06, 0.575475
3.6e-09, -3.12e-06, 0.575475
3.6e-09, -3.24e-06, 0.575475
3.6e-09, -3.36e-06, 0.575475
3.6e-09, -3.48e-06, 0.575483
3.6e-09, -3.6e-06, 0.909215
3.7e-09, -0, 0.909215
3.7e-09, -1.2e-07, 0.575483
3.7e-09, -2.4e-07, 0.575475
3.7e-09, -3.6e-07, 0.575475
3.7e-09, -4.8e-07, 0.575475
3.7e-09, -6e-07, 0.575475
3.7e-09, -7.2e-07, 0.575475
3.7e-09, -8.4e-07, 0.575475
3.7e-09, -9.6e-07, 0.575475
3.7e-09, -1.08e-06, 0.57548
3.7e-09, -1.2e-06, 0.756911
3.7e-09, -1.32e-06, 0.757091
3.7e-09, -1.44e-06, 0.757091
3.7e-09, -1.56e-06, 0.757091
3.7e-09, -1.68e-06, 0.757091
3.7e-09, -1.8e-06, 0.757091
3.7e-09, -1.92e-06, 0.757091
3.7e-09, -2.04e-06, 0.757091
3.7e-09, -2.16e-06, 0.757091
3.7e-09, -2.28e-06, 0.757091
3.7e-09, -2.4e-06, 0.756911
3.7e-09, -2.52e-06, 0.57548
3.7e-09, -2.64e-06, 0.575475
3.7e-09, -2.76e-06, 0.575475
3.7e-09, -2.88e-06, 0.575475
3.7e-09, -3e-06, 0.575475
3.7e-09, -3.12e-06, 0.575475
3.7e-09, -3.24e-06, 0.575475
3.7e-09, -3.36e-06, 0.575475
3.7e-09, -3.48e-06, 0.575483
3.7e-09, -3.6e-06, 0.909215
3.8e-09, -0, 0.909215
3.8e-09, -1.2e-07, 0.575483
3.8e-09, -2.4e-07, 0.575475
3.8e-09, -3.6e-07, 0.575475
3.8e-09, -4.8e-07, 0.575475
3.8e-09, -6e-07, 0.575475
3.8e-09, -7.2e-07, 0.575475
3.8e-09, -8.4e-07, 0.575475
3.8e-09, -9.6e-07, 0.575475
3.8e-09, -1.08e-06, 0.57548
3.8e-09, -1.2e-06, 0.757412
3.8e-09, -1.32e-06, 0.75759
3.8e-09, -1.44e-06, 0.75759
3.8e-09, -1.56e-06, 0.75759
3.8e-09, -1.68e-06, 0.75759
3.8e-09, -1.8e-06, 0.75759
3.8e-09, -1.92e-06, 0.75759
3.8e-09, -2.04e-06, 0.75759
3.8e-09, -2.16e-06, 0.75759
3.8e-09, -2.28e-06, 0.75759
3.8e-09, -2.4e-06, 0.757412
3.8e-09, -2.52e-06, 0.57548
3.8e-09, -2.64e-06, 0.575475
3.8e-09, -2.76e-06, 0.575475
3.8e-09, -2.88e-06, 0.575475
3.8e-09, -3e-06, 0.575475
3.8e-09, -3.12e-06, 0.575475
3.8e-09, -3.24e-06, 0.575475
3.8e-09, -3.36e-06, 0.575475
3.8e-09, -3.48e-06, 0.575483
3.8e-09, -3.6e-06, 0.909215
3.9e-09, -0, 0.909215
3.9e-09, -1.2e-07, 0.575483
3.9e-09, -2.4e-07, 0.575475
3.9e-09, -3.6e-07, 0.575475
3.9e-09, -4.8e-07, 0.575475
3.9e-09, -6e-07, 0.575475
3.9e-09, -7.2e-07, 0.575475
3.9e-09, -8.4e-07, 0.575475
3.9e-09, -9.6e-07, 0.575475
3.9e-09, -1.08e-06, 0.57548
3.9e-09, -1.2e-06, 0.75798
3.9e-09, -1.32e-06, 0.758156
3.9e-09, -1.44e-06, 0.758156
3.9e-09, -1.56e-06, 0.758156
3.9e-09, -1.68e-06, 0.758156
3.9e-09, -1.8e-06, 0.758156
3.9e-09, -1.92e-06, 0.758156
3.9e-09, -2.04e-06, 0.758156
3.9e-09, -2.16e-06, 0.758156
3.9e-09, -2.28e-06, 0.758156
3.9e-09, -2.4e-06, 0.75798
3.9e-09, -2.52e-06, 0.57548
3.9e-09, -2.64e-06, 0.575475
3.9e-09, -2.76e-06, 0.575475
3.9e-09, -2.88e-06, 0.575475
3.9e-09, -3e-06, 0.575475
3.9e-09, -3.12e-06, 0.575475
3.9e-09, -3.24e-06, 0.575475
3.9e-09, -3.36e-06, 0.575475
3.9e-09, -3.48e-06, 0.575483
3.9e-09, -3.6e-06, 0.909215
4e-09, -0, 0.909215
4e-09, -1.2e-07, 0.575483
4e-09, -2.4e-07, 0.575475
4e-09, -3.6e-07, 0.575475
4e-09, -4.8e-07, 0.575475
4e-09, -6e-07, 0.575475
4e-09, -7.2e-07, 0.575475
4e-09, -8.4e-07, 0.575475
4e-09, -9.6e-07, 0.575475
4e-09, -1.08e-06, 0.57548
4e-09, -1.2e-06, 0.758615
4e-09, -1.32e-06, 0.758788
4e-09, -1.44e-06, 0.758788
4e-09, -1.56e-06, 0.758788
4e-09, -1.68e-06, 0.758788
4e-09, -1.8e-06, 0.758788
4e-09, -1.92e-06, 0.758788
4e-09, -2.04e-06, 0.758788
4e-09, -2.16e-06, 0.758788
4e-09, -2.28e-06, 0.758788
4e-09, -2.4e-06, 0.758615
4e-09, -2.52e-06, 0.57548
4e-09, -2.64e-06, 0.575475
4e-09, -2.76e-06, 0.575475
4e-09, -2.88e-06, 0.575475
4e-09, -3e-06, 0.575475
4e-09, -3.12e-06, 0.575475
4e-09, -3.24e-06, 0.575475
4e-09, -3.36e-06, 0.575475
4e-09, -3.48e-06, 0.575483
4e-09, -3.6e-06, 0.909215
4.1e-09, -0, 0.909215
4.1e-09, -1.2e-07, 0.575483
4.1e-09, -2.4e-07, 0.575475
4.1e-09, -3.6e-07, 0.575475
4.1e-09, -4.8e-07, 0.575475
4.1e-09, -6e-07, 0.575475
4.1e-09, -7.2e-07, 0.575475
4.1e-09, -8.4e-07, 0.575475
4.1e-09, -9.6e-07, 0.575475
4.1e-09, -1.08e-06, 0.57548
4.1e-09, -1.2e-06, 0.759317
4.1e-09, -1.32e-06, 0.759487
4.1e-09, -1.44e-06, 0.759487
4.1e-09, -1.56e-06, 0.759487
4.1e-09, -1.68e-06, 0.759487
4.1e-09, -1.8e-06, 0.759487
4.1e-09, -1.92e-06, 0.759487
4.1e-09, -2.04e-06, 0.759487
4.1e-09, -2.16e-06, 0.759487
4.1e-09, -2.28e-06, 0.759487
4.1e-09, -2.4e-06, 0.759317
4.1e-09, -2.52e-06, 0.57548
4.1e-09, -2.64e-06, 0.575475
4.1e-09, -2.76e-06, 0.575475
4.1e-09, -2.88e-06, 0.575475
4.1e-09, -3e-06, 0.575475
4.1e-09, -3.12e-06, 0.575475
4.1e-09, -3.24e-06, 0.575475
4.1e-09, -3.36e-06, 0.575475
4.1e-09, -3.48e-06, 0.575483
4.1e-09, -3.6e-06, 0.909215
4.2e-09, -0, 0.909215
4.2e-09, -1.2e-07, 0.575483
4.2e-09, -2.4e-07, 0.575475
4.2e-09, -3.6e-07, 0.575475
4.2e-09, -4.8e-07, 0.575475
4.2e-09, -6e-07, 0.575475
4.2e-09, -7.2e-07, 0.575475
4.2e-09, -8.4e-07, 0.575475
4.2e-09, -9.6e-07, 0.575475
4.2e-09, -1.08e-06, 0.57548
4.2e-09, -1.2e-06, 0.760086
4.2e-09, -1.32e-06, 0.760253
4.2e-09, -1.44e-06, 0.760253
4.2e-09, -1.56e-06, 0.760253
4.2e-09, -1.68e-06, 0.760253
4.2e-09, -1.8e-06, 0.760253
4.2e-09, -1.92e-06, 0.760253
4.2e-09, -2.04e-06, 0.760253
4.2e-09, -2.16e-06, 0.760253
4.2e-09, -2.28e-06, 0.760253
4.2e-09, -2.4e-06, 0.760086
4.2e-09, -2.52e-06, 0.57548
4.2e-09, -2.64e-06, 0.575475
4.2e-09, -2.76e-06, 0.575475
4.2e-09, -2.88e-06, 0.575475
4.2e-09, -3e-06, 0.575475
4.2e-09, -3.12e-06, 0.575475
4.2e-09, -3.24e-06, 0.575475
4.2e-09, -3.36e-06, 0.575475
4.2e-09, -3.48e-06, 0.575483
4.2e-09, -3.6e-06, 0.909215
4.3e-09, -0, 0.909215
4.3e-09, -1.2e-07, 0.575483
4.3e-09, -2.4e-07, 0.575475
4.3e-09, -3.6e-07, 0.575475
4.3e-09, -4.8e-07, 0.575475
4.3e-09, -6e-07, 0.575475
4.3e-09, -7.2e-07, 0.575475
4.3e-09, -8.4e-07, 0.575475
4.3e-09, -9.6e-07, 0.575475
4.3e-09, -1.08e-06, 0.57548
4.3e-09, -1.2e-06, 0.760922
4.3e-09, -1.32e-06, 0.761087
4.3e-09, -1.44e-06, 0.761087
4.3e-09, -1.56e-06, 0.761087
4.3e-09, -1.68e-06, 0.761087
4.3e-09, -1.8e-06, 0.761087
4.3e-09, -1.92e-06, 0.761087
4.3e-09, -2.04e-06, 0.761087
4.3e-09, -2.16e-06, 0.761087
4.3e-09, -2.28e-06, 0.761087
4.3e-09, -2.4e-06, 0.760922
4.3e-09, -2.52e-06, 0.57548
4.3e-09, -2.64e-06, 0.575475
4.3e-09, -2.76e-06, 0.575475
4.3e-09, -2.88e-06, 0.575475
4.3e-09, -3e-06, 0.575475
4.3e-09, -3.12e-06, 0.575475
4.3e-09, -3.24e-06, 0.575475
4.3e-09, -3.36e-06, 0.575475
4.3e-09, -3.48e-06, 0.575483
4.3e-09, -3.6e-06, 0.909215
4.4e-09, -0, 0.909215
4.4e-09, -1.2e-07, 0.575483
4.4e-09, -2.4e-07, 0.575475
4.4e-09, -3.6e-07, 0.575475
4.4e-09, -4.8e-07, 0.575475
4.4e-09, -6e-07, 0.575475
4.4e-09, -7.2e-07, 0.575475
4.4e-09, -8.4e-07, 0.575475
4.4e-09, -9.6e-07, 0.575475
4.4e-09, -1.08e-06, 0.57548
4.4e-09, -1.2e-06, 0.761826
4.4e-09, -1.32e-06, 0.761987
4.4e-09, -1.44e-06, 0.761987
4.4e-09, -1.56e-06, 0.761987
4.4e-09, -1.68e-06, 0.761987
4.4e-09, -1.8e-06, 0.761987
4.4e-09, -1.92e-06, 0.761987
4.4e-09, -2.04e-06, 0.761987
4.4e-09, -2.16e-06, 0.761987
4.4e-09, -2.28e-06, 0.761987
4.4e-09, -2.4e-06, 0.761826
4.4e-09, -2.52e-06, 0.57548
4.4e-09, -2.64e-06, 0.575475
4.4e-09, -2.76e-06, 0.575475
4.4e-09, -2.88e-06, 0.575475
4.4e-09, -3e-06, 0.575475
4.4e-09, -3.12e-06, 0.575475
4.4e-09, -3.24e-06, 0.575475
4.4e-09, -3.36e-06, 0.575475
4.4e-09, -3.48e-06, 0.575483
4.4e-09, -3.6e-06, 0.909215
4.5e-09, -0, 0.909215
4.5e-09, -1.2e-07, 0.575483
4.5e-09, -2.4e-07, 0.575475
4.5e-09, -3.6e-07, 0.575475
4.5e-09, -4.8e-07, 0.575475
4.5e-09, -6e-07, 0.575475
4.5e-09, -7.2e-07, 0.575475
4.5e-09, -8.4e-07, 0.575475
4.5e-09, -9.6e-07, 0.575475
4.5e-09, -1.08e-06, 0.57548
4.5e-09, -1.2e-06, 0.762798
4.5e-09, -1.32e-06, 0.762955
4.5e-09, -1.44e-06, 0.762955
4.5e-09, -1.56e-06, 0.762955
4.5e-09, -1.68e-06, 0.762955
4.5e-09, -1.8e-06, 0.762955
4.5e-09, -1.92e-06, 0.762955
4.5e-09, -2.04e-06, 0.762955
4.5e-09, -2.16e-06, 0.762955
4.5e-09, -2.28e-06, 0.762955
4.5e-09, -2.4e-06, 0.762798
4.5e-09, -2.52e-06, 0.57548
4.5e-09, -2.64e-06, 0.575475
4.5e-09, -2.76e-06, 0.575475
4.5e-09, -2.88e-06, 0.575475
4.5e-09, -3e-06, 0.575475
4.5e-09, -3.12e-06, 0.575475
4.5e-09, -3.24e-06, 0.575475
4.5e-09, -3.36e-06, 0.575475
4.5e-09, -3.48e-06, 0.575483
4.5e-09, -3.6e-06, 0.909215
4.6e-09, -0, 0.909215
4.6e-09, -1.2e-07, 0.575484
4.6e-09, -2.4e-07, 0.575475
4.6e-09, -3.6e-07, 0.575475
4.6e-09, -4.8e-07, 0.575475
4.6e-09, -6e-07, 0.575475
4.6e-09, -7.2e-07, 0.575475
4.6e-09, -8.4e-07, 0.575475
4.6e-09, -9.6e-07, 0.575475
4.6e-09, -1.08e-06, 0.57548
4.6e-09, -1.2e-06, 0.763837
4.6e-09, -1.32e-06, 0.763989
4.6e-09, -1.44e-06, 0.76399
4.6e-09, -1.56e-06, 0.76399
4.6e-09, -1.68e-06, 0.76399
4.6e-09, -1.8e-06, 0.76399
4.6e-09, -1.92e-06, 0.76399
4.6e-09, -2.04e-06, 0.76399
4.6e-09, -2.16e-06, 0.76399
4.6e-09, -2.28e-06, 0.763989
4.6e-09, -2.4e-06, 0.763837
4.6e-09, -2.52e-06, 0.57548
4.6e-09, -2.64e-06, 0.575475
4.6e-09, -2.76e-06, 0.575475
4.6e-09, -2.88e-06, 0.575475
4.6e-09, -3e-06, 0.575475
4.6e-09, -3.12e-06, 0.575475
4.6e-09, -3.24e-06, 0.575475
4.6e-09, -3.36e-06, 0.575475
4.6e-09, -3.48e-06, 0.575484
4.6e-09, -3.6e-06, 0.909215
4.7e-09, -0, 0.909215
4.7e-09, -1.2e-07, 0.575484
4.7e-09, -2.4e-07, 0.575475
4.7e-09, -3.6e-07, 0.575475
4.7e-09, -4.8e-07, 0.575475
4.7e-09, -6e-07, 0.575475
4.7e-09, -7.2e-07, 0.575475
4.7e-09, -8.4e-07, 0.575475
4.7e-09, -9.6e-07, 0.575475
4.7e-09, -1.08e-06, 0.57548
4.7e-09, -1.2e-06, 0.764944
4.7e-09, -1.32e-06, 0.765092
4.7e-09, -1.44e-06, 0.765092
4.7e-09, -1.56e-06, 0.765092
4.7e-09, -1.68e-06, 0.765092
4.7e-09, -1.8e-06, 0.765092
4.7e-09, -1.92e-06, 0.765092
4.7e-09, -2.04e-06, 0.765092
4.7e-09, -2.16e-06, 0.765092
4.7e-09, -2.28e-06, 0.765092
4.7e-09, -2.4e-06, 0.764944
4.7e-09, -2.52e-06, 0.57548
4.7e-09, -2.64e-06, 0.575475
4.7e-09, -2.76e-06, 0.575475
4.7e-09, -2.88e-06, 0.575475
4.7e-09, -3e-06, 0.575475
4.7e-09, -3.12e-06, 0.575475
4.7e-09, -3.24e-06, 0.575475
4.7e-09, -3.36e-06, 0.575475
4.7e-09, -3.48e-06, 0.575484
4.7e-09, -3.6e-06, 0.909215
4.8e-09, -0, 0.909215
4.8e-09, -1.2e-07, 0.575484
4.8e-09, -2.4e-07, 0.575475
4.8e-09, -3.6e-07, 0.575475
4.8e-09, -4.8e-07, 0.575475
4.8e-09, -6e-07, 0.575475
4.8e-09, -7.2e-07, 0.575475
4.8e-09, -8.4e-07, 0.575475
4.8e-09, -9.6e-07, 0.575475
4.8e-09, -1.08e-06, 0.57548
4.8e-09, -1.2e-06, 0.766118
4.8e-09, -1.32e-06, 0.766262
4.8e-09, -1.44e-06, 0.766262
4.8e-09, -1.56e-06, 0.766262
4.8e-09, -1.68e-06, 0.766262
4.8e-09, -1.8e-06, 0.766262
4.8e-09, -1.92e-06, 0.766262
4.8e-09, -2.04e-06, 0.766262
4.8e-09, -2.16e-06, 0.766262
4.8e-09, -2.28e-06, 0.766262
4.8e-09, -2.4e-06, 0.766118
4.8e-09, -2.52e-06, 0.57548
4.8e-09, -2.64e-06, 0.575475
4.8e-09, -2.76e-06, 0.575475
4.8e-09, -2.88e-06, 0.575475
4.8e-09, -3e-06, 0.575475
4.8e-09, -3.12e-06, 0.575475
4.8e-09, -3.24e-06, 0.575475
4.8e-09, -3.36e-06, 0.575475
4.8e-09, -3.48e-06, 0.575484
4.8e-09, -3.6e-06, 0.909215
4.9e-09, -0, 0.909215
4.9e-09, -1.2e-07, 0.575484
4.9e-09, -2.4e-07, 0.575475
4.9e-09, -3.6e-07, 0.575475
4.9e-09, -4.8e-07, 0.575475
4.9e-09, -6e-07, 0.575475
4.9e-09, -7.2e-07, 0.575475
4.9e-09, -8.4e-07, 0.575475
4.9e-09, -9.6e-07, 0.575475
4.9e-09, -1.08e-06, 0.575481
4.9e-09, -1.2e-06, 0.767361
4.9e-09, -1.32e-06, 0.7675
4.9e-09, -1.44e-06, 0.7675
4.9e-09, -1.56e-06, 0.7675
4.9e-09, -1.68e-06, 0.7675
4.9e-09, -1.8e-06, 0.7675
4.9e-09, -1.92e-06, 0.7675
4.9e-09, -2.04e-06, 0.7675
4.9e-09, -2.16e-06, 0.7675
4.9e-09, -2.28e-06, 0.7675
4.9e-09, -2.4e-06, 0.767361
4.9e-09, -2.52e-06, 0.575481
4.9e-09, -2.64e-06, 0.575475
4.9e-09, -2.76e-06, 0.575475
4.9e-09, -2.88e-06, 0.575475
4.9e-09, -3e-06, 0.575475
4.9e-09, -3.12e-06, 0.575475
4.9e-09, -3.24e-06, 0.575475
4.9e-09, -3.36e-06, 0.575475
4.9e-09, -3.48e-06, 0.575484
4.9e-09, -3.6e-06, 0.909215
5e-09, -0, 0.909215
5e-09, -1.2e-07, 0.575484
5e-09, -2.4e-07, 0.575475
5e-09, -3.6e-07, 0.575475
5e-09, -4.8e-07, 0.575475
5e-09, -6e-07, 0.575475
5e-09, -7.2e-07, 0.575475
5e-09, -8.4e-07, 0.575475
5e-09, -9.6e-07, 0.575475
5e-09, -1.08e-06, 0.575481
5e-09, -1.2e-06, 0.768672
5e-09, -1.32e-06, 0.768805
5e-09, -1.44e-06, 0.768805
5e-09, -1.56e-06, 0.768805
5e-09, -1.68e-06, 0.768805
5e-09, -1.8e-06, 0.768805
5e-09, -1.92e-06, 0.768805
5e-09, -2.04e-06, 0.768805
5e-09, -2.16e-06, 0.768805
5e-09, -2.28e-06, 0.768805
5e-09, -2.4e-06, 0.768672
5e-09, -2.52e-06, 0.575481
5e-09, -2.64e-06, 0.575475
5e-09, -2.76e-06, 0.575475
5e-09, -2.88e-06, 0.575475
5e-09, -3e-06, 0.575475
5e-09, -3.12e-06, 0.575475
5e-09, -3.24e-06, 0.575475
5e-09, -3.36e-06, 0.575475
5e-09, -3.48e-06, 0.575484
5e-09, -3.6e-06, 0.909215
5.1e-09, -0, 0.909215
5.1e-09, -1.2e-07, 0.575484
5.1e-09, -2.4e-07, 0.575475
5.1e-09, -3.6e-07, 0.575475
5.1e-09, -4.8e-07, 0.575475
5.1e-09, -6e-07, 0.575475
5.1e-09, -7.2e-07, 0.575475
5.1e-09, -8.4e-07, 0.575475
5.1e-09, -9.6e-07, 0.575475
5.1e-09, -1.08e-06, 0.575481
5.1e-09, -1.2e-06, 0.770051
5.1e-09, -1.32e-06, 0.770179
5.1e-09, -1.44e-06, 0.770179
5.1e-09, -1.56e-06, 0.770179
5.1e-09, -1.68e-06, 0.770179
5.1e-09, -1.8e-06, 0.770179
5.1e-09, -1.92e-06, 0.770179
5.1e-09, -2.04e-06, 0.770179
5.1e-09, -2.16e-06, 0.770179
5.1e-09, -2.28e-06, 0.770179
5.1e-09, -2.4e-06, 0.770051
5.1e-09, -2.52e-06, 0.575481
5.1e-09, -2.64e-06, 0.575475
5.1e-09, -2.76e-06, 0.575475
5.1e-09, -2.88e-06, 0.575475
5.1e-09, -3e-06, 0.575475
5.1e-09, -3.12e-06, 0.575475
5.1e-09, -3.24e-06, 0.575475
5.1e-09, -3.36e-06, 0.575475
5.1e-09, -3.48e-06, 0.575484
5.1e-09, -3.6e-06, 0.909215
5.2e-09, -0, 0.909215
5.2e-09, -1.2e-07, 0.575484
5.2e-09, -2.4e-07, 0.575475
5.2e-09, -3.6e-07, 0.575475
5.2e-09, -4.8e-07, 0.575475
5.2e-09, -6e-07, 0.575475
5.2e-09, -7.2e-07, 0.575475
5.2e-09, -8.4e-07, 0.575475
5.2e-09, -9.6e-07, 0.575475
5.2e-09, -1.08e-06, 0.575481
5.2e-09, -1.2e-06, 0.771499
5.2e-09, -1.32e-06, 0.771621
5.2e-09, -1.44e-06, 0.771621
5.2e-09, -1.56e-06, 0.771621
5.2e-09, -1.68e-06, 0.771621
5.2e-09, -1.8e-06, 0.771621
5.2e-09, -1.92e-06, 0.771621
5.2e-09, -2.04e-06, 0.771621
5.2e-09, -2.16e-06, 0.771621
5.2e-09, -2.28e-06, 0.771621
5.2e-09, -2.4e-06, 0.771499
5.2e-09, -2.52e-06, 0.575481
5.2e-09, -2.64e-06, 0.575475
5.2e-09, -2.76e-06, 0.575475
5.2e-09, -2.88e-06, 0.575475
5.2e-09, -3e-06, 0.575475
5.2e-09, -3.12e-06, 0.575475
5.2e-09, -3.24e-06, 0.575475
5.2e-09, -3.36e-06, 0.575475
5.2e-09, -3.48e-06, 0.575484
5.2e-09, -3.6e-06, 0.909215
5.3e-09, -0, 0.909215
5.3e-09, -1.2e-07, 0.575485
5.3e-09, -2.4e-07, 0.575475
5.3e-09, -3.6e-07, 0.575475
5.3e-09, -4.8e-07, 0.575475
5.3e-09, -6e-07, 0.575475
5.3e-09, -7.2e-07, 0.575475
5.3e-09, -8.4e-07, 0.575475
5.3e-09, -9.6e-07, 0.575475
5.3e-09, -1.08e-06, 0.575481
5.3e-09, -1.2e-06, 0.773016
5.3e-09, -1.32e-06, 0.773132
5.3e-09, -1.44e-06, 0.773132
5.3e-09, -1.56e-06, 0.773132
5.3e-09, -1.68e-06, 0.773132
5.3e-09, -1.8e-06, 0.773132
5.3e-09, -1.92e-06, 0.773132
5.3e-09, -2.04e-06, 0.773132
5.3e-09, -2.16e-06, 0.773132
5.3e-09, -2.28e-06, 0.773132
5.3e-09, -2.4e-06, 0.773016
5.3e-09, -2.52e-06, 0.575481
5.3e-09, -2.64e-06, 0.575475
5.3e-09, -2.76e-06, 0.575475
5.3e-09, -2.88e-06, 0.575475
5.3e-09, -3e-06, 0.575475
5.3e-09, -3.12e-06, 0.575475
5.3e-09, -3.24e-06, 0.575475
5.3e-09, -3.36e-06, 0.575475
5.3e-09, -3.48e-06, 0.575485
5.3e-09, -3.6e-06, 0.909215
5.4e-09, -0, 0.909215
5.4e-09, -1.2e-07, 0.575485
5.4e-09, -2.4e-07, 0.575475
5.4e-09, -3.6e-07, 0.575475
5.4e-09, -4.8e-07, 0.575475
5.4e-09, -6e-07, 0.575475
5.4e-09, -7.2e-07, 0.575475
5.4e-09, -8.4e-07, 0.575475
5.4e-09, -9.6e-07, 0.575475
5.4e-09, -1.08e-06, 0.575482
5.4e-09, -1.2e-06, 0.774719
5.4e-09, -1.32e-06, 0.774828
5.4e-09, -1.44e-06, 0.774828
5.4e-09, -1.56e-06, 0.774828
5.4e-09, -1.68e-06, 0.774828
5.4e-09, -1.8e-06, 0.774828
5.4e-09, -1.92e-06, 0.774828
5.4e-09, -2.04e-06, 0.774828
5.4e-09, -2.16e-06, 0.774828
5.4e-09, -2.28e-06, 0.774828
5.4e-09, -2.4e-06, 0.774719
5.4e-09, -2.52e-06, 0.575482
5.4e-09, -2.64e-06, 0.575475
5.4e-09, -2.76e-06, 0.575475
5.4e-09, -2.88e-06, 0.575475
5.4e-09, -3e-06, 0.575475
5.4e-09, -3.12e-06, 0.575475
5.4e-09, -3.24e-06, 0.575475
5.4e-09, -3.36e-06, 0.575475
5.4e-09, -3.48e-06, 0.575485
5.4e-09, -3.6e-06, 0.909215
5.5e-09, -0, 0.909215
5.5e-09, -1.2e-07, 0.575485
5.5e-09, -2.4e-07, 0.575475
5.5e-09, -3.6e-07, 0.575475
5.5e-09, -4.8e-07, 0.575475
5.5e-09, -6e-07, 0.575475
5.5e-09, -7.2e-07, 0.575475
5.5e-09, -8.4e-07, 0.575475
5.5e-09, -9.6e-07, 0.575475
5.5e-09, -1.08e-06, 0.575482
5.5e-09, -1.2e-06, 0.790908
5.5e-09, -1.32e-06, 0.79101
5.5e-09, -1.44e-06, 0.79101
5.5e-09, -1.56e-06, 0.79101
5.5e-09, -1.68e-06, 0.79101
5.5e-09, -1.8e-06, 0.79101
5.5e-09, -1.92e-06, 0.79101
5.5e-09, -2.04e-06, 0.79101
5.5e-09, -2.16e-06, 0.79101
5.5e-09, -2.28e-06, 0.79101
5.5e-09, -2.4e-06, 0.790908
5.5e-09, -2.52e-06, 0.575482
5.5e-09, -2.64e-06, 0.575475
5.5e-09, -2.76e-06, 0.575475
5.5e-09, -2.88e-06, 0.575475
5.5e-09, -3e-06, 0.575475
5.5e-09, -3.12e-06, 0.575475
5.5e-09, -3.24e-06, 0.575475
5.5e-09, -3.36e-06, 0.575475
5.5e-09, -3.48e-06, 0.575485
5.5e-09, -3.6e-06, 0.909215
5.6e-09, -0, 0.909213
5.6e-09, -1.2e-07, 0.575486
5.6e-09, -2.4e-07, 0.575475
5.6e-09, -3.6e-07, 0.575475
5.6e-09, -4.8e-07, 0.575475
5.6e-09, -6e-07, 0.575475
5.6e-09, -7.2e-07, 0.575475
5.6e-09, -8.4e-07, 0.575475
5.6e-09, -9.6e-07, 0.575475
5.6e-09, -1.08e-06, 0.575483
5.6e-09, -1.2e-06, 0.839474
5.6e-09, -1.32e-06, 0.839556
5.6e-09, -1.44e-06, 0.839556
5.6e-09, -1.56e-06, 0.839556
5.6e-09, -1.68e-06, 0.839556
5.6e-09, -1.8e-06, 0.839556
5.6e-09, -1.92e-06, 0.839556
5.6e-09, -2.04e-06, 0.839556
5.6e-09, -2.16e-06, 0.839556
5.6e-09, -2.28e-06, 0.839556
5.6e-09, -2.4e-06, 0.839474
5.6e-09, -2.52e-06, 0.575483
5.6e-09, -2.64e-06, 0.575475
5.6e-09, -2.76e-06, 0.575475
5.6e-09, -2.88e-06, 0.575475
5.6e-09, -3e-06, 0.575475
5.6e-09, -3.12e-06, 0.575475
5.6e-09, -3.24e-06, 0.575475
5.6e-09, -3.36e-06, 0.575475
5.6e-09, -3.48e-06, 0.575486
5.6e-09, -3.6e-06, 0.909213
5.7e-09, -0, 0.909211
5.7e-09, -1.2e-07, 0.575487
5.7e-09, -2.4e-07, 0.575475
5.7e-09, -3.6e-07, 0.575475
5.7e-09, -4.8e-07, 0.575475
5.7e-09, -6e-07, 0.575475
5.7e-09, -7.2e-07, 0.575475
5.7e-09, -8.4e-07, 0.575475
5.7e-09, -9.6e-07, 0.575475
5.7e-09, -1.08e-06, 0.575484
5.7e-09, -1.2e-06, 0.88804
5.7e-09, -1.32e-06, 0.888102
5.7e-09, -1.44e-06, 0.888102
5.7e-09, -1.56e-06, 0.888102
5.7e-09, -1.68e-06, 0.888102
5.7e-09, -1.8e-06, 0.888102
5.7e-09, -1.92e-06, 0.888102
5.7e-09, -2.04e-06, 0.888102
5.7e-09, -2.16e-06, 0.888102
5.7e-09, -2.28e-06, 0.888102
5.7e-09, -2.4e-06, 0.88804
5.7e-09, -2.52e-06, 0.575484
5.7e-09, -2.64e-06, 0.575475
5.7e-09, -2.76e-06, 0.575475
5.7e-09, -2.88e-06, 0.575475
5.7e-09, -3e-06, 0.575475
5.7e-09, -3.12e-06, 0.575475
5.7e-09, -3.24e-06, 0.575475
5.7e-09, -3.36e-06, 0.575475
5.7e-09, -3.48e-06, 0.575487
5.7e-09, -3.6e-06, 0.909211
5.8e-09, -0, 0.90921
5.8e-09, -1.2e-07, 0.575488
5.8e-09, -2.4e-07, 0.575475
5.8e-09, -3.6e-07, 0.575475
5.8e-09, -4.8e-07, 0.575475
5.8e-09, -6e-07, 0.575475
5.8e-09, -7.2e-07, 0.575475
5.8e-09, -8.4e-07, 0.575475
5.8e-09, -9.6e-07, 0.575475
5.8e-09, -1.08e-06, 0.575485
5.8e-09, -1.2e-06, 0.936606
5.8e-09, -1.32e-06, 0.936648
5.8e-09, -1.44e-06, 0.936648
5.8e-09, -1.56e-06, 0.936648
5.8e-09, -1.68e-06, 0.936648
5.8e-09, -1.8e-06, 0.936648
5.8e-09, -1.92e-06, 0.936648
5.8e-09, -2.04e-06, 0.936648
5.8e-09, -2.16e-06, 0.936648
5.8e-09, -2.28e-06, 0.936648
5.8e-09, -2.4e-06, 0.936606
5.8e-09, -2.52e-06, 0.575485
5.8e-09, -2.64e-06, 0.575475
5.8e-09, -2.76e-06, 0.575475
5.8e-09, -2.88e-06, 0.575475
5.8e-09, -3e-06, 0.575475
5.8e-09, -3.12e-06, 0.575475
5.8e-09, -3.24e-06, 0.575475
5.8e-09, -3.36e-06, 0.575475
5.8e-09, -3.48e-06, 0.575488
5.8e-09, -3.6e-06, 0.90921
5.9e-09, -0, 0.909209
5.9e-09, -1.2e-07, 0.575488
5.9e-09, -2.4e-07, 0.575475
5.9e-09, -3.6e-07, 0.575475
5.9e-09, -4.8e-07, 0.575475
5.9e-09, -6e-07, 0.575475
5.9e-09, -7.2e-07, 0.575475
5.9e-09, -8.4e-07, 0.575475
5.9e-09, -9.6e-07, 0.575475
5.9e-09, -1.08e-06, 0.575485
5.9e-09, -1.2e-06, 0.985173
5.9e-09, -1.32e-06, 0.985194
5.9e-09, -1.44e-06, 0.985194
5.9e-09, -1.56e-06, 0.985194
5.9e-09, -1.68e-06, 0.985194
5.9e-09, -1.8e-06, 0.985194
5.9e-09, -1.92e-06, 0.985194
5.9e-09, -2.04e-06, 0.985194
5.9e-09, -2.16e-06, 0.985194
5.9e-09, -2.28e-06, 0.985194
5.9e-09, -2.4e-06, 0.985173
5.9e-09, -2.52e-06, 0.575485
5.9e-09, -2.64e-06, 0.575475
5.9e-09, -2.76e-06, 0.575475
5.9e-09, -2.88e-06, 0.575475
5.9e-09, -3e-06, 0.575475
5.9e-09, -3.12e-06, 0.575475
5.9e-09, -3.24e-06, 0.575475
5.9e-09, -3.36e-06, 0.575475
5.9e-09, -3.48e-06, 0.575488
5.9e-09, -3.6e-06, 0.909209
6e-09, -0, 0.909209
6e-09, -1.2e-07, 0.575488
6e-09, -2.4e-07, 0.575475
6e-09, -3.6e-07, 0.575475
6e-09, -4.8e-07, 0.575475
6e-09, -6e-07, 0.575475
6e-09, -7.2e-07, 0.575475
6e-09, -8.4e-07, 0.575475
6e-09, -9.6e-07, 0.575475
6e-09, -1.08e-06, 0.575485
6e-09, -1.2e-06, 1.03374
6e-09, -1.32e-06, 1.03374
6e-09, -1.44e-06, 1.03374
6e-09, -1.56e-06, 1.03374
6e-09, -1.68e-06, 1.03374
6e-09, -1.8e-06, 1.03374
6e-09, -1.92e-06, 1.03374
6e-09, -2.04e-06, 1.03374
6e-09, -2.16e-06, 1.03374
6e-09, -2.28e-06, 1.03374
6e-09, -2.4e-06, 1.03374
6e-09, -2.52e-06, 0.575485
6e-09, -2.64e-06, 0.575475
6e-09, -2.76e-06, 0.575475
6e-09, -2.88e-06, 0.575475
6e-09, -3e-06, 0.575475
6e-09, -3.12e-06, 0.575475
6e-09, -3.24e-06, 0.575475
6e-09, -3.36e-06, 0.575475
6e-09, -3.48e-06, 0.575488
6e-09, -3.6e-06, 0.909209
