0, -0, 0.909209
0, -1.2e-07, 0.575488
0, -2.4e-07, 0.575475
0, -3.6e-07, 0.575475
0, -4.8e-07, 0.575475
0, -6e-07, 0.575475
0, -7.2e-07, 0.575475
0, -8.4e-07, 0.575475
0, -9.6e-07, 0.575475
0, -1.08e-06, 0.575489
0, -1.2e-06, 1.13374
0, -1.32e-06, 1.13374
0, -1.44e-06, 1.13374
0, -1.56e-06, 1.13374
0, -1.68e-06, 1.13374
0, -1.8e-06, 1.13374
0, -1.92e-06, 1.13374
0, -2.04e-06, 1.13374
0, -2.16e-06, 1.13374
0, -2.28e-06, 1.13374
0, -2.4e-06, 1.13374
0, -2.52e-06, 0.575489
0, -2.64e-06, 0.575475
0, -2.76e-06, 0.575475
0, -2.88e-06, 0.575475
0, -3e-06, 0.575475
0, -3.12e-06, 0.575475
0, -3.24e-06, 0.575475
0, -3.36e-06, 0.575475
0, -3.48e-06, 0.575488
0, -3.6e-06, 0.909209
1e-10, -0, 0.909209
1e-10, -1.2e-07, 0.575488
1e-10, -2.4e-07, 0.575475
1e-10, -3.6e-07, 0.575475
1e-10, -4.8e-07, 0.575475
1e-10, -6e-07, 0.575475
1e-10, -7.2e-07, 0.575475
1e-10, -8.4e-07, 0.575475
1e-10, -9.6e-07, 0.575475
1e-10, -1.08e-06, 0.575489
1e-10, -1.2e-06, 1.08432
1e-10, -1.32e-06, 1.08435
1e-10, -1.44e-06, 1.08435
1e-10, -1.56e-06, 1.08435
1e-10, -1.68e-06, 1.08435
1e-10, -1.8e-06, 1.08435
1e-10, -1.92e-06, 1.08435
1e-10, -2.04e-06, 1.08435
1e-10, -2.16e-06, 1.08435
1e-10, -2.28e-06, 1.08435
1e-10, -2.4e-06, 1.08432
1e-10, -2.52e-06, 0.575489
1e-10, -2.64e-06, 0.575475
1e-10, -2.76e-06, 0.575475
1e-10, -2.88e-06, 0.575475
1e-10, -3e-06, 0.575475
1e-10, -3.12e-06, 0.575475
1e-10, -3.24e-06, 0.575475
1e-10, -3.36e-06, 0.575475
1e-10, -3.48e-06, 0.575488
1e-10, -3.6e-06, 0.909209
2e-10, -0, 0.90921
2e-10, -1.2e-07, 0.575488
2e-10, -2.4e-07, 0.575475
2e-10, -3.6e-07, 0.575475
2e-10, -4.8e-07, 0.575475
2e-10, -6e-07, 0.575475
2e-10, -7.2e-07, 0.575475
2e-10, -8.4e-07, 0.575475
2e-10, -9.6e-07, 0.575475
2e-10, -1.08e-06, 0.575488
2e-10, -1.2e-06, 1.03491
2e-10, -1.32e-06, 1.03496
2e-10, -1.44e-06, 1.03496
2e-10, -1.56e-06, 1.03496
2e-10, -1.68e-06, 1.03496
2e-10, -1.8e-06, 1.03496
2e-10, -1.92e-06, 1.03496
2e-10, -2.04e-06, 1.03496
2e-10, -2.16e-06, 1.03496
2e-10, -2.28e-06, 1.03496
2e-10, -2.4e-06, 1.03491
2e-10, -2.52e-06, 0.575488
2e-10, -2.64e-06, 0.575475
2e-10, -2.76e-06, 0.575475
2e-10, -2.88e-06, 0.575475
2e-10, -3e-06, 0.575475
2e-10, -3.12e-06, 0.575475
2e-10, -3.24e-06, 0.575475
2e-10, -3.36e-06, 0.575475
2e-10, -3.48e-06, 0.575488
2e-10, -3.6e-06, 0.90921
3e-10, -0, 0.909211
3e-10, -1.2e-07, 0.575487
3e-10, -2.4e-07, 0.575475
3e-10, -3.6e-07, 0.575475
3e-10, -4.8e-07, 0.575475
3e-10, -6e-07, 0.575475
3e-10, -7.2e-07, 0.575475
3e-10, -8.4e-07, 0.575475
3e-10, -9.6e-07, 0.575475
3e-10, -1.08e-06, 0.575487
3e-10, -1.2e-06, 0.985493
3e-10, -1.32e-06, 0.98557
3e-10, -1.44e-06, 0.98557
3e-10, -1.56e-06, 0.98557
3e-10, -1.68e-06, 0.98557
3e-10, -1.8e-06, 0.98557
3e-10, -1.92e-06, 0.98557
3e-10, -2.04e-06, 0.98557
3e-10, -2.16e-06, 0.98557
3e-10, -2.28e-06, 0.98557
3e-10, -2.4e-06, 0.985493
3e-10, -2.52e-06, 0.575487
3e-10, -2.64e-06, 0.575475
3e-10, -2.76e-06, 0.575475
3e-10, -2.88e-06, 0.575475
3e-10, -3e-06, 0.575475
3e-10, -3.12e-06, 0.575475
3e-10, -3.24e-06, 0.575475
3e-10, -3.36e-06, 0.575475
3e-10, -3.48e-06, 0.575487
3e-10, -3.6e-06, 0.909211
4e-10, -0, 0.909213
4e-10, -1.2e-07, 0.575486
4e-10, -2.4e-07, 0.575475
4e-10, -3.6e-07, 0.575475
4e-10, -4.8e-07, 0.575475
4e-10, -6e-07, 0.575475
4e-10, -7.2e-07, 0.575475
4e-10, -8.4e-07, 0.575475
4e-10, -9.6e-07, 0.575475
4e-10, -1.08e-06, 0.575486
4e-10, -1.2e-06, 0.936078
4e-10, -1.32e-06, 0.93618
4e-10, -1.44e-06, 0.93618
4e-10, -1.56e-06, 0.93618
4e-10, -1.68e-06, 0.93618
4e-10, -1.8e-06, 0.93618
4e-10, -1.92e-06, 0.93618
4e-10, -2.04e-06, 0.93618
4e-10, -2.16e-06, 0.93618
4e-10, -2.28e-06, 0.93618
4e-10, -2.4e-06, 0.936078
4e-10, -2.52e-06, 0.575486
4e-10, -2.64e-06, 0.575475
4e-10, -2.76e-06, 0.575475
4e-10, -2.88e-06, 0.575475
4e-10, -3e-06, 0.575475
4e-10, -3.12e-06, 0.575475
4e-10, -3.24e-06, 0.575475
4e-10, -3.36e-06, 0.575475
4e-10, -3.48e-06, 0.575486
4e-10, -3.6e-06, 0.909213
5e-10, -0, 0.909215
5e-10, -1.2e-07, 0.575485
5e-10, -2.4e-07, 0.575475
5e-10, -3.6e-07, 0.575475
5e-10, -4.8e-07, 0.575475
5e-10, -6e-07, 0.575475
5e-10, -7.2e-07, 0.575475
5e-10, -8.4e-07, 0.575475
5e-10, -9.6e-07, 0.575475
5e-10, -1.08e-06, 0.575485
5e-10, -1.2e-06, 0.886664
5e-10, -1.32e-06, 0.886789
5e-10, -1.44e-06, 0.886789
5e-10, -1.56e-06, 0.886789
5e-10, -1.68e-06, 0.886789
5e-10, -1.8e-06, 0.886789
5e-10, -1.92e-06, 0.886789
5e-10, -2.04e-06, 0.886789
5e-10, -2.16e-06, 0.886789
5e-10, -2.28e-06, 0.886789
5e-10, -2.4e-06, 0.886664
5e-10, -2.52e-06, 0.575485
5e-10, -2.64e-06, 0.575475
5e-10, -2.76e-06, 0.575475
5e-10, -2.88e-06, 0.575475
5e-10, -3e-06, 0.575475
5e-10, -3.12e-06, 0.575475
5e-10, -3.24e-06, 0.575475
5e-10, -3.36e-06, 0.575475
5e-10, -3.48e-06, 0.575485
5e-10, -3.6e-06, 0.909215
6e-10, -0, 0.909215
6e-10, -1.2e-07, 0.575485
6e-10, -2.4e-07, 0.575475
6e-10, -3.6e-07, 0.575475
6e-10, -4.8e-07, 0.575475
6e-10, -6e-07, 0.575475
6e-10, -7.2e-07, 0.575475
6e-10, -8.4e-07, 0.575475
6e-10, -9.6e-07, 0.575475
6e-10, -1.08e-06, 0.575484
6e-10, -1.2e-06, 0.870192
6e-10, -1.32e-06, 0.870326
6e-10, -1.44e-06, 0.870326
6e-10, -1.56e-06, 0.870326
6e-10, -1.68e-06, 0.870326
6e-10, -1.8e-06, 0.870326
6e-10, -1.92e-06, 0.870326
6e-10, -2.04e-06, 0.870326
6e-10, -2.16e-06, 0.870326
6e-10, -2.28e-06, 0.870326
6e-10, -2.4e-06, 0.870192
6e-10, -2.52e-06, 0.575484
6e-10, -2.64e-06, 0.575475
6e-10, -2.76e-06, 0.575475
6e-10, -2.88e-06, 0.575475
6e-10, -3e-06, 0.575475
6e-10, -3.12e-06, 0.575475
6e-10, -3.24e-06, 0.575475
6e-10, -3.36e-06, 0.575475
6e-10, -3.48e-06, 0.575485
6e-10, -3.6e-06, 0.909215
7e-10, -0, 0.909215
7e-10, -1.2e-07, 0.575485
7e-10, -2.4e-07, 0.575475
7e-10, -3.6e-07, 0.575475
7e-10, -4.8e-07, 0.575475
7e-10, -6e-07, 0.575475
7e-10, -7.2e-07, 0.575475
7e-10, -8.4e-07, 0.575475
7e-10, -9.6e-07, 0.575475
7e-10, -1.08e-06, 0.575484
7e-10, -1.2e-06, 0.86834
7e-10, -1.32e-06, 0.868481
7e-10, -1.44e-06, 0.868481
7e-10, -1.56e-06, 0.868481
7e-10, -1.68e-06, 0.868481
7e-10, -1.8e-06, 0.868481
7e-10, -1.92e-06, 0.868481
7e-10, -2.04e-06, 0.868481
7e-10, -2.16e-06, 0.868481
7e-10, -2.28e-06, 0.868481
7e-10, -2.4e-06, 0.86834
7e-10, -2.52e-06, 0.575484
7e-10, -2.64e-06, 0.575475
7e-10, -2.76e-06, 0.575475
7e-10, -2.88e-06, 0.575475
7e-10, -3e-06, 0.575475
7e-10, -3.12e-06, 0.575475
7e-10, -3.24e-06, 0.575475
7e-10, -3.36e-06, 0.575475
7e-10, -3.48e-06, 0.575485
7e-10, -3.6e-06, 0.909215
8e-10, -0, 0.909215
8e-10, -1.2e-07, 0.575484
8e-10, -2.4e-07, 0.575475
8e-10, -3.6e-07, 0.575475
8e-10, -4.8e-07, 0.575475
8e-10, -6e-07, 0.575475
8e-10, -7.2e-07, 0.575475
8e-10, -8.4e-07, 0.575475
8e-10, -9.6e-07, 0.575475
8e-10, -1.08e-06, 0.575484
8e-10, -1.2e-06, 0.866571
8e-10, -1.32e-06, 0.86672
8e-10, -1.44e-06, 0.86672
8e-10, -1.56e-06, 0.86672
8e-10, -1.68e-06, 0.86672
8e-10, -1.8e-06, 0.86672
8e-10, -1.92e-06, 0.86672
8e-10, -2.04e-06, 0.86672
8e-10, -2.16e-06, 0.86672
8e-10, -2.28e-06, 0.86672
8e-10, -2.4e-06, 0.866571
8e-10, -2.52e-06, 0.575484
8e-10, -2.64e-06, 0.575475
8e-10, -2.76e-06, 0.575475
8e-10, -2.88e-06, 0.575475
8e-10, -3e-06, 0.575475
8e-10, -3.12e-06, 0.575475
8e-10, -3.24e-06, 0.575475
8e-10, -3.36e-06, 0.575475
8e-10, -3.48e-06, 0.575484
8e-10, -3.6e-06, 0.909215
9e-10, -0, 0.909215
9e-10, -1.2e-07, 0.575484
9e-10, -2.4e-07, 0.575475
9e-10, -3.6e-07, 0.575475
9e-10, -4.8e-07, 0.575475
9e-10, -6e-07, 0.575475
9e-10, -7.2e-07, 0.575475
9e-10, -8.4e-07, 0.575475
9e-10, -9.6e-07, 0.575475
9e-10, -1.08e-06, 0.575483
9e-10, -1.2e-06, 0.864882
9e-10, -1.32e-06, 0.865038
9e-10, -1.44e-06, 0.865038
9e-10, -1.56e-06, 0.865038
9e-10, -1.68e-06, 0.865038
9e-10, -1.8e-06, 0.865038
9e-10, -1.92e-06, 0.865038
9e-10, -2.04e-06, 0.865038
9e-10, -2.16e-06, 0.865038
9e-10, -2.28e-06, 0.865038
9e-10, -2.4e-06, 0.864882
9e-10, -2.52e-06, 0.575483
9e-10, -2.64e-06, 0.575475
9e-10, -2.76e-06, 0.575475
9e-10, -2.88e-06, 0.575475
9e-10, -3e-06, 0.575475
9e-10, -3.12e-06, 0.575475
9e-10, -3.24e-06, 0.575475
9e-10, -3.36e-06, 0.575475
9e-10, -3.48e-06, 0.575484
9e-10, -3.6e-06, 0.909215
1e-09, -0, 0.909215
1e-09, -1.2e-07, 0.575484
1e-09, -2.4e-07, 0.575475
1e-09, -3.6e-07, 0.575475
1e-09, -4.8e-07, 0.575475
1e-09, -6e-07, 0.575475
1e-09, -7.2e-07, 0.575475
1e-09, -8.4e-07, 0.575475
1e-09, -9.6e-07, 0.575475
1e-09, -1.08e-06, 0.575483
1e-09, -1.2e-06, 0.863273
1e-09, -1.32e-06, 0.863436
1e-09, -1.44e-06, 0.863436
1e-09, -1.56e-06, 0.863436
1e-09, -1.68e-06, 0.863436
1e-09, -1.8e-06, 0.863436
1e-09, -1.92e-06, 0.863436
1e-09, -2.04e-06, 0.863436
1e-09, -2.16e-06, 0.863436
1e-09, -2.28e-06, 0.863436
1e-09, -2.4e-06, 0.863273
1e-09, -2.52e-06, 0.575483
1e-09, -2.64e-06, 0.575475
1e-09, -2.76e-06, 0.575475
1e-09, -2.88e-06, 0.575475
1e-09, -3e-06, 0.575475
1e-09, -3.12e-06, 0.575475
1e-09, -3.24e-06, 0.575475
1e-09, -3.36e-06, 0.575475
1e-09, -3.48e-06, 0.575484
1e-09, -3.6e-06, 0.909215
1.1e-09, -0, 0.909215
1.1e-09, -1.2e-07, 0.575484
1.1e-09, -2.4e-07, 0.575475
1.1e-09, -3.6e-07, 0.575475
1.1e-09, -4.8e-07, 0.575475
1.1e-09, -6e-07, 0.575475
1.1e-09, -7.2e-07, 0.575475
1.1e-09, -8.4e-07, 0.575475
1.1e-09, -9.6e-07, 0.575475
1.1e-09, -1.08e-06, 0.575483
1.1e-09, -1.2e-06, 0.861743
1.1e-09, -1.32e-06, 0.861913
1.1e-09, -1.44e-06, 0.861913
1.1e-09, -1.56e-06, 0.861913
1.1e-09, -1.68e-06, 0.861913
1.1e-09, -1.8e-06, 0.861913
1.1e-09, -1.92e-06, 0.861913
1.1e-09, -2.04e-06, 0.861913
1.1e-09, -2.16e-06, 0.861913
1.1e-09, -2.28e-06, 0.861913
1.1e-09, -2.4e-06, 0.861743
1.1e-09, -2.52e-06, 0.575483
1.1e-09, -2.64e-06, 0.575475
1.1e-09, -2.76e-06, 0.575475
1.1e-09, -2.88e-06, 0.575475
1.1e-09, -3e-06, 0.575475
1.1e-09, -3.12e-06, 0.575475
1.1e-09, -3.24e-06, 0.575475
1.1e-09, -3.36e-06, 0.575475
1.1e-09, -3.48e-06, 0.575484
1.1e-09, -3.6e-06, 0.909215
1.2e-09, -0, 0.909215
1.2e-09, -1.2e-07, 0.575484
1.2e-09, -2.4e-07, 0.575475
1.2e-09, -3.6e-07, 0.575475
1.2e-09, -4.8e-07, 0.575475
1.2e-09, -6e-07, 0.575475
1.2e-09, -7.2e-07, 0.575475
1.2e-09, -8.4e-07, 0.575475
1.2e-09, -9.6e-07, 0.575475
1.2e-09, -1.08e-06, 0.575483
1.2e-09, -1.2e-06, 0.860293
1.2e-09, -1.32e-06, 0.860469
1.2e-09, -1.44e-06, 0.860469
1.2e-09, -1.56e-06, 0.860469
1.2e-09, -1.68e-06, 0.860469
1.2e-09, -1.8e-06, 0.860469
1.2e-09, -1.92e-06, 0.860469
1.2e-09, -2.04e-06, 0.860469
1.2e-09, -2.16e-06, 0.860469
1.2e-09, -2.28e-06, 0.860469
1.2e-09, -2.4e-06, 0.860293
1.2e-09, -2.52e-06, 0.575483
1.2e-09, -2.64e-06, 0.575475
1.2e-09, -2.76e-06, 0.575475
1.2e-09, -2.88e-06, 0.575475
1.2e-09, -3e-06, 0.575475
1.2e-09, -3.12e-06, 0.575475
1.2e-09, -3.24e-06, 0.575475
1.2e-09, -3.36e-06, 0.575475
1.2e-09, -3.48e-06, 0.575484
1.2e-09, -3.6e-06, 0.909215
1.3e-09, -0, 0.909215
1.3e-09, -1.2e-07, 0.575484
1.3e-09, -2.4e-07, 0.575475
1.3e-09, -3.6e-07, 0.575475
1.3e-09, -4.8e-07, 0.575475
1.3e-09, -6e-07, 0.575475
1.3e-09, -7.2e-07, 0.575475
1.3e-09, -8.4e-07, 0.575475
1.3e-09, -9.6e-07, 0.575475
1.3e-09, -1.08e-06, 0.575483
1.3e-09, -1.2e-06, 0.858923
1.3e-09, -1.32e-06, 0.859104
1.3e-09, -1.44e-06, 0.859104
1.3e-09, -1.56e-06, 0.859104
1.3e-09, -1.68e-06, 0.859104
1.3e-09, -1.8e-06, 0.859104
1.3e-09, -1.92e-06, 0.859104
1.3e-09, -2.04e-06, 0.859104
1.3e-09, -2.16e-06, 0.859104
1.3e-09, -2.28e-06, 0.859104
1.3e-09, -2.4e-06, 0.858923
1.3e-09, -2.52e-06, 0.575483
1.3e-09, -2.64e-06, 0.575475
1.3e-09, -2.76e-06, 0.575475
1.3e-09, -2.88e-06, 0.575475
1.3e-09, -3e-06, 0.575475
1.3e-09, -3.12e-06, 0.575475
1.3e-09, -3.24e-06, 0.575475
1.3e-09, -3.36e-06, 0.575475
1.3e-09, -3.48e-06, 0.575484
1.3e-09, -3.6e-06, 0.909215
1.4e-09, -0, 0.909215
1.4e-09, -1.2e-07, 0.575484
1.4e-09, -2.4e-07, 0.575475
1.4e-09, -3.6e-07, 0.575475
1.4e-09, -4.8e-07, 0.575475
1.4e-09, -6e-07, 0.575475
1.4e-09, -7.2e-07, 0.575475
1.4e-09, -8.4e-07, 0.575475
1.4e-09, -9.6e-07, 0.575475
1.4e-09, -1.08e-06, 0.575482
1.4e-09, -1.2e-06, 0.857632
1.4e-09, -1.32e-06, 0.857818
1.4e-09, -1.44e-06, 0.857818
1.4e-09, -1.56e-06, 0.857818
1.4e-09, -1.68e-06, 0.857818
1.4e-09, -1.8e-06, 0.857818
1.4e-09, -1.92e-06, 0.857818
1.4e-09, -2.04e-06, 0.857818
1.4e-09, -2.16e-06, 0.857818
1.4e-09, -2.28e-06, 0.857818
1.4e-09, -2.4e-06, 0.857632
1.4e-09, -2.52e-06, 0.575482
1.4e-09, -2.64e-06, 0.575475
1.4e-09, -2.76e-06, 0.575475
1.4e-09, -2.88e-06, 0.575475
1.4e-09, -3e-06, 0.575475
1.4e-09, -3.12e-06, 0.575475
1.4e-09, -3.24e-06, 0.575475
1.4e-09, -3.36e-06, 0.575475
1.4e-09, -3.48e-06, 0.575484
1.4e-09, -3.6e-06, 0.909215
1.5e-09, -0, 0.909215
1.5e-09, -1.2e-07, 0.575483
1.5e-09, -2.4e-07, 0.575475
1.5e-09, -3.6e-07, 0.575475
1.5e-09, -4.8e-07, 0.575475
1.5e-09, -6e-07, 0.575475
1.5e-09, -7.2e-07, 0.575475
1.5e-09, -8.4e-07, 0.575475
1.5e-09, -9.6e-07, 0.575475
1.5e-09, -1.08e-06, 0.575482
1.5e-09, -1.2e-06, 0.856419
1.5e-09, -1.32e-06, 0.856611
1.5e-09, -1.44e-06, 0.856611
1.5e-09, -1.56e-06, 0.856611
1.5e-09, -1.68e-06, 0.856611
1.5e-09, -1.8e-06, 0.856611
1.5e-09, -1.92e-06, 0.856611
1.5e-09, -2.04e-06, 0.856611
1.5e-09, -2.16e-06, 0.856611
1.5e-09, -2.28e-06, 0.856611
1.5e-09, -2.4e-06, 0.856419
1.5e-09, -2.52e-06, 0.575482
1.5e-09, -2.64e-06, 0.575475
1.5e-09, -2.76e-06, 0.575475
1.5e-09, -2.88e-06, 0.575475
1.5e-09, -3e-06, 0.575475
1.5e-09, -3.12e-06, 0.575475
1.5e-09, -3.24e-06, 0.575475
1.5e-09, -3.36e-06, 0.575475
1.5e-09, -3.48e-06, 0.575483
1.5e-09, -3.6e-06, 0.909215
1.6e-09, -0, 0.909215
1.6e-09, -1.2e-07, 0.575483
1.6e-09, -2.4e-07, 0.575475
1.6e-09, -3.6e-07, 0.575475
1.6e-09, -4.8e-07, 0.575475
1.6e-09, -6e-07, 0.575475
1.6e-09, -7.2e-07, 0.575475
1.6e-09, -8.4e-07, 0.575475
1.6e-09, -9.6e-07, 0.575475
1.6e-09, -1.08e-06, 0.575482
1.6e-09, -1.2e-06, 0.855286
1.6e-09, -1.32e-06, 0.855483
1.6e-09, -1.44e-06, 0.855483
1.6e-09, -1.56e-06, 0.855483
1.6e-09, -1.68e-06, 0.855483
1.6e-09, -1.8e-06, 0.855483
1.6e-09, -1.92e-06, 0.855483
1.6e-09, -2.04e-06, 0.855483
1.6e-09, -2.16e-06, 0.855483
1.6e-09, -2.28e-06, 0.855483
1.6e-09, -2.4e-06, 0.855286
1.6e-09, -2.52e-06, 0.575482
1.6e-09, -2.64e-06, 0.575475
1.6e-09, -2.76e-06, 0.575475
1.6e-09, -2.88e-06, 0.575475
1.6e-09, -3e-06, 0.575475
1.6e-09, -3.12e-06, 0.575475
1.6e-09, -3.24e-06, 0.575475
1.6e-09, -3.36e-06, 0.575475
1.6e-09, -3.48e-06, 0.575483
1.6e-09, -3.6e-06, 0.909215
1.7e-09, -0, 0.909215
1.7e-09, -1.2e-07, 0.575483
1.7e-09, -2.4e-07, 0.575475
1.7e-09, -3.6e-07, 0.575475
1.7e-09, -4.8e-07, 0.575475
1.7e-09, -6e-07, 0.575475
1.7e-09, -7.2e-07, 0.575475
1.7e-09, -8.4e-07, 0.575475
1.7e-09, -9.6e-07, 0.575475
1.7e-09, -1.08e-06, 0.575482
1.7e-09, -1.2e-06, 0.854231
1.7e-09, -1.32e-06, 0.854432
1.7e-09, -1.44e-06, 0.854432
1.7e-09, -1.56e-06, 0.854432
1.7e-09, -1.68e-06, 0.854432
1.7e-09, -1.8e-06, 0.854432
1.7e-09, -1.92e-06, 0.854432
1.7e-09, -2.04e-06, 0.854432
1.7e-09, -2.16e-06, 0.854432
1.7e-09, -2.28e-06, 0.854432
1.7e-09, -2.4e-06, 0.854231
1.7e-09, -2.52e-06, 0.575482
1.7e-09, -2.64e-06, 0.575475
1.7e-09, -2.76e-06, 0.575475
1.7e-09, -2.88e-06, 0.575475
1.7e-09, -3e-06, 0.575475
1.7e-09, -3.12e-06, 0.575475
1.7e-09, -3.24e-06, 0.575475
1.7e-09, -3.36e-06, 0.575475
1.7e-09, -3.48e-06, 0.575483
1.7e-09, -3.6e-06, 0.909215
1.8e-09, -0, 0.909215
1.8e-09, -1.2e-07, 0.575483
1.8e-09, -2.4e-07, 0.575475
1.8e-09, -3.6e-07, 0.575475
1.8e-09, -4.8e-07, 0.575475
1.8e-09, -6e-07, 0.575475
1.8e-09, -7.2e-07, 0.575475
1.8e-09, -8.4e-07, 0.575475
1.8e-09, -9.6e-07, 0.575475
1.8e-09, -1.08e-06, 0.575482
1.8e-09, -1.2e-06, 0.853255
1.8e-09, -1.32e-06, 0.85346
1.8e-09, -1.44e-06, 0.853461
1.8e-09, -1.56e-06, 0.853461
1.8e-09, -1.68e-06, 0.853461
1.8e-09, -1.8e-06, 0.853461
1.8e-09, -1.92e-06, 0.853461
1.8e-09, -2.04e-06, 0.853461
1.8e-09, -2.16e-06, 0.853461
1.8e-09, -2.28e-06, 0.85346
1.8e-09, -2.4e-06, 0.853255
1.8e-09, -2.52e-06, 0.575482
1.8e-09, -2.64e-06, 0.575475
1.8e-09, -2.76e-06, 0.575475
1.8e-09, -2.88e-06, 0.575475
1.8e-09, -3e-06, 0.575475
1.8e-09, -3.12e-06, 0.575475
1.8e-09, -3.24e-06, 0.575475
1.8e-09, -3.36e-06, 0.575475
1.8e-09, -3.48e-06, 0.575483
1.8e-09, -3.6e-06, 0.909215
1.9e-09, -0, 0.909215
1.9e-09, -1.2e-07, 0.575483
1.9e-09, -2.4e-07, 0.575475
1.9e-09, -3.6e-07, 0.575475
1.9e-09, -4.8e-07, 0.575475
1.9e-09, -6e-07, 0.575475
1.9e-09, -7.2e-07, 0.575475
1.9e-09, -8.4e-07, 0.575475
1.9e-09, -9.6e-07, 0.575475
1.9e-09, -1.08e-06, 0.575482
1.9e-09, -1.2e-06, 0.852358
1.9e-09, -1.32e-06, 0.852567
1.9e-09, -1.44e-06, 0.852567
1.9e-09, -1.56e-06, 0.852567
1.9e-09, -1.68e-06, 0.852567
1.9e-09, -1.8e-06, 0.852567
1.9e-09, -1.92e-06, 0.852567
1.9e-09, -2.04e-06, 0.852567
1.9e-09, -2.16e-06, 0.852567
1.9e-09, -2.28e-06, 0.852567
1.9e-09, -2.4e-06, 0.852358
1.9e-09, -2.52e-06, 0.575482
1.9e-09, -2.64e-06, 0.575475
1.9e-09, -2.76e-06, 0.575475
1.9e-09, -2.88e-06, 0.575475
1.9e-09, -3e-06, 0.575475
1.9e-09, -3.12e-06, 0.575475
1.9e-09, -3.24e-06, 0.575475
1.9e-09, -3.36e-06, 0.575475
1.9e-09, -3.48e-06, 0.575483
1.9e-09, -3.6e-06, 0.909215
2e-09, -0, 0.909215
2e-09, -1.2e-07, 0.575483
2e-09, -2.4e-07, 0.575475
2e-09, -3.6e-07, 0.575475
2e-09, -4.8e-07, 0.575475
2e-09, -6e-07, 0.575475
2e-09, -7.2e-07, 0.575475
2e-09, -8.4e-07, 0.575475
2e-09, -9.6e-07, 0.575475
2e-09, -1.08e-06, 0.575482
2e-09, -1.2e-06, 0.851539
2e-09, -1.32e-06, 0.851751
2e-09, -1.44e-06, 0.851751
2e-09, -1.56e-06, 0.851751
2e-09, -1.68e-06, 0.851751
2e-09, -1.8e-06, 0.851751
2e-09, -1.92e-06, 0.851751
2e-09, -2.04e-06, 0.851751
2e-09, -2.16e-06, 0.851751
2e-09, -2.28e-06, 0.851751
2e-09, -2.4e-06, 0.851539
2e-09, -2.52e-06, 0.575482
2e-09, -2.64e-06, 0.575475
2e-09, -2.76e-06, 0.575475
2e-09, -2.88e-06, 0.575475
2e-09, -3e-06, 0.575475
2e-09, -3.12e-06, 0.575475
2e-09, -3.24e-06, 0.575475
2e-09, -3.36e-06, 0.575475
2e-09, -3.48e-06, 0.575483
2e-09, -3.6e-06, 0.909215
2.1e-09, -0, 0.909215
2.1e-09, -1.2e-07, 0.575483
2.1e-09, -2.4e-07, 0.575475
2.1e-09, -3.6e-07, 0.575475
2.1e-09, -4.8e-07, 0.575475
2.1e-09, -6e-07, 0.575475
2.1e-09, -7.2e-07, 0.575475
2.1e-09, -8.4e-07, 0.575475
2.1e-09, -9.6e-07, 0.575475
2.1e-09, -1.08e-06, 0.575482
2.1e-09, -1.2e-06, 0.850798
2.1e-09, -1.32e-06, 0.851013
2.1e-09, -1.44e-06, 0.851014
2.1e-09, -1.56e-06, 0.851014
2.1e-09, -1.68e-06, 0.851014
2.1e-09, -1.8e-06, 0.851014
2.1e-09, -1.92e-06, 0.851014
2.1e-09, -2.04e-06, 0.851014
2.1e-09, -2.16e-06, 0.851014
2.1e-09, -2.28e-06, 0.851013
2.1e-09, -2.4e-06, 0.850798
2.1e-09, -2.52e-06, 0.575482
2.1e-09, -2.64e-06, 0.575475
2.1e-09, -2.76e-06, 0.575475
2.1e-09, -2.88e-06, 0.575475
2.1e-09, -3e-06, 0.575475
2.1e-09, -3.12e-06, 0.575475
2.1e-09, -3.24e-06, 0.575475
2.1e-09, -3.36e-06, 0.575475
2.1e-09, -3.48e-06, 0.575483
2.1e-09, -3.6e-06, 0.909215
2.2e-09, -0, 0.909215
2.2e-09, -1.2e-07, 0.575483
2.2e-09, -2.4e-07, 0.575475
2.2e-09, -3.6e-07, 0.575475
2.2e-09, -4.8e-07, 0.575475
2.2e-09, -6e-07, 0.575475
2.2e-09, -7.2e-07, 0.575475
2.2e-09, -8.4e-07, 0.575475
2.2e-09, -9.6e-07, 0.575475
2.2e-09, -1.08e-06, 0.575482
2.2e-09, -1.2e-06, 0.850136
2.2e-09, -1.32e-06, 0.850354
2.2e-09, -1.44e-06, 0.850354
2.2e-09, -1.56e-06, 0.850354
2.2e-09, -1.68e-06, 0.850354
2.2e-09, -1.8e-06, 0.850354
2.2e-09, -1.92e-06, 0.850354
2.2e-09, -2.04e-06, 0.850354
2.2e-09, -2.16e-06, 0.850354
2.2e-09, -2.28e-06, 0.850354
2.2e-09, -2.4e-06, 0.850136
2.2e-09, -2.52e-06, 0.575482
2.2e-09, -2.64e-06, 0.575475
2.2e-09, -2.76e-06, 0.575475
2.2e-09, -2.88e-06, 0.575475
2.2e-09, -3e-06, 0.575475
2.2e-09, -3.12e-06, 0.575475
2.2e-09, -3.24e-06, 0.575475
2.2e-09, -3.36e-06, 0.575475
2.2e-09, -3.48e-06, 0.575483
2.2e-09, -3.6e-06, 0.909215
2.3e-09, -0, 0.909215
2.3e-09, -1.2e-07, 0.575483
2.3e-09, -2.4e-07, 0.575475
2.3e-09, -3.6e-07, 0.575475
2.3e-09, -4.8e-07, 0.575475
2.3e-09, -6e-07, 0.575475
2.3e-09, -7.2e-07, 0.575475
2.3e-09, -8.4e-07, 0.575475
2.3e-09, -9.6e-07, 0.575475
2.3e-09, -1.08e-06, 0.575482
2.3e-09, -1.2e-06, 0.849551
2.3e-09, -1.32e-06, 0.849772
2.3e-09, -1.44e-06, 0.849772
2.3e-09, -1.56e-06, 0.849772
2.3e-09, -1.68e-06, 0.849772
2.3e-09, -1.8e-06, 0.849772
2.3e-09, -1.92e-06, 0.849772
2.3e-09, -2.04e-06, 0.849772
2.3e-09, -2.16e-06, 0.849772
2.3e-09, -2.28e-06, 0.849772
2.3e-09, -2.4e-06, 0.849551
2.3e-09, -2.52e-06, 0.575482
2.3e-09, -2.64e-06, 0.575475
2.3e-09, -2.76e-06, 0.575475
2.3e-09, -2.88e-06, 0.575475
2.3e-09, -3e-06, 0.575475
2.3e-09, -3.12e-06, 0.575475
2.3e-09, -3.24e-06, 0.575475
2.3e-09, -3.36e-06, 0.575475
2.3e-09, -3.48e-06, 0.575483
2.3e-09, -3.6e-06, 0.909215
2.4e-09, -0, 0.909215
2.4e-09, -1.2e-07, 0.575483
2.4e-09, -2.4e-07, 0.575475
2.4e-09, -3.6e-07, 0.575475
2.4e-09, -4.8e-07, 0.575475
2.4e-09, -6e-07, 0.575475
2.4e-09, -7.2e-07, 0.575475
2.4e-09, -8.4e-07, 0.575475
2.4e-09, -9.6e-07, 0.575475
2.4e-09, -1.08e-06, 0.575482
2.4e-09, -1.2e-06, 0.849045
2.4e-09, -1.32e-06, 0.849267
2.4e-09, -1.44e-06, 0.849268
2.4e-09, -1.56e-06, 0.849268
2.4e-09, -1.68e-06, 0.849268
2.4e-09, -1.8e-06, 0.849268
2.4e-09, -1.92e-06, 0.849268
2.4e-09, -2.04e-06, 0.849268
2.4e-09, -2.16e-06, 0.849268
2.4e-09, -2.28e-06, 0.849267
2.4e-09, -2.4e-06, 0.849045
2.4e-09, -2.52e-06, 0.575482
2.4e-09, -2.64e-06, 0.575475
2.4e-09, -2.76e-06, 0.575475
2.4e-09, -2.88e-06, 0.575475
2.4e-09, -3e-06, 0.575475
2.4e-09, -3.12e-06, 0.575475
2.4e-09, -3.24e-06, 0.575475
2.4e-09, -3.36e-06, 0.575475
2.4e-09, -3.48e-06, 0.575483
2.4e-09, -3.6e-06, 0.909215
2.5e-09, -0, 0.909215
2.5e-09, -1.2e-07, 0.575483
2.5e-09, -2.4e-07, 0.575475
2.5e-09, -3.6e-07, 0.575475
2.5e-09, -4.8e-07, 0.575475
2.5e-09, -6e-07, 0.575475
2.5e-09, -7.2e-07, 0.575475
2.5e-09, -8.4e-07, 0.575475
2.5e-09, -9.6e-07, 0.575475
2.5e-09, -1.08e-06, 0.575482
2.5e-09, -1.2e-06, 0.848617
2.5e-09, -1.32e-06, 0.848841
2.5e-09, -1.44e-06, 0.848841
2.5e-09, -1.56e-06, 0.848841
2.5e-09, -1.68e-06, 0.848841
2.5e-09, -1.8e-06, 0.848841
2.5e-09, -1.92e-06, 0.848841
2.5e-09, -2.04e-06, 0.848841
2.5e-09, -2.16e-06, 0.848841
2.5e-09, -2.28e-06, 0.848841
2.5e-09, -2.4e-06, 0.848617
2.5e-09, -2.52e-06, 0.575482
2.5e-09, -2.64e-06, 0.575475
2.5e-09, -2.76e-06, 0.575475
2.5e-09, -2.88e-06, 0.575475
2.5e-09, -3e-06, 0.575475
2.5e-09, -3.12e-06, 0.575475
2.5e-09, -3.24e-06, 0.575475
2.5e-09, -3.36e-06, 0.575475
2.5e-09, -3.48e-06, 0.575483
2.5e-09, -3.6e-06, 0.909215
2.6e-09, -0, 0.909215
2.6e-09, -1.2e-07, 0.575483
2.6e-09, -2.4e-07, 0.575475
2.6e-09, -3.6e-07, 0.575475
2.6e-09, -4.8e-07, 0.575475
2.6e-09, -6e-07, 0.575475
2.6e-09, -7.2e-07, 0.575475
2.6e-09, -8.4e-07, 0.575475
2.6e-09, -9.6e-07, 0.575475
2.6e-09, -1.08e-06, 0.575482
2.6e-09, -1.2e-06, 0.848266
2.6e-09, -1.32e-06, 0.848492
2.6e-09, -1.44e-06, 0.848492
2.6e-09, -1.56e-06, 0.848492
2.6e-09, -1.68e-06, 0.848492
2.6e-09, -1.8e-06, 0.848492
2.6e-09, -1.92e-06, 0.848492
2.6e-09, -2.04e-06, 0.848492
2.6e-09, -2.16e-06, 0.848492
2.6e-09, -2.28e-06, 0.848492
2.6e-09, -2.4e-06, 0.848266
2.6e-09, -2.52e-06, 0.575482
2.6e-09, -2.64e-06, 0.575475
2.6e-09, -2.76e-06, 0.575475
2.6e-09, -2.88e-06, 0.575475
2.6e-09, -3e-06, 0.575475
2.6e-09, -3.12e-06, 0.575475
2.6e-09, -3.24e-06, 0.575475
2.6e-09, -3.36e-06, 0.575475
2.6e-09, -3.48e-06, 0.575483
2.6e-09, -3.6e-06, 0.909215
2.7e-09, -0, 0.909215
2.7e-09, -1.2e-07, 0.575483
2.7e-09, -2.4e-07, 0.575475
2.7e-09, -3.6e-07, 0.575475
2.7e-09, -4.8e-07, 0.575475
2.7e-09, -6e-07, 0.575475
2.7e-09, -7.2e-07, 0.575475
2.7e-09, -8.4e-07, 0.575475
2.7e-09, -9.6e-07, 0.575475
2.7e-09, -1.08e-06, 0.575482
2.7e-09, -1.2e-06, 0.847994
2.7e-09, -1.32e-06, 0.848221
2.7e-09, -1.44e-06, 0.848221
2.7e-09, -1.56e-06, 0.848221
2.7e-09, -1.68e-06, 0.848221
2.7e-09, -1.8e-06, 0.848221
2.7e-09, -1.92e-06, 0.848221
2.7e-09, -2.04e-06, 0.848221
2.7e-09, -2.16e-06, 0.848221
2.7e-09, -2.28e-06, 0.848221
2.7e-09, -2.4e-06, 0.847994
2.7e-09, -2.52e-06, 0.575482
2.7e-09, -2.64e-06, 0.575475
2.7e-09, -2.76e-06, 0.575475
2.7e-09, -2.88e-06, 0.575475
2.7e-09, -3e-06, 0.575475
2.7e-09, -3.12e-06, 0.575475
2.7e-09, -3.24e-06, 0.575475
2.7e-09, -3.36e-06, 0.575475
2.7e-09, -3.48e-06, 0.575483
2.7e-09, -3.6e-06, 0.909215
2.8e-09, -0, 0.909215
2.8e-09, -1.2e-07, 0.575483
2.8e-09, -2.4e-07, 0.575475
2.8e-09, -3.6e-07, 0.575475
2.8e-09, -4.8e-07, 0.575475
2.8e-09, -6e-07, 0.575475
2.8e-09, -7.2e-07, 0.575475
2.8e-09, -8.4e-07, 0.575475
2.8e-09, -9.6e-07, 0.575475
2.8e-09, -1.08e-06, 0.575482
2.8e-09, -1.2e-06, 0.847799
2.8e-09, -1.32e-06, 0.848027
2.8e-09, -1.44e-06, 0.848027
2.8e-09, -1.56e-06, 0.848027
2.8e-09, -1.68e-06, 0.848027
2.8e-09, -1.8e-06, 0.848027
2.8e-09, -1.92e-06, 0.848027
2.8e-09, -2.04e-06, 0.848027
2.8e-09, -2.16e-06, 0.848027
2.8e-09, -2.28e-06, 0.848027
2.8e-09, -2.4e-06, 0.847799
2.8e-09, -2.52e-06, 0.575482
2.8e-09, -2.64e-06, 0.575475
2.8e-09, -2.76e-06, 0.575475
2.8e-09, -2.88e-06, 0.575475
2.8e-09, -3e-06, 0.575475
2.8e-09, -3.12e-06, 0.575475
2.8e-09, -3.24e-06, 0.575475
2.8e-09, -3.36e-06, 0.575475
2.8e-09, -3.48e-06, 0.575483
2.8e-09, -3.6e-06, 0.909215
2.9e-09, -0, 0.909215
2.9e-09, -1.2e-07, 0.575483
2.9e-09, -2.4e-07, 0.575475
2.9e-09, -3.6e-07, 0.575475
2.9e-09, -4.8e-07, 0.575475
2.9e-09, -6e-07, 0.575475
2.9e-09, -7.2e-07, 0.575475
2.9e-09, -8.4e-07, 0.575475
2.9e-09, -9.6e-07, 0.575475
2.9e-09, -1.08e-06, 0.575482
2.9e-09, -1.2e-06, 0.847682
2.9e-09, -1.32e-06, 0.847911
2.9e-09, -1.44e-06, 0.847911
2.9e-09, -1.56e-06, 0.847911
2.9e-09, -1.68e-06, 0.847911
2.9e-09, -1.8e-06, 0.847911
2.9e-09, -1.92e-06, 0.847911
2.9e-09, -2.04e-06, 0.847911
2.9e-09, -2.16e-06, 0.847911
2.9e-09, -2.28e-06, 0.847911
2.9e-09, -2.4e-06, 0.847682
2.9e-09, -2.52e-06, 0.575482
2.9e-09, -2.64e-06, 0.575475
2.9e-09, -2.76e-06, 0.575475
2.9e-09, -2.88e-06, 0.575475
2.9e-09, -3e-06, 0.575475
2.9e-09, -3.12e-06, 0.575475
2.9e-09, -3.24e-06, 0.575475
2.9e-09, -3.36e-06, 0.575475
2.9e-09, -3.48e-06, 0.575483
2.9e-09, -3.6e-06, 0.909215
3e-09, -0, 0.909215
3e-09, -1.2e-07, 0.575483
3e-09, -2.4e-07, 0.575475
3e-09, -3.6e-07, 0.575475
3e-09, -4.8e-07, 0.575475
3e-09, -6e-07, 0.575475
3e-09, -7.2e-07, 0.575475
3e-09, -8.4e-07, 0.575475
3e-09, -9.6e-07, 0.575475
3e-09, -1.08e-06, 0.575482
3e-09, -1.2e-06, 0.847643
3e-09, -1.32e-06, 0.847872
3e-09, -1.44e-06, 0.847872
3e-09, -1.56e-06, 0.847872
3e-09, -1.68e-06, 0.847872
3e-09, -1.8e-06, 0.847872
3e-09, -1.92e-06, 0.847872
3e-09, -2.04e-06, 0.847872
3e-09, -2.16e-06, 0.847872
3e-09, -2.28e-06, 0.847872
3e-09, -2.4e-06, 0.847643
3e-09, -2.52e-06, 0.575482
3e-09, -2.64e-06, 0.575475
3e-09, -2.76e-06, 0.575475
3e-09, -2.88e-06, 0.575475
3e-09, -3e-06, 0.575475
3e-09, -3.12e-06, 0.575475
3e-09, -3.24e-06, 0.575475
3e-09, -3.36e-06, 0.575475
3e-09, -3.48e-06, 0.575483
3e-09, -3.6e-06, 0.909215
3.1e-09, -0, 0.909215
3.1e-09, -1.2e-07, 0.575483
3.1e-09, -2.4e-07, 0.575475
3.1e-09, -3.6e-07, 0.575475
3.1e-09, -4.8e-07, 0.575475
3.1e-09, -6e-07, 0.575475
3.1e-09, -7.2e-07, 0.575475
3.1e-09, -8.4e-07, 0.575475
3.1e-09, -9.6e-07, 0.575475
3.1e-09, -1.08e-06, 0.575482
3.1e-09, -1.2e-06, 0.847682
3.1e-09, -1.32e-06, 0.847911
3.1e-09, -1.44e-06, 0.847911
3.1e-09, -1.56e-06, 0.847911
3.1e-09, -1.68e-06, 0.847911
3.1e-09, -1.8e-06, 0.847911
3.1e-09, -1.92e-06, 0.847911
3.1e-09, -2.04e-06, 0.847911
3.1e-09, -2.16e-06, 0.847911
3.1e-09, -2.28e-06, 0.847911
3.1e-09, -2.4e-06, 0.847682
3.1e-09, -2.52e-06, 0.575482
3.1e-09, -2.64e-06, 0.575475
3.1e-09, -2.76e-06, 0.575475
3.1e-09, -2.88e-06, 0.575475
3.1e-09, -3e-06, 0.575475
3.1e-09, -3.12e-06, 0.575475
3.1e-09, -3.24e-06, 0.575475
3.1e-09, -3.36e-06, 0.575475
3.1e-09, -3.48e-06, 0.575483
3.1e-09, -3.6e-06, 0.909215
3.2e-09, -0, 0.909215
3.2e-09, -1.2e-07, 0.575483
3.2e-09, -2.4e-07, 0.575475
3.2e-09, -3.6e-07, 0.575475
3.2e-09, -4.8e-07, 0.575475
3.2e-09, -6e-07, 0.575475
3.2e-09, -7.2e-07, 0.575475
3.2e-09, -8.4e-07, 0.575475
3.2e-09, -9.6e-07, 0.575475
3.2e-09, -1.08e-06, 0.575482
3.2e-09, -1.2e-06, 0.847799
3.2e-09, -1.32e-06, 0.848027
3.2e-09, -1.44e-06, 0.848027
3.2e-09, -1.56e-06, 0.848027
3.2e-09, -1.68e-06, 0.848027
3.2e-09, -1.8e-06, 0.848027
3.2e-09, -1.92e-06, 0.848027
3.2e-09, -2.04e-06, 0.848027
3.2e-09, -2.16e-06, 0.848027
3.2e-09, -2.28e-06, 0.848027
3.2e-09, -2.4e-06, 0.847799
3.2e-09, -2.52e-06, 0.575482
3.2e-09, -2.64e-06, 0.575475
3.2e-09, -2.76e-06, 0.575475
3.2e-09, -2.88e-06, 0.575475
3.2e-09, -3e-06, 0.575475
3.2e-09, -3.12e-06, 0.575475
3.2e-09, -3.24e-06, 0.575475
3.2e-09, -3.36e-06, 0.575475
3.2e-09, -3.48e-06, 0.575483
3.2e-09, -3.6e-06, 0.909215
3.3e-09, -0, 0.909215
3.3e-09, -1.2e-07, 0.575483
3.3e-09, -2.4e-07, 0.575475
3.3e-09, -3.6e-07, 0.575475
3.3e-09, -4.8e-07, 0.575475
3.3e-09, -6e-07, 0.575475
3.3e-09, -7.2e-07, 0.575475
3.3e-09, -8.4e-07, 0.575475
3.3e-09, -9.6e-07, 0.575475
3.3e-09, -1.08e-06, 0.575482
3.3e-09, -1.2e-06, 0.847994
3.3e-09, -1.32e-06, 0.848221
3.3e-09, -1.44e-06, 0.848221
3.3e-09, -1.56e-06, 0.848221
3.3e-09, -1.68e-06, 0.848221
3.3e-09, -1.8e-06, 0.848221
3.3e-09, -1.92e-06, 0.848221
3.3e-09, -2.04e-06, 0.848221
3.3e-09, -2.16e-06, 0.848221
3.3e-09, -2.28e-06, 0.848221
3.3e-09, -2.4e-06, 0.847994
3.3e-09, -2.52e-06, 0.575482
3.3e-09, -2.64e-06, 0.575475
3.3e-09, -2.76e-06, 0.575475
3.3e-09, -2.88e-06, 0.575475
3.3e-09, -3e-06, 0.575475
3.3e-09, -3.12e-06, 0.575475
3.3e-09, -3.24e-06, 0.575475
3.3e-09, -3.36e-06, 0.575475
3.3e-09, -3.48e-06, 0.575483
3.3e-09, -3.6e-06, 0.909215
3.4e-09, -0, 0.909215
3.4e-09, -1.2e-07, 0.575483
3.4e-09, -2.4e-07, 0.575475
3.4e-09, -3.6e-07, 0.575475
3.4e-09, -4.8e-07, 0.575475
3.4e-09, -6e-07, 0.575475
3.4e-09, -7.2e-07, 0.575475
3.4e-09, -8.4e-07, 0.575475
3.4e-09, -9.6e-07, 0.575475
3.4e-09, -1.08e-06, 0.575482
3.4e-09, -1.2e-06, 0.848266
3.4e-09, -1.32e-06, 0.848492
3.4e-09, -1.44e-06, 0.848492
3.4e-09, -1.56e-06, 0.848492
3.4e-09, -1.68e-06, 0.848492
3.4e-09, -1.8e-06, 0.848492
3.4e-09, -1.92e-06, 0.848492
3.4e-09, -2.04e-06, 0.848492
3.4e-09, -2.16e-06, 0.848492
3.4e-09, -2.28e-06, 0.848492
3.4e-09, -2.4e-06, 0.848266
3.4e-09, -2.52e-06, 0.575482
3.4e-09, -2.64e-06, 0.575475
3.4e-09, -2.76e-06, 0.575475
3.4e-09, -2.88e-06, 0.575475
3.4e-09, -3e-06, 0.575475
3.4e-09, -3.12e-06, 0.575475
3.4e-09, -3.24e-06, 0.575475
3.4e-09, -3.36e-06, 0.575475
3.4e-09, -3.48e-06, 0.575483
3.4e-09, -3.6e-06, 0.909215
3.5e-09, -0, 0.909215
3.5e-09, -1.2e-07, 0.575483
3.5e-09, -2.4e-07, 0.575475
3.5e-09, -3.6e-07, 0.575475
3.5e-09, -4.8e-07, 0.575475
3.5e-09, -6e-07, 0.575475
3.5e-09, -7.2e-07, 0.575475
3.5e-09, -8.4e-07, 0.575475
3.5e-09, -9.6e-07, 0.575475
3.5e-09, -1.08e-06, 0.575482
3.5e-09, -1.2e-06, 0.848617
3.5e-09, -1.32e-06, 0.848841
3.5e-09, -1.44e-06, 0.848841
3.5e-09, -1.56e-06, 0.848841
3.5e-09, -1.68e-06, 0.848841
3.5e-09, -1.8e-06, 0.848841
3.5e-09, -1.92e-06, 0.848841
3.5e-09, -2.04e-06, 0.848841
3.5e-09, -2.16e-06, 0.848841
3.5e-09, -2.28e-06, 0.848841
3.5e-09, -2.4e-06, 0.848617
3.5e-09, -2.52e-06, 0.575482
3.5e-09, -2.64e-06, 0.575475
3.5e-09, -2.76e-06, 0.575475
3.5e-09, -2.88e-06, 0.575475
3.5e-09, -3e-06, 0.575475
3.5e-09, -3.12e-06, 0.575475
3.5e-09, -3.24e-06, 0.575475
3.5e-09, -3.36e-06, 0.575475
3.5e-09, -3.48e-06, 0.575483
3.5e-09, -3.6e-06, 0.909215
3.6e-09, -0, 0.909215
3.6e-09, -1.2e-07, 0.575483
3.6e-09, -2.4e-07, 0.575475
3.6e-09, -3.6e-07, 0.575475
3.6e-09, -4.8e-07, 0.575475
3.6e-09, -6e-07, 0.575475
3.6e-09, -7.2e-07, 0.575475
3.6e-09, -8.4e-07, 0.575475
3.6e-09, -9.6e-07, 0.575475
3.6e-09, -1.08e-06, 0.575482
3.6e-09, -1.2e-06, 0.849045
3.6e-09, -1.32e-06, 0.849267
3.6e-09, -1.44e-06, 0.849268
3.6e-09, -1.56e-06, 0.849268
3.6e-09, -1.68e-06, 0.849268
3.6e-09, -1.8e-06, 0.849268
3.6e-09, -1.92e-06, 0.849268
3.6e-09, -2.04e-06, 0.849268
3.6e-09, -2.16e-06, 0.849268
3.6e-09, -2.28e-06, 0.849267
3.6e-09, -2.4e-06, 0.849045
3.6e-09, -2.52e-06, 0.575482
3.6e-09, -2.64e-06, 0.575475
3.6e-09, -2.76e-06, 0.575475
3.6e-09, -2.88e-06, 0.575475
3.6e-09, -3e-06, 0.575475
3.6e-09, -3.12e-06, 0.575475
3.6e-09, -3.24e-06, 0.575475
3.6e-09, -3.36e-06, 0.575475
3.6e-09, -3.48e-06, 0.575483
3.6e-09, -3.6e-06, 0.909215
3.7e-09, -0, 0.909215
3.7e-09, -1.2e-07, 0.575483
3.7e-09, -2.4e-07, 0.575475
3.7e-09, -3.6e-07, 0.575475
3.7e-09, -4.8e-07, 0.575475
3.7e-09, -6e-07, 0.575475
3.7e-09, -7.2e-07, 0.575475
3.7e-09, -8.4e-07, 0.575475
3.7e-09, -9.6e-07, 0.575475
3.7e-09, -1.08e-06, 0.575482
3.7e-09, -1.2e-06, 0.849551
3.7e-09, -1.32e-06, 0.849772
3.7e-09, -1.44e-06, 0.849772
3.7e-09, -1.56e-06, 0.849772
3.7e-09, -1.68e-06, 0.849772
3.7e-09, -1.8e-06, 0.849772
3.7e-09, -1.92e-06, 0.849772
3.7e-09, -2.04e-06, 0.849772
3.7e-09, -2.16e-06, 0.849772
3.7e-09, -2.28e-06, 0.849772
3.7e-09, -2.4e-06, 0.849551
3.7e-09, -2.52e-06, 0.575482
3.7e-09, -2.64e-06, 0.575475
3.7e-09, -2.76e-06, 0.575475
3.7e-09, -2.88e-06, 0.575475
3.7e-09, -3e-06, 0.575475
3.7e-09, -3.12e-06, 0.575475
3.7e-09, -3.24e-06, 0.575475
3.7e-09, -3.36e-06, 0.575475
3.7e-09, -3.48e-06, 0.575483
3.7e-09, -3.6e-06, 0.909215
3.8e-09, -0, 0.909215
3.8e-09, -1.2e-07, 0.575483
3.8e-09, -2.4e-07, 0.575475
3.8e-09, -3.6e-07, 0.575475
3.8e-09, -4.8e-07, 0.575475
3.8e-09, -6e-07, 0.575475
3.8e-09, -7.2e-07, 0.575475
3.8e-09, -8.4e-07, 0.575475
3.8e-09, -9.6e-07, 0.575475
3.8e-09, -1.08e-06, 0.575482
3.8e-09, -1.2e-06, 0.850136
3.8e-09, -1.32e-06, 0.850354
3.8e-09, -1.44e-06, 0.850354
3.8e-09, -1.56e-06, 0.850354
3.8e-09, -1.68e-06, 0.850354
3.8e-09, -1.8e-06, 0.850354
3.8e-09, -1.92e-06, 0.850354
3.8e-09, -2.04e-06, 0.850354
3.8e-09, -2.16e-06, 0.850354
3.8e-09, -2.28e-06, 0.850354
3.8e-09, -2.4e-06, 0.850136
3.8e-09, -2.52e-06, 0.575482
3.8e-09, -2.64e-06, 0.575475
3.8e-09, -2.76e-06, 0.575475
3.8e-09, -2.88e-06, 0.575475
3.8e-09, -3e-06, 0.575475
3.8e-09, -3.12e-06, 0.575475
3.8e-09, -3.24e-06, 0.575475
3.8e-09, -3.36e-06, 0.575475
3.8e-09, -3.48e-06, 0.575483
3.8e-09, -3.6e-06, 0.909215
3.9e-09, -0, 0.909215
3.9e-09, -1.2e-07, 0.575483
3.9e-09, -2.4e-07, 0.575475
3.9e-09, -3.6e-07, 0.575475
3.9e-09, -4.8e-07, 0.575475
3.9e-09, -6e-07, 0.575475
3.9e-09, -7.2e-07, 0.575475
3.9e-09, -8.4e-07, 0.575475
3.9e-09, -9.6e-07, 0.575475
3.9e-09, -1.08e-06, 0.575482
3.9e-09, -1.2e-06, 0.850798
3.9e-09, -1.32e-06, 0.851013
3.9e-09, -1.44e-06, 0.851014
3.9e-09, -1.56e-06, 0.851014
3.9e-09, -1.68e-06, 0.851014
3.9e-09, -1.8e-06, 0.851014
3.9e-09, -1.92e-06, 0.851014
3.9e-09, -2.04e-06, 0.851014
3.9e-09, -2.16e-06, 0.851014
3.9e-09, -2.28e-06, 0.851013
3.9e-09, -2.4e-06, 0.850798
3.9e-09, -2.52e-06, 0.575482
3.9e-09, -2.64e-06, 0.575475
3.9e-09, -2.76e-06, 0.575475
3.9e-09, -2.88e-06, 0.575475
3.9e-09, -3e-06, 0.575475
3.9e-09, -3.12e-06, 0.575475
3.9e-09, -3.24e-06, 0.575475
3.9e-09, -3.36e-06, 0.575475
3.9e-09, -3.48e-06, 0.575483
3.9e-09, -3.6e-06, 0.909215
4e-09, -0, 0.909215
4e-09, -1.2e-07, 0.575483
4e-09, -2.4e-07, 0.575475
4e-09, -3.6e-07, 0.575475
4e-09, -4.8e-07, 0.575475
4e-09, -6e-07, 0.575475
4e-09, -7.2e-07, 0.575475
4e-09, -8.4e-07, 0.575475
4e-09, -9.6e-07, 0.575475
4e-09, -1.08e-06, 0.575482
4e-09, -1.2e-06, 0.851539
4e-09, -1.32e-06, 0.851751
4e-09, -1.44e-06, 0.851751
4e-09, -1.56e-06, 0.851751
4e-09, -1.68e-06, 0.851751
4e-09, -1.8e-06, 0.851751
4e-09, -1.92e-06, 0.851751
4e-09, -2.04e-06, 0.851751
4e-09, -2.16e-06, 0.851751
4e-09, -2.28e-06, 0.851751
4e-09, -2.4e-06, 0.851539
4e-09, -2.52e-06, 0.575482
4e-09, -2.64e-06, 0.575475
4e-09, -2.76e-06, 0.575475
4e-09, -2.88e-06, 0.575475
4e-09, -3e-06, 0.575475
4e-09, -3.12e-06, 0.575475
4e-09, -3.24e-06, 0.575475
4e-09, -3.36e-06, 0.575475
4e-09, -3.48e-06, 0.575483
4e-09, -3.6e-06, 0.909215
4.1e-09, -0, 0.909215
4.1e-09, -1.2e-07, 0.575483
4.1e-09, -2.4e-07, 0.575475
4.1e-09, -3.6e-07, 0.575475
4.1e-09, -4.8e-07, 0.575475
4.1e-09, -6e-07, 0.575475
4.1e-09, -7.2e-07, 0.575475
4.1e-09, -8.4e-07, 0.575475
4.1e-09, -9.6e-07, 0.575475
4.1e-09, -1.08e-06, 0.575482
4.1e-09, -1.2e-06, 0.852358
4.1e-09, -1.32e-06, 0.852567
4.1e-09, -1.44e-06, 0.852567
4.1e-09, -1.56e-06, 0.852567
4.1e-09, -1.68e-06, 0.852567
4.1e-09, -1.8e-06, 0.852567
4.1e-09, -1.92e-06, 0.852567
4.1e-09, -2.04e-06, 0.852567
4.1e-09, -2.16e-06, 0.852567
4.1e-09, -2.28e-06, 0.852567
4.1e-09, -2.4e-06, 0.852358
4.1e-09, -2.52e-06, 0.575482
4.1e-09, -2.64e-06, 0.575475
4.1e-09, -2.76e-06, 0.575475
4.1e-09, -2.88e-06, 0.575475
4.1e-09, -3e-06, 0.575475
4.1e-09, -3.12e-06, 0.575475
4.1e-09, -3.24e-06, 0.575475
4.1e-09, -3.36e-06, 0.575475
4.1e-09, -3.48e-06, 0.575483
4.1e-09, -3.6e-06, 0.909215
4.2e-09, -0, 0.909215
4.2e-09, -1.2e-07, 0.575483
4.2e-09, -2.4e-07, 0.575475
4.2e-09, -3.6e-07, 0.575475
4.2e-09, -4.8e-07, 0.575475
4.2e-09, -6e-07, 0.575475
4.2e-09, -7.2e-07, 0.575475
4.2e-09, -8.4e-07, 0.575475
4.2e-09, -9.6e-07, 0.575475
4.2e-09, -1.08e-06, 0.575482
4.2e-09, -1.2e-06, 0.853255
4.2e-09, -1.32e-06, 0.85346
4.2e-09, -1.44e-06, 0.853461
4.2e-09, -1.56e-06, 0.853461
4.2e-09, -1.68e-06, 0.853461
4.2e-09, -1.8e-06, 0.853461
4.2e-09, -1.92e-06, 0.853461
4.2e-09, -2.04e-06, 0.853461
4.2e-09, -2.16e-06, 0.853461
4.2e-09, -2.28e-06, 0.85346
4.2e-09, -2.4e-06, 0.853255
4.2e-09, -2.52e-06, 0.575482
4.2e-09, -2.64e-06, 0.575475
4.2e-09, -2.76e-06, 0.575475
4.2e-09, -2.88e-06, 0.575475
4.2e-09, -3e-06, 0.575475
4.2e-09, -3.12e-06, 0.575475
4.2e-09, -3.24e-06, 0.575475
4.2e-09, -3.36e-06, 0.575475
4.2e-09, -3.48e-06, 0.575483
4.2e-09, -3.6e-06, 0.909215
4.3e-09, -0, 0.909215
4.3e-09, -1.2e-07, 0.575483
4.3e-09, -2.4e-07, 0.575475
4.3e-09, -3.6e-07, 0.575475
4.3e-09, -4.8e-07, 0.575475
4.3e-09, -6e-07, 0.575475
4.3e-09, -7.2e-07, 0.575475
4.3e-09, -8.4e-07, 0.575475
4.3e-09, -9.6e-07, 0.575475
4.3e-09, -1.08e-06, 0.575482
4.3e-09, -1.2e-06, 0.854231
4.3e-09, -1.32e-06, 0.854432
4.3e-09, -1.44e-06, 0.854432
4.3e-09, -1.56e-06, 0.854432
4.3e-09, -1.68e-06, 0.854432
4.3e-09, -1.8e-06, 0.854432
4.3e-09, -1.92e-06, 0.854432
4.3e-09, -2.04e-06, 0.854432
4.3e-09, -2.16e-06, 0.854432
4.3e-09, -2.28e-06, 0.854432
4.3e-09, -2.4e-06, 0.854231
4.3e-09, -2.52e-06, 0.575482
4.3e-09, -2.64e-06, 0.575475
4.3e-09, -2.76e-06, 0.575475
4.3e-09, -2.88e-06, 0.575475
4.3e-09, -3e-06, 0.575475
4.3e-09, -3.12e-06, 0.575475
4.3e-09, -3.24e-06, 0.575475
4.3e-09, -3.36e-06, 0.575475
4.3e-09, -3.48e-06, 0.575483
4.3e-09, -3.6e-06, 0.909215
4.4e-09, -0, 0.909215
4.4e-09, -1.2e-07, 0.575483
4.4e-09, -2.4e-07, 0.575475
4.4e-09, -3.6e-07, 0.575475
4.4e-09, -4.8e-07, 0.575475
4.4e-09, -6e-07, 0.575475
4.4e-09, -7.2e-07, 0.575475
4.4e-09, -8.4e-07, 0.575475
4.4e-09, -9.6e-07, 0.575475
4.4e-09, -1.08e-06, 0.575482
4.4e-09, -1.2e-06, 0.855286
4.4e-09, -1.32e-06, 0.855483
4.4e-09, -1.44e-06, 0.855483
4.4e-09, -1.56e-06, 0.855483
4.4e-09, -1.68e-06, 0.855483
4.4e-09, -1.8e-06, 0.855483
4.4e-09, -1.92e-06, 0.855483
4.4e-09, -2.04e-06, 0.855483
4.4e-09, -2.16e-06, 0.855483
4.4e-09, -2.28e-06, 0.855483
4.4e-09, -2.4e-06, 0.855286
4.4e-09, -2.52e-06, 0.575482
4.4e-09, -2.64e-06, 0.575475
4.4e-09, -2.76e-06, 0.575475
4.4e-09, -2.88e-06, 0.575475
4.4e-09, -3e-06, 0.575475
4.4e-09, -3.12e-06, 0.575475
4.4e-09, -3.24e-06, 0.575475
4.4e-09, -3.36e-06, 0.575475
4.4e-09, -3.48e-06, 0.575483
4.4e-09, -3.6e-06, 0.909215
4.5e-09, -0, 0.909215
4.5e-09, -1.2e-07, 0.575483
4.5e-09, -2.4e-07, 0.575475
4.5e-09, -3.6e-07, 0.575475
4.5e-09, -4.8e-07, 0.575475
4.5e-09, -6e-07, 0.575475
4.5e-09, -7.2e-07, 0.575475
4.5e-09, -8.4e-07, 0.575475
4.5e-09, -9.6e-07, 0.575475
4.5e-09, -1.08e-06, 0.575482
4.5e-09, -1.2e-06, 0.856419
4.5e-09, -1.32e-06, 0.856611
4.5e-09, -1.44e-06, 0.856611
4.5e-09, -1.56e-06, 0.856611
4.5e-09, -1.68e-06, 0.856611
4.5e-09, -1.8e-06, 0.856611
4.5e-09, -1.92e-06, 0.856611
4.5e-09, -2.04e-06, 0.856611
4.5e-09, -2.16e-06, 0.856611
4.5e-09, -2.28e-06, 0.856611
4.5e-09, -2.4e-06, 0.856419
4.5e-09, -2.52e-06, 0.575482
4.5e-09, -2.64e-06, 0.575475
4.5e-09, -2.76e-06, 0.575475
4.5e-09, -2.88e-06, 0.575475
4.5e-09, -3e-06, 0.575475
4.5e-09, -3.12e-06, 0.575475
4.5e-09, -3.24e-06, 0.575475
4.5e-09, -3.36e-06, 0.575475
4.5e-09, -3.48e-06, 0.575483
4.5e-09, -3.6e-06, 0.909215
4.6e-09, -0, 0.909215
4.6e-09, -1.2e-07, 0.575484
4.6e-09, -2.4e-07, 0.575475
4.6e-09, -3.6e-07, 0.575475
4.6e-09, -4.8e-07, 0.575475
4.6e-09, -6e-07, 0.575475
4.6e-09, -7.2e-07, 0.575475
4.6e-09, -8.4e-07, 0.575475
4.6e-09, -9.6e-07, 0.575475
4.6e-09, -1.08e-06, 0.575482
4.6e-09, -1.2e-06, 0.857632
4.6e-09, -1.32e-06, 0.857818
4.6e-09, -1.44e-06, 0.857818
4.6e-09, -1.56e-06, 0.857818
4.6e-09, -1.68e-06, 0.857818
4.6e-09, -1.8e-06, 0.857818
4.6e-09, -1.92e-06, 0.857818
4.6e-09, -2.04e-06, 0.857818
4.6e-09, -2.16e-06, 0.857818
4.6e-09, -2.28e-06, 0.857818
4.6e-09, -2.4e-06, 0.857632
4.6e-09, -2.52e-06, 0.575482
4.6e-09, -2.64e-06, 0.575475
4.6e-09, -2.76e-06, 0.575475
4.6e-09, -2.88e-06, 0.575475
4.6e-09, -3e-06, 0.575475
4.6e-09, -3.12e-06, 0.575475
4.6e-09, -3.24e-06, 0.575475
4.6e-09, -3.36e-06, 0.575475
4.6e-09, -3.48e-06, 0.575484
4.6e-09, -3.6e-06, 0.909215
4.7e-09, -0, 0.909215
4.7e-09, -1.2e-07, 0.575484
4.7e-09, -2.4e-07, 0.575475
4.7e-09, -3.6e-07, 0.575475
4.7e-09, -4.8e-07, 0.575475
4.7e-09, -6e-07, 0.575475
4.7e-09, -7.2e-07, 0.575475
4.7e-09, -8.4e-07, 0.575475
4.7e-09, -9.6e-07, 0.575475
4.7e-09, -1.08e-06, 0.575483
4.7e-09, -1.2e-06, 0.858923
4.7e-09, -1.32e-06, 0.859104
4.7e-09, -1.44e-06, 0.859104
4.7e-09, -1.56e-06, 0.859104
4.7e-09, -1.68e-06, 0.859104
4.7e-09, -1.8e-06, 0.859104
4.7e-09, -1.92e-06, 0.859104
4.7e-09, -2.04e-06, 0.859104
4.7e-09, -2.16e-06, 0.859104
4.7e-09, -2.28e-06, 0.859104
4.7e-09, -2.4e-06, 0.858923
4.7e-09, -2.52e-06, 0.575483
4.7e-09, -2.64e-06, 0.575475
4.7e-09, -2.76e-06, 0.575475
4.7e-09, -2.88e-06, 0.575475
4.7e-09, -3e-06, 0.575475
4.7e-09, -3.12e-06, 0.575475
4.7e-09, -3.24e-06, 0.575475
4.7e-09, -3.36e-06, 0.575475
4.7e-09, -3.48e-06, 0.575484
4.7e-09, -3.6e-06, 0.909215
4.8e-09, -0, 0.909215
4.8e-09, -1.2e-07, 0.575484
4.8e-09, -2.4e-07, 0.575475
4.8e-09, -3.6e-07, 0.575475
4.8e-09, -4.8e-07, 0.575475
4.8e-09, -6e-07, 0.575475
4.8e-09, -7.2e-07, 0.575475
4.8e-09, -8.4e-07, 0.575475
4.8e-09, -9.6e-07, 0.575475
4.8e-09, -1.08e-06, 0.575483
4.8e-09, -1.2e-06, 0.860293
4.8e-09, -1.32e-06, 0.860469
4.8e-09, -1.44e-06, 0.860469
4.8e-09, -1.56e-06, 0.860469
4.8e-09, -1.68e-06, 0.860469
4.8e-09, -1.8e-06, 0.860469
4.8e-09, -1.92e-06, 0.860469
4.8e-09, -2.04e-06, 0.860469
4.8e-09, -2.16e-06, 0.860469
4.8e-09, -2.28e-06, 0.860469
4.8e-09, -2.4e-06, 0.860293
4.8e-09, -2.52e-06, 0.575483
4.8e-09, -2.64e-06, 0.575475
4.8e-09, -2.76e-06, 0.575475
4.8e-09, -2.88e-06, 0.575475
4.8e-09, -3e-06, 0.575475
4.8e-09, -3.12e-06, 0.575475
4.8e-09, -3.24e-06, 0.575475
4.8e-09, -3.36e-06, 0.575475
4.8e-09, -3.48e-06, 0.575484
4.8e-09, -3.6e-06, 0.909215
4.9e-09, -0, 0.909215
4.9e-09, -1.2e-07, 0.575484
4.9e-09, -2.4e-07, 0.575475
4.9e-09, -3.6e-07, 0.575475
4.9e-09, -4.8e-07, 0.575475
4.9e-09, -6e-07, 0.575475
4.9e-09, -7.2e-07, 0.575475
4.9e-09, -8.4e-07, 0.575475
4.9e-09, -9.6e-07, 0.575475
4.9e-09, -1.08e-06, 0.575483
4.9e-09, -1.2e-06, 0.861743
4.9e-09, -1.32e-06, 0.861913
4.9e-09, -1.44e-06, 0.861913
4.9e-09, -1.56e-06, 0.861913
4.9e-09, -1.68e-06, 0.861913
4.9e-09, -1.8e-06, 0.861913
4.9e-09, -1.92e-06, 0.861913
4.9e-09, -2.04e-06, 0.861913
4.9e-09, -2.16e-06, 0.861913
4.9e-09, -2.28e-06, 0.861913
4.9e-09, -2.4e-06, 0.861743
4.9e-09, -2.52e-06, 0.575483
4.9e-09, -2.64e-06, 0.575475
4.9e-09, -2.76e-06, 0.575475
4.9e-09, -2.88e-06, 0.575475
4.9e-09, -3e-06, 0.575475
4.9e-09, -3.12e-06, 0.575475
4.9e-09, -3.24e-06, 0.575475
4.9e-09, -3.36e-06, 0.575475
4.9e-09, -3.48e-06, 0.575484
4.9e-09, -3.6e-06, 0.909215
5e-09, -0, 0.909215
5e-09, -1.2e-07, 0.575484
5e-09, -2.4e-07, 0.575475
5e-09, -3.6e-07, 0.575475
5e-09, -4.8e-07, 0.575475
5e-09, -6e-07, 0.575475
5e-09, -7.2e-07, 0.575475
5e-09, -8.4e-07, 0.575475
5e-09, -9.6e-07, 0.575475
5e-09, -1.08e-06, 0.575483
5e-09, -1.2e-06, 0.863273
5e-09, -1.32e-06, 0.863436
5e-09, -1.44e-06, 0.863436
5e-09, -1.56e-06, 0.863436
5e-09, -1.68e-06, 0.863436
5e-09, -1.8e-06, 0.863436
5e-09, -1.92e-06, 0.863436
5e-09, -2.04e-06, 0.863436
5e-09, -2.16e-06, 0.863436
5e-09, -2.28e-06, 0.863436
5e-09, -2.4e-06, 0.863273
5e-09, -2.52e-06, 0.575483
5e-09, -2.64e-06, 0.575475
5e-09, -2.76e-06, 0.575475
5e-09, -2.88e-06, 0.575475
5e-09, -3e-06, 0.575475
5e-09, -3.12e-06, 0.575475
5e-09, -3.24e-06, 0.575475
5e-09, -3.36e-06, 0.575475
5e-09, -3.48e-06, 0.575484
5e-09, -3.6e-06, 0.909215
5.1e-09, -0, 0.909215
5.1e-09, -1.2e-07, 0.575484
5.1e-09, -2.4e-07, 0.575475
5.1e-09, -3.6e-07, 0.575475
5.1e-09, -4.8e-07, 0.575475
5.1e-09, -6e-07, 0.575475
5.1e-09, -7.2e-07, 0.575475
5.1e-09, -8.4e-07, 0.575475
5.1e-09, -9.6e-07, 0.575475
5.1e-09, -1.08e-06, 0.575483
5.1e-09, -1.2e-06, 0.864882
5.1e-09, -1.32e-06, 0.865038
5.1e-09, -1.44e-06, 0.865038
5.1e-09, -1.56e-06, 0.865038
5.1e-09, -1.68e-06, 0.865038
5.1e-09, -1.8e-06, 0.865038
5.1e-09, -1.92e-06, 0.865038
5.1e-09, -2.04e-06, 0.865038
5.1e-09, -2.16e-06, 0.865038
5.1e-09, -2.28e-06, 0.865038
5.1e-09, -2.4e-06, 0.864882
5.1e-09, -2.52e-06, 0.575483
5.1e-09, -2.64e-06, 0.575475
5.1e-09, -2.76e-06, 0.575475
5.1e-09, -2.88e-06, 0.575475
5.1e-09, -3e-06, 0.575475
5.1e-09, -3.12e-06, 0.575475
5.1e-09, -3.24e-06, 0.575475
5.1e-09, -3.36e-06, 0.575475
5.1e-09, -3.48e-06, 0.575484
5.1e-09, -3.6e-06, 0.909215
5.2e-09, -0, 0.909215
5.2e-09, -1.2e-07, 0.575484
5.2e-09, -2.4e-07, 0.575475
5.2e-09, -3.6e-07, 0.575475
5.2e-09, -4.8e-07, 0.575475
5.2e-09, -6e-07, 0.575475
5.2e-09, -7.2e-07, 0.575475
5.2e-09, -8.4e-07, 0.575475
5.2e-09, -9.6e-07, 0.575475
5.2e-09, -1.08e-06, 0.575484
5.2e-09, -1.2e-06, 0.866571
5.2e-09, -1.32e-06, 0.86672
5.2e-09, -1.44e-06, 0.86672
5.2e-09, -1.56e-06, 0.86672
5.2e-09, -1.68e-06, 0.86672
5.2e-09, -1.8e-06, 0.86672
5.2e-09, -1.92e-06, 0.86672
5.2e-09, -2.04e-06, 0.86672
5.2e-09, -2.16e-06, 0.86672
5.2e-09, -2.28e-06, 0.86672
5.2e-09, -2.4e-06, 0.866571
5.2e-09, -2.52e-06, 0.575484
5.2e-09, -2.64e-06, 0.575475
5.2e-09, -2.76e-06, 0.575475
5.2e-09, -2.88e-06, 0.575475
5.2e-09, -3e-06, 0.575475
5.2e-09, -3.12e-06, 0.575475
5.2e-09, -3.24e-06, 0.575475
5.2e-09, -3.36e-06, 0.575475
5.2e-09, -3.48e-06, 0.575484
5.2e-09, -3.6e-06, 0.909215
5.3e-09, -0, 0.909215
5.3e-09, -1.2e-07, 0.575485
5.3e-09, -2.4e-07, 0.575475
5.3e-09, -3.6e-07, 0.575475
5.3e-09, -4.8e-07, 0.575475
5.3e-09, -6e-07, 0.575475
5.3e-09, -7.2e-07, 0.575475
5.3e-09, -8.4e-07, 0.575475
5.3e-09, -9.6e-07, 0.575475
5.3e-09, -1.08e-06, 0.575484
5.3e-09, -1.2e-06, 0.86834
5.3e-09, -1.32e-06, 0.868481
5.3e-09, -1.44e-06, 0.868481
5.3e-09, -1.56e-06, 0.868481
5.3e-09, -1.68e-06, 0.868481
5.3e-09, -1.8e-06, 0.868481
5.3e-09, -1.92e-06, 0.868481
5.3e-09, -2.04e-06, 0.868481
5.3e-09, -2.16e-06, 0.868481
5.3e-09, -2.28e-06, 0.868481
5.3e-09, -2.4e-06, 0.86834
5.3e-09, -2.52e-06, 0.575484
5.3e-09, -2.64e-06, 0.575475
5.3e-09, -2.76e-06, 0.575475
5.3e-09, -2.88e-06, 0.575475
5.3e-09, -3e-06, 0.575475
5.3e-09, -3.12e-06, 0.575475
5.3e-09, -3.24e-06, 0.575475
5.3e-09, -3.36e-06, 0.575475
5.3e-09, -3.48e-06, 0.575485
5.3e-09, -3.6e-06, 0.909215
5.4e-09, -0, 0.909215
5.4e-09, -1.2e-07, 0.575485
5.4e-09, -2.4e-07, 0.575475
5.4e-09, -3.6e-07, 0.575475
5.4e-09, -4.8e-07, 0.575475
5.4e-09, -6e-07, 0.575475
5.4e-09, -7.2e-07, 0.575475
5.4e-09, -8.4e-07, 0.575475
5.4e-09, -9.6e-07, 0.575475
5.4e-09, -1.08e-06, 0.575484
5.4e-09, -1.2e-06, 0.870192
5.4e-09, -1.32e-06, 0.870326
5.4e-09, -1.44e-06, 0.870326
5.4e-09, -1.56e-06, 0.870326
5.4e-09, -1.68e-06, 0.870326
5.4e-09, -1.8e-06, 0.870326
5.4e-09, -1.92e-06, 0.870326
5.4e-09, -2.04e-06, 0.870326
5.4e-09, -2.16e-06, 0.870326
5.4e-09, -2.28e-06, 0.870326
5.4e-09, -2.4e-06, 0.870192
5.4e-09, -2.52e-06, 0.575484
5.4e-09, -2.64e-06, 0.575475
5.4e-09, -2.76e-06, 0.575475
5.4e-09, -2.88e-06, 0.575475
5.4e-09, -3e-06, 0.575475
5.4e-09, -3.12e-06, 0.575475
5.4e-09, -3.24e-06, 0.575475
5.4e-09, -3.36e-06, 0.575475
5.4e-09, -3.48e-06, 0.575485
5.4e-09, -3.6e-06, 0.909215
5.5e-09, -0, 0.909215
5.5e-09, -1.2e-07, 0.575485
5.5e-09, -2.4e-07, 0.575475
5.5e-09, -3.6e-07, 0.575475
5.5e-09, -4.8e-07, 0.575475
5.5e-09, -6e-07, 0.575475
5.5e-09, -7.2e-07, 0.575475
5.5e-09, -8.4e-07, 0.575475
5.5e-09, -9.6e-07, 0.575475
5.5e-09, -1.08e-06, 0.575485
5.5e-09, -1.2e-06, 0.886664
5.5e-09, -1.32e-06, 0.886789
5.5e-09, -1.44e-06, 0.886789
5.5e-09, -1.56e-06, 0.886789
5.5e-09, -1.68e-06, 0.886789
5.5e-09, -1.8e-06, 0.886789
5.5e-09, -1.92e-06, 0.886789
5.5e-09, -2.04e-06, 0.886789
5.5e-09, -2.16e-06, 0.886789
5.5e-09, -2.28e-06, 0.886789
5.5e-09, -2.4e-06, 0.886664
5.5e-09, -2.52e-06, 0.575485
5.5e-09, -2.64e-06, 0.575475
5.5e-09, -2.76e-06, 0.575475
5.5e-09, -2.88e-06, 0.575475
5.5e-09, -3e-06, 0.575475
5.5e-09, -3.12e-06, 0.575475
5.5e-09, -3.24e-06, 0.575475
5.5e-09, -3.36e-06, 0.575475
5.5e-09, -3.48e-06, 0.575485
5.5e-09, -3.6e-06, 0.909215
5.6e-09, -0, 0.909213
5.6e-09, -1.2e-07, 0.575486
5.6e-09, -2.4e-07, 0.575475
5.6e-09, -3.6e-07, 0.575475
5.6e-09, -4.8e-07, 0.575475
5.6e-09, -6e-07, 0.575475
5.6e-09, -7.2e-07, 0.575475
5.6e-09, -8.4e-07, 0.575475
5.6e-09, -9.6e-07, 0.575475
5.6e-09, -1.08e-06, 0.575486
5.6e-09, -1.2e-06, 0.936078
5.6e-09, -1.32e-06, 0.93618
5.6e-09, -1.44e-06, 0.93618
5.6e-09, -1.56e-06, 0.93618
5.6e-09, -1.68e-06, 0.93618
5.6e-09, -1.8e-06, 0.93618
5.6e-09, -1.92e-06, 0.93618
5.6e-09, -2.04e-06, 0.93618
5.6e-09, -2.16e-06, 0.93618
5.6e-09, -2.28e-06, 0.93618
5.6e-09, -2.4e-06, 0.936078
5.6e-09, -2.52e-06, 0.575486
5.6e-09, -2.64e-06, 0.575475
5.6e-09, -2.76e-06, 0.575475
5.6e-09, -2.88e-06, 0.575475
5.6e-09, -3e-06, 0.575475
5.6e-09, -3.12e-06, 0.575475
5.6e-09, -3.24e-06, 0.575475
5.6e-09, -3.36e-06, 0.575475
5.6e-09, -3.48e-06, 0.575486
5.6e-09, -3.6e-06, 0.909213
5.7e-09, -0, 0.909211
5.7e-09, -1.2e-07, 0.575487
5.7e-09, -2.4e-07, 0.575475
5.7e-09, -3.6e-07, 0.575475
5.7e-09, -4.8e-07, 0.575475
5.7e-09, -6e-07, 0.575475
5.7e-09, -7.2e-07, 0.575475
5.7e-09, -8.4e-07, 0.575475
5.7e-09, -9.6e-07, 0.575475
5.7e-09, -1.08e-06, 0.575487
5.7e-09, -1.2e-06, 0.985493
5.7e-09, -1.32e-06, 0.98557
5.7e-09, -1.44e-06, 0.98557
5.7e-09, -1.56e-06, 0.98557
5.7e-09, -1.68e-06, 0.98557
5.7e-09, -1.8e-06, 0.98557
5.7e-09, -1.92e-06, 0.98557
5.7e-09, -2.04e-06, 0.98557
5.7e-09, -2.16e-06, 0.98557
5.7e-09, -2.28e-06, 0.98557
5.7e-09, -2.4e-06, 0.985493
5.7e-09, -2.52e-06, 0.575487
5.7e-09, -2.64e-06, 0.575475
5.7e-09, -2.76e-06, 0.575475
5.7e-09, -2.88e-06, 0.575475
5.7e-09, -3e-06, 0.575475
5.7e-09, -3.12e-06, 0.575475
5.7e-09, -3.24e-06, 0.575475
5.7e-09, -3.36e-06, 0.575475
5.7e-09, -3.48e-06, 0.575487
5.7e-09, -3.6e-06, 0.909211
5.8e-09, -0, 0.90921
5.8e-09, -1.2e-07, 0.575488
5.8e-09, -2.4e-07, 0.575475
5.8e-09, -3.6e-07, 0.575475
5.8e-09, -4.8e-07, 0.575475
5.8e-09, -6e-07, 0.575475
5.8e-09, -7.2e-07, 0.575475
5.8e-09, -8.4e-07, 0.575475
5.8e-09, -9.6e-07, 0.575475
5.8e-09, -1.08e-06, 0.575488
5.8e-09, -1.2e-06, 1.03491
5.8e-09, -1.32e-06, 1.03496
5.8e-09, -1.44e-06, 1.03496
5.8e-09, -1.56e-06, 1.03496
5.8e-09, -1.68e-06, 1.03496
5.8e-09, -1.8e-06, 1.03496
5.8e-09, -1.92e-06, 1.03496
5.8e-09, -2.04e-06, 1.03496
5.8e-09, -2.16e-06, 1.03496
5.8e-09, -2.28e-06, 1.03496
5.8e-09, -2.4e-06, 1.03491
5.8e-09, -2.52e-06, 0.575488
5.8e-09, -2.64e-06, 0.575475
5.8e-09, -2.76e-06, 0.575475
5.8e-09, -2.88e-06, 0.575475
5.8e-09, -3e-06, 0.575475
5.8e-09, -3.12e-06, 0.575475
5.8e-09, -3.24e-06, 0.575475
5.8e-09, -3.36e-06, 0.575475
5.8e-09, -3.48e-06, 0.575488
5.8e-09, -3.6e-06, 0.90921
5.9e-09, -0, 0.909209
5.9e-09, -1.2e-07, 0.575488
5.9e-09, -2.4e-07, 0.575475
5.9e-09, -3.6e-07, 0.575475
5.9e-09, -4.8e-07, 0.575475
5.9e-09, -6e-07, 0.575475
5.9e-09, -7.2e-07, 0.575475
5.9e-09, -8.4e-07, 0.575475
5.9e-09, -9.6e-07, 0.575475
5.9e-09, -1.08e-06, 0.575489
5.9e-09, -1.2e-06, 1.08432
5.9e-09, -1.32e-06, 1.08435
5.9e-09, -1.44e-06, 1.08435
5.9e-09, -1.56e-06, 1.08435
5.9e-09, -1.68e-06, 1.08435
5.9e-09, -1.8e-06, 1.08435
5.9e-09, -1.92e-06, 1.08435
5.9e-09, -2.04e-06, 1.08435
5.9e-09, -2.16e-06, 1.08435
5.9e-09, -2.28e-06, 1.08435
5.9e-09, -2.4e-06, 1.08432
5.9e-09, -2.52e-06, 0.575489
5.9e-09, -2.64e-06, 0.575475
5.9e-09, -2.76e-06, 0.575475
5.9e-09, -2.88e-06, 0.575475
5.9e-09, -3e-06, 0.575475
5.9e-09, -3.12e-06, 0.575475
5.9e-09, -3.24e-06, 0.575475
5.9e-09, -3.36e-06, 0.575475
5.9e-09, -3.48e-06, 0.575488
5.9e-09, -3.6e-06, 0.909209
6e-09, -0, 0.909209
6e-09, -1.2e-07, 0.575488
6e-09, -2.4e-07, 0.575475
6e-09, -3.6e-07, 0.575475
6e-09, -4.8e-07, 0.575475
6e-09, -6e-07, 0.575475
6e-09, -7.2e-07, 0.575475
6e-09, -8.4e-07, 0.575475
6e-09, -9.6e-07, 0.575475
6e-09, -1.08e-06, 0.575489
6e-09, -1.2e-06, 1.13374
6e-09, -1.32e-06, 1.13374
6e-09, -1.44e-06, 1.13374
6e-09, -1.56e-06, 1.13374
6e-09, -1.68e-06, 1.13374
6e-09, -1.8e-06, 1.13374
6e-09, -1.92e-06, 1.13374
6e-09, -2.04e-06, 1.13374
6e-09, -2.16e-06, 1.13374
6e-09, -2.28e-06, 1.13374
6e-09, -2.4e-06, 1.13374
6e-09, -2.52e-06, 0.575489
6e-09, -2.64e-06, 0.575475
6e-09, -2.76e-06, 0.575475
6e-09, -2.88e-06, 0.575475
6e-09, -3e-06, 0.575475
6e-09, -3.12e-06, 0.575475
6e-09, -3.24e-06, 0.575475
6e-09, -3.36e-06, 0.575475
6e-09, -3.48e-06, 0.575488
6e-09, -3.6e-06, 0.909209
