0, -0, 0.909209
0, -1.2e-07, 0.575488
0, -2.4e-07, 0.575475
0, -3.6e-07, 0.575475
0, -4.8e-07, 0.575475
0, -6e-07, 0.575475
0, -7.2e-07, 0.575475
0, -8.4e-07, 0.575475
0, -9.6e-07, 0.575475
0, -1.08e-06, 0.575493
0, -1.2e-06, 1.23374
0, -1.32e-06, 1.23374
0, -1.44e-06, 1.23374
0, -1.56e-06, 1.23374
0, -1.68e-06, 1.23374
0, -1.8e-06, 1.23374
0, -1.92e-06, 1.23374
0, -2.04e-06, 1.23374
0, -2.16e-06, 1.23374
0, -2.28e-06, 1.23374
0, -2.4e-06, 1.23374
0, -2.52e-06, 0.575493
0, -2.64e-06, 0.575475
0, -2.76e-06, 0.575475
0, -2.88e-06, 0.575475
0, -3e-06, 0.575475
0, -3.12e-06, 0.575475
0, -3.24e-06, 0.575475
0, -3.36e-06, 0.575475
0, -3.48e-06, 0.575488
0, -3.6e-06, 0.909209
1e-10, -0, 0.909209
1e-10, -1.2e-07, 0.575488
1e-10, -2.4e-07, 0.575475
1e-10, -3.6e-07, 0.575475
1e-10, -4.8e-07, 0.575475
1e-10, -6e-07, 0.575475
1e-10, -7.2e-07, 0.575475
1e-10, -8.4e-07, 0.575475
1e-10, -9.6e-07, 0.575475
1e-10, -1.08e-06, 0.575493
1e-10, -1.2e-06, 1.1835
1e-10, -1.32e-06, 1.18353
1e-10, -1.44e-06, 1.18353
1e-10, -1.56e-06, 1.18353
1e-10, -1.68e-06, 1.18353
1e-10, -1.8e-06, 1.18353
1e-10, -1.92e-06, 1.18353
1e-10, -2.04e-06, 1.18353
1e-10, -2.16e-06, 1.18353
1e-10, -2.28e-06, 1.18353
1e-10, -2.4e-06, 1.1835
1e-10, -2.52e-06, 0.575493
1e-10, -2.64e-06, 0.575475
1e-10, -2.76e-06, 0.575475
1e-10, -2.88e-06, 0.575475
1e-10, -3e-06, 0.575475
1e-10, -3.12e-06, 0.575475
1e-10, -3.24e-06, 0.575475
1e-10, -3.36e-06, 0.575475
1e-10, -3.48e-06, 0.575488
1e-10, -3.6e-06, 0.909209
2e-10, -0, 0.90921
2e-10, -1.2e-07, 0.575488
2e-10, -2.4e-07, 0.575475
2e-10, -3.6e-07, 0.575475
2e-10, -4.8e-07, 0.575475
2e-10, -6e-07, 0.575475
2e-10, -7.2e-07, 0.575475
2e-10, -8.4e-07, 0.575475
2e-10, -9.6e-07, 0.575475
2e-10, -1.08e-06, 0.575492
2e-10, -1.2e-06, 1.13325
2e-10, -1.32e-06, 1.13331
2e-10, -1.44e-06, 1.13331
2e-10, -1.56e-06, 1.13331
2e-10, -1.68e-06, 1.13331
2e-10, -1.8e-06, 1.13331
2e-10, -1.92e-06, 1.13331
2e-10, -2.04e-06, 1.13331
2e-10, -2.16e-06, 1.13331
2e-10, -2.28e-06, 1.13331
2e-10, -2.4e-06, 1.13325
2e-10, -2.52e-06, 0.575492
2e-10, -2.64e-06, 0.575475
2e-10, -2.76e-06, 0.575475
2e-10, -2.88e-06, 0.575475
2e-10, -3e-06, 0.575475
2e-10, -3.12e-06, 0.575475
2e-10, -3.24e-06, 0.575475
2e-10, -3.36e-06, 0.575475
2e-10, -3.48e-06, 0.575488
2e-10, -3.6e-06, 0.90921
3e-10, -0, 0.909211
3e-10, -1.2e-07, 0.575487
3e-10, -2.4e-07, 0.575475
3e-10, -3.6e-07, 0.575475
3e-10, -4.8e-07, 0.575475
3e-10, -6e-07, 0.575475
3e-10, -7.2e-07, 0.575475
3e-10, -8.4e-07, 0.575475
3e-10, -9.6e-07, 0.575475
3e-10, -1.08e-06, 0.575491
3e-10, -1.2e-06, 1.08301
3e-10, -1.32e-06, 1.0831
3e-10, -1.44e-06, 1.0831
3e-10, -1.56e-06, 1.0831
3e-10, -1.68e-06, 1.0831
3e-10, -1.8e-06, 1.0831
3e-10, -1.92e-06, 1.0831
3e-10, -2.04e-06, 1.0831
3e-10, -2.16e-06, 1.0831
3e-10, -2.28e-06, 1.0831
3e-10, -2.4e-06, 1.08301
3e-10, -2.52e-06, 0.575491
3e-10, -2.64e-06, 0.575475
3e-10, -2.76e-06, 0.575475
3e-10, -2.88e-06, 0.575475
3e-10, -3e-06, 0.575475
3e-10, -3.12e-06, 0.575475
3e-10, -3.24e-06, 0.575475
3e-10, -3.36e-06, 0.575475
3e-10, -3.48e-06, 0.575487
3e-10, -3.6e-06, 0.909211
4e-10, -0, 0.909213
4e-10, -1.2e-07, 0.575486
4e-10, -2.4e-07, 0.575475
4e-10, -3.6e-07, 0.575475
4e-10, -4.8e-07, 0.575475
4e-10, -6e-07, 0.575475
4e-10, -7.2e-07, 0.575475
4e-10, -8.4e-07, 0.575475
4e-10, -9.6e-07, 0.575475
4e-10, -1.08e-06, 0.575489
4e-10, -1.2e-06, 1.03277
4e-10, -1.32e-06, 1.03289
4e-10, -1.44e-06, 1.03289
4e-10, -1.56e-06, 1.03289
4e-10, -1.68e-06, 1.03289
4e-10, -1.8e-06, 1.03289
4e-10, -1.92e-06, 1.03289
4e-10, -2.04e-06, 1.03289
4e-10, -2.16e-06, 1.03289
4e-10, -2.28e-06, 1.03289
4e-10, -2.4e-06, 1.03277
4e-10, -2.52e-06, 0.575489
4e-10, -2.64e-06, 0.575475
4e-10, -2.76e-06, 0.575475
4e-10, -2.88e-06, 0.575475
4e-10, -3e-06, 0.575475
4e-10, -3.12e-06, 0.575475
4e-10, -3.24e-06, 0.575475
4e-10, -3.36e-06, 0.575475
4e-10, -3.48e-06, 0.575486
4e-10, -3.6e-06, 0.909213
5e-10, -0, 0.909215
5e-10, -1.2e-07, 0.575485
5e-10, -2.4e-07, 0.575475
5e-10, -3.6e-07, 0.575475
5e-10, -4.8e-07, 0.575475
5e-10, -6e-07, 0.575475
5e-10, -7.2e-07, 0.575475
5e-10, -8.4e-07, 0.575475
5e-10, -9.6e-07, 0.575475
5e-10, -1.08e-06, 0.575488
5e-10, -1.2e-06, 0.982526
5e-10, -1.32e-06, 0.982674
5e-10, -1.44e-06, 0.982674
5e-10, -1.56e-06, 0.982674
5e-10, -1.68e-06, 0.982674
5e-10, -1.8e-06, 0.982674
5e-10, -1.92e-06, 0.982674
5e-10, -2.04e-06, 0.982674
5e-10, -2.16e-06, 0.982674
5e-10, -2.28e-06, 0.982674
5e-10, -2.4e-06, 0.982526
5e-10, -2.52e-06, 0.575488
5e-10, -2.64e-06, 0.575475
5e-10, -2.76e-06, 0.575475
5e-10, -2.88e-06, 0.575475
5e-10, -3e-06, 0.575475
5e-10, -3.12e-06, 0.575475
5e-10, -3.24e-06, 0.575475
5e-10, -3.36e-06, 0.575475
5e-10, -3.48e-06, 0.575485
5e-10, -3.6e-06, 0.909215
6e-10, -0, 0.909215
6e-10, -1.2e-07, 0.575485
6e-10, -2.4e-07, 0.575475
6e-10, -3.6e-07, 0.575475
6e-10, -4.8e-07, 0.575475
6e-10, -6e-07, 0.575475
6e-10, -7.2e-07, 0.575475
6e-10, -8.4e-07, 0.575475
6e-10, -9.6e-07, 0.575475
6e-10, -1.08e-06, 0.575487
6e-10, -1.2e-06, 0.965778
6e-10, -1.32e-06, 0.965937
6e-10, -1.44e-06, 0.965937
6e-10, -1.56e-06, 0.965937
6e-10, -1.68e-06, 0.965937
6e-10, -1.8e-06, 0.965937
6e-10, -1.92e-06, 0.965937
6e-10, -2.04e-06, 0.965937
6e-10, -2.16e-06, 0.965937
6e-10, -2.28e-06, 0.965937
6e-10, -2.4e-06, 0.965778
6e-10, -2.52e-06, 0.575487
6e-10, -2.64e-06, 0.575475
6e-10, -2.76e-06, 0.575475
6e-10, -2.88e-06, 0.575475
6e-10, -3e-06, 0.575475
6e-10, -3.12e-06, 0.575475
6e-10, -3.24e-06, 0.575475
6e-10, -3.36e-06, 0.575475
6e-10, -3.48e-06, 0.575485
6e-10, -3.6e-06, 0.909215
7e-10, -0, 0.909215
7e-10, -1.2e-07, 0.575485
7e-10, -2.4e-07, 0.575475
7e-10, -3.6e-07, 0.575475
7e-10, -4.8e-07, 0.575475
7e-10, -6e-07, 0.575475
7e-10, -7.2e-07, 0.575475
7e-10, -8.4e-07, 0.575475
7e-10, -9.6e-07, 0.575475
7e-10, -1.08e-06, 0.575487
7e-10, -1.2e-06, 0.963665
7e-10, -1.32e-06, 0.963832
7e-10, -1.44e-06, 0.963832
7e-10, -1.56e-06, 0.963832
7e-10, -1.68e-06, 0.963832
7e-10, -1.8e-06, 0.963832
7e-10, -1.92e-06, 0.963832
7e-10, -2.04e-06, 0.963832
7e-10, -2.16e-06, 0.963832
7e-10, -2.28e-06, 0.963832
7e-10, -2.4e-06, 0.963665
7e-10, -2.52e-06, 0.575487
7e-10, -2.64e-06, 0.575475
7e-10, -2.76e-06, 0.575475
7e-10, -2.88e-06, 0.575475
7e-10, -3e-06, 0.575475
7e-10, -3.12e-06, 0.575475
7e-10, -3.24e-06, 0.575475
7e-10, -3.36e-06, 0.575475
7e-10, -3.48e-06, 0.575485
7e-10, -3.6e-06, 0.909215
8e-10, -0, 0.909215
8e-10, -1.2e-07, 0.575484
8e-10, -2.4e-07, 0.575475
8e-10, -3.6e-07, 0.575475
8e-10, -4.8e-07, 0.575475
8e-10, -6e-07, 0.575475
8e-10, -7.2e-07, 0.575475
8e-10, -8.4e-07, 0.575475
8e-10, -9.6e-07, 0.575475
8e-10, -1.08e-06, 0.575486
8e-10, -1.2e-06, 0.961643
8e-10, -1.32e-06, 0.961819
8e-10, -1.44e-06, 0.961819
8e-10, -1.56e-06, 0.961819
8e-10, -1.68e-06, 0.961819
8e-10, -1.8e-06, 0.961819
8e-10, -1.92e-06, 0.961819
8e-10, -2.04e-06, 0.961819
8e-10, -2.16e-06, 0.961819
8e-10, -2.28e-06, 0.961819
8e-10, -2.4e-06, 0.961643
8e-10, -2.52e-06, 0.575486
8e-10, -2.64e-06, 0.575475
8e-10, -2.76e-06, 0.575475
8e-10, -2.88e-06, 0.575475
8e-10, -3e-06, 0.575475
8e-10, -3.12e-06, 0.575475
8e-10, -3.24e-06, 0.575475
8e-10, -3.36e-06, 0.575475
8e-10, -3.48e-06, 0.575484
8e-10, -3.6e-06, 0.909215
9e-10, -0, 0.909215
9e-10, -1.2e-07, 0.575484
9e-10, -2.4e-07, 0.575475
9e-10, -3.6e-07, 0.575475
9e-10, -4.8e-07, 0.575475
9e-10, -6e-07, 0.575475
9e-10, -7.2e-07, 0.575475
9e-10, -8.4e-07, 0.575475
9e-10, -9.6e-07, 0.575475
9e-10, -1.08e-06, 0.575486
9e-10, -1.2e-06, 0.959713
9e-10, -1.32e-06, 0.959898
9e-10, -1.44e-06, 0.959898
9e-10, -1.56e-06, 0.959898
9e-10, -1.68e-06, 0.959898
9e-10, -1.8e-06, 0.959898
9e-10, -1.92e-06, 0.959898
9e-10, -2.04e-06, 0.959898
9e-10, -2.16e-06, 0.959898
9e-10, -2.28e-06, 0.959898
9e-10, -2.4e-06, 0.959713
9e-10, -2.52e-06, 0.575486
9e-10, -2.64e-06, 0.575475
9e-10, -2.76e-06, 0.575475
9e-10, -2.88e-06, 0.575475
9e-10, -3e-06, 0.575475
9e-10, -3.12e-06, 0.575475
9e-10, -3.24e-06, 0.575475
9e-10, -3.36e-06, 0.575475
9e-10, -3.48e-06, 0.575484
9e-10, -3.6e-06, 0.909215
1e-09, -0, 0.909215
1e-09, -1.2e-07, 0.575484
1e-09, -2.4e-07, 0.575475
1e-09, -3.6e-07, 0.575475
1e-09, -4.8e-07, 0.575475
1e-09, -6e-07, 0.575475
1e-09, -7.2e-07, 0.575475
1e-09, -8.4e-07, 0.575475
1e-09, -9.6e-07, 0.575475
1e-09, -1.08e-06, 0.575486
1e-09, -1.2e-06, 0.957874
1e-09, -1.32e-06, 0.958067
1e-09, -1.44e-06, 0.958067
1e-09, -1.56e-06, 0.958067
1e-09, -1.68e-06, 0.958067
1e-09, -1.8e-06, 0.958067
1e-09, -1.92e-06, 0.958067
1e-09, -2.04e-06, 0.958067
1e-09, -2.16e-06, 0.958067
1e-09, -2.28e-06, 0.958067
1e-09, -2.4e-06, 0.957874
1e-09, -2.52e-06, 0.575486
1e-09, -2.64e-06, 0.575475
1e-09, -2.76e-06, 0.575475
1e-09, -2.88e-06, 0.575475
1e-09, -3e-06, 0.575475
1e-09, -3.12e-06, 0.575475
1e-09, -3.24e-06, 0.575475
1e-09, -3.36e-06, 0.575475
1e-09, -3.48e-06, 0.575484
1e-09, -3.6e-06, 0.909215
1.1e-09, -0, 0.909215
1.1e-09, -1.2e-07, 0.575484
1.1e-09, -2.4e-07, 0.575475
1.1e-09, -3.6e-07, 0.575475
1.1e-09, -4.8e-07, 0.575475
1.1e-09, -6e-07, 0.575475
1.1e-09, -7.2e-07, 0.575475
1.1e-09, -8.4e-07, 0.575475
1.1e-09, -9.6e-07, 0.575475
1.1e-09, -1.08e-06, 0.575485
1.1e-09, -1.2e-06, 0.956126
1.1e-09, -1.32e-06, 0.956326
1.1e-09, -1.44e-06, 0.956327
1.1e-09, -1.56e-06, 0.956327
1.1e-09, -1.68e-06, 0.956327
1.1e-09, -1.8e-06, 0.956327
1.1e-09, -1.92e-06, 0.956327
1.1e-09, -2.04e-06, 0.956327
1.1e-09, -2.16e-06, 0.956327
1.1e-09, -2.28e-06, 0.956326
1.1e-09, -2.4e-06, 0.956126
1.1e-09, -2.52e-06, 0.575485
1.1e-09, -2.64e-06, 0.575475
1.1e-09, -2.76e-06, 0.575475
1.1e-09, -2.88e-06, 0.575475
1.1e-09, -3e-06, 0.575475
1.1e-09, -3.12e-06, 0.575475
1.1e-09, -3.24e-06, 0.575475
1.1e-09, -3.36e-06, 0.575475
1.1e-09, -3.48e-06, 0.575484
1.1e-09, -3.6e-06, 0.909215
1.2e-09, -0, 0.909215
1.2e-09, -1.2e-07, 0.575484
1.2e-09, -2.4e-07, 0.575475
1.2e-09, -3.6e-07, 0.575475
1.2e-09, -4.8e-07, 0.575475
1.2e-09, -6e-07, 0.575475
1.2e-09, -7.2e-07, 0.575475
1.2e-09, -8.4e-07, 0.575475
1.2e-09, -9.6e-07, 0.575475
1.2e-09, -1.08e-06, 0.575485
1.2e-09, -1.2e-06, 0.954469
1.2e-09, -1.32e-06, 0.954677
1.2e-09, -1.44e-06, 0.954677
1.2e-09, -1.56e-06, 0.954677
1.2e-09, -1.68e-06, 0.954677
1.2e-09, -1.8e-06, 0.954677
1.2e-09, -1.92e-06, 0.954677
1.2e-09, -2.04e-06, 0.954677
1.2e-09, -2.16e-06, 0.954677
1.2e-09, -2.28e-06, 0.954677
1.2e-09, -2.4e-06, 0.954469
1.2e-09, -2.52e-06, 0.575485
1.2e-09, -2.64e-06, 0.575475
1.2e-09, -2.76e-06, 0.575475
1.2e-09, -2.88e-06, 0.575475
1.2e-09, -3e-06, 0.575475
1.2e-09, -3.12e-06, 0.575475
1.2e-09, -3.24e-06, 0.575475
1.2e-09, -3.36e-06, 0.575475
1.2e-09, -3.48e-06, 0.575484
1.2e-09, -3.6e-06, 0.909215
1.3e-09, -0, 0.909215
1.3e-09, -1.2e-07, 0.575484
1.3e-09, -2.4e-07, 0.575475
1.3e-09, -3.6e-07, 0.575475
1.3e-09, -4.8e-07, 0.575475
1.3e-09, -6e-07, 0.575475
1.3e-09, -7.2e-07, 0.575475
1.3e-09, -8.4e-07, 0.575475
1.3e-09, -9.6e-07, 0.575475
1.3e-09, -1.08e-06, 0.575485
1.3e-09, -1.2e-06, 0.952903
1.3e-09, -1.32e-06, 0.953117
1.3e-09, -1.44e-06, 0.953117
1.3e-09, -1.56e-06, 0.953117
1.3e-09, -1.68e-06, 0.953117
1.3e-09, -1.8e-06, 0.953117
1.3e-09, -1.92e-06, 0.953117
1.3e-09, -2.04e-06, 0.953117
1.3e-09, -2.16e-06, 0.953117
1.3e-09, -2.28e-06, 0.953117
1.3e-09, -2.4e-06, 0.952903
1.3e-09, -2.52e-06, 0.575485
1.3e-09, -2.64e-06, 0.575475
1.3e-09, -2.76e-06, 0.575475
1.3e-09, -2.88e-06, 0.575475
1.3e-09, -3e-06, 0.575475
1.3e-09, -3.12e-06, 0.575475
1.3e-09, -3.24e-06, 0.575475
1.3e-09, -3.36e-06, 0.575475
1.3e-09, -3.48e-06, 0.575484
1.3e-09, -3.6e-06, 0.909215
1.4e-09, -0, 0.909215
1.4e-09, -1.2e-07, 0.575484
1.4e-09, -2.4e-07, 0.575475
1.4e-09, -3.6e-07, 0.575475
1.4e-09, -4.8e-07, 0.575475
1.4e-09, -6e-07, 0.575475
1.4e-09, -7.2e-07, 0.575475
1.4e-09, -8.4e-07, 0.575475
1.4e-09, -9.6e-07, 0.575475
1.4e-09, -1.08e-06, 0.575485
1.4e-09, -1.2e-06, 0.951427
1.4e-09, -1.32e-06, 0.951648
1.4e-09, -1.44e-06, 0.951648
1.4e-09, -1.56e-06, 0.951648
1.4e-09, -1.68e-06, 0.951648
1.4e-09, -1.8e-06, 0.951648
1.4e-09, -1.92e-06, 0.951648
1.4e-09, -2.04e-06, 0.951648
1.4e-09, -2.16e-06, 0.951648
1.4e-09, -2.28e-06, 0.951648
1.4e-09, -2.4e-06, 0.951427
1.4e-09, -2.52e-06, 0.575485
1.4e-09, -2.64e-06, 0.575475
1.4e-09, -2.76e-06, 0.575475
1.4e-09, -2.88e-06, 0.575475
1.4e-09, -3e-06, 0.575475
1.4e-09, -3.12e-06, 0.575475
1.4e-09, -3.24e-06, 0.575475
1.4e-09, -3.36e-06, 0.575475
1.4e-09, -3.48e-06, 0.575484
1.4e-09, -3.6e-06, 0.909215
1.5e-09, -0, 0.909215
1.5e-09, -1.2e-07, 0.575483
1.5e-09, -2.4e-07, 0.575475
1.5e-09, -3.6e-07, 0.575475
1.5e-09, -4.8e-07, 0.575475
1.5e-09, -6e-07, 0.575475
1.5e-09, -7.2e-07, 0.575475
1.5e-09, -8.4e-07, 0.575475
1.5e-09, -9.6e-07, 0.575475
1.5e-09, -1.08e-06, 0.575485
1.5e-09, -1.2e-06, 0.950042
1.5e-09, -1.32e-06, 0.950269
1.5e-09, -1.44e-06, 0.950269
1.5e-09, -1.56e-06, 0.950269
1.5e-09, -1.68e-06, 0.950269
1.5e-09, -1.8e-06, 0.950269
1.5e-09, -1.92e-06, 0.950269
1.5e-09, -2.04e-06, 0.950269
1.5e-09, -2.16e-06, 0.950269
1.5e-09, -2.28e-06, 0.950269
1.5e-09, -2.4e-06, 0.950042
1.5e-09, -2.52e-06, 0.575485
1.5e-09, -2.64e-06, 0.575475
1.5e-09, -2.76e-06, 0.575475
1.5e-09, -2.88e-06, 0.575475
1.5e-09, -3e-06, 0.575475
1.5e-09, -3.12e-06, 0.575475
1.5e-09, -3.24e-06, 0.575475
1.5e-09, -3.36e-06, 0.575475
1.5e-09, -3.48e-06, 0.575483
1.5e-09, -3.6e-06, 0.909215
1.6e-09, -0, 0.909215
1.6e-09, -1.2e-07, 0.575483
1.6e-09, -2.4e-07, 0.575475
1.6e-09, -3.6e-07, 0.575475
1.6e-09, -4.8e-07, 0.575475
1.6e-09, -6e-07, 0.575475
1.6e-09, -7.2e-07, 0.575475
1.6e-09, -8.4e-07, 0.575475
1.6e-09, -9.6e-07, 0.575475
1.6e-09, -1.08e-06, 0.575485
1.6e-09, -1.2e-06, 0.948747
1.6e-09, -1.32e-06, 0.948979
1.6e-09, -1.44e-06, 0.948979
1.6e-09, -1.56e-06, 0.948979
1.6e-09, -1.68e-06, 0.948979
1.6e-09, -1.8e-06, 0.948979
1.6e-09, -1.92e-06, 0.948979
1.6e-09, -2.04e-06, 0.948979
1.6e-09, -2.16e-06, 0.948979
1.6e-09, -2.28e-06, 0.948979
1.6e-09, -2.4e-06, 0.948747
1.6e-09, -2.52e-06, 0.575485
1.6e-09, -2.64e-06, 0.575475
1.6e-09, -2.76e-06, 0.575475
1.6e-09, -2.88e-06, 0.575475
1.6e-09, -3e-06, 0.575475
1.6e-09, -3.12e-06, 0.575475
1.6e-09, -3.24e-06, 0.575475
1.6e-09, -3.36e-06, 0.575475
1.6e-09, -3.48e-06, 0.575483
1.6e-09, -3.6e-06, 0.909215
1.7e-09, -0, 0.909215
1.7e-09, -1.2e-07, 0.575483
1.7e-09, -2.4e-07, 0.575475
1.7e-09, -3.6e-07, 0.575475
1.7e-09, -4.8e-07, 0.575475
1.7e-09, -6e-07, 0.575475
1.7e-09, -7.2e-07, 0.575475
1.7e-09, -8.4e-07, 0.575475
1.7e-09, -9.6e-07, 0.575475
1.7e-09, -1.08e-06, 0.575484
1.7e-09, -1.2e-06, 0.947542
1.7e-09, -1.32e-06, 0.947779
1.7e-09, -1.44e-06, 0.947779
1.7e-09, -1.56e-06, 0.947779
1.7e-09, -1.68e-06, 0.947779
1.7e-09, -1.8e-06, 0.947779
1.7e-09, -1.92e-06, 0.947779
1.7e-09, -2.04e-06, 0.947779
1.7e-09, -2.16e-06, 0.947779
1.7e-09, -2.28e-06, 0.947779
1.7e-09, -2.4e-06, 0.947542
1.7e-09, -2.52e-06, 0.575484
1.7e-09, -2.64e-06, 0.575475
1.7e-09, -2.76e-06, 0.575475
1.7e-09, -2.88e-06, 0.575475
1.7e-09, -3e-06, 0.575475
1.7e-09, -3.12e-06, 0.575475
1.7e-09, -3.24e-06, 0.575475
1.7e-09, -3.36e-06, 0.575475
1.7e-09, -3.48e-06, 0.575483
1.7e-09, -3.6e-06, 0.909215
1.8e-09, -0, 0.909215
1.8e-09, -1.2e-07, 0.575483
1.8e-09, -2.4e-07, 0.575475
1.8e-09, -3.6e-07, 0.575475
1.8e-09, -4.8e-07, 0.575475
1.8e-09, -6e-07, 0.575475
1.8e-09, -7.2e-07, 0.575475
1.8e-09, -8.4e-07, 0.575475
1.8e-09, -9.6e-07, 0.575475
1.8e-09, -1.08e-06, 0.575484
1.8e-09, -1.2e-06, 0.946426
1.8e-09, -1.32e-06, 0.946669
1.8e-09, -1.44e-06, 0.946669
1.8e-09, -1.56e-06, 0.946669
1.8e-09, -1.68e-06, 0.946669
1.8e-09, -1.8e-06, 0.946669
1.8e-09, -1.92e-06, 0.946669
1.8e-09, -2.04e-06, 0.946669
1.8e-09, -2.16e-06, 0.946669
1.8e-09, -2.28e-06, 0.946669
1.8e-09, -2.4e-06, 0.946426
1.8e-09, -2.52e-06, 0.575484
1.8e-09, -2.64e-06, 0.575475
1.8e-09, -2.76e-06, 0.575475
1.8e-09, -2.88e-06, 0.575475
1.8e-09, -3e-06, 0.575475
1.8e-09, -3.12e-06, 0.575475
1.8e-09, -3.24e-06, 0.575475
1.8e-09, -3.36e-06, 0.575475
1.8e-09, -3.48e-06, 0.575483
1.8e-09, -3.6e-06, 0.909215
1.9e-09, -0, 0.909215
1.9e-09, -1.2e-07, 0.575483
1.9e-09, -2.4e-07, 0.575475
1.9e-09, -3.6e-07, 0.575475
1.9e-09, -4.8e-07, 0.575475
1.9e-09, -6e-07, 0.575475
1.9e-09, -7.2e-07, 0.575475
1.9e-09, -8.4e-07, 0.575475
1.9e-09, -9.6e-07, 0.575475
1.9e-09, -1.08e-06, 0.575484
1.9e-09, -1.2e-06, 0.945401
1.9e-09, -1.32e-06, 0.945647
1.9e-09, -1.44e-06, 0.945647
1.9e-09, -1.56e-06, 0.945647
1.9e-09, -1.68e-06, 0.945647
1.9e-09, -1.8e-06, 0.945647
1.9e-09, -1.92e-06, 0.945647
1.9e-09, -2.04e-06, 0.945647
1.9e-09, -2.16e-06, 0.945647
1.9e-09, -2.28e-06, 0.945647
1.9e-09, -2.4e-06, 0.945401
1.9e-09, -2.52e-06, 0.575484
1.9e-09, -2.64e-06, 0.575475
1.9e-09, -2.76e-06, 0.575475
1.9e-09, -2.88e-06, 0.575475
1.9e-09, -3e-06, 0.575475
1.9e-09, -3.12e-06, 0.575475
1.9e-09, -3.24e-06, 0.575475
1.9e-09, -3.36e-06, 0.575475
1.9e-09, -3.48e-06, 0.575483
1.9e-09, -3.6e-06, 0.909215
2e-09, -0, 0.909215
2e-09, -1.2e-07, 0.575483
2e-09, -2.4e-07, 0.575475
2e-09, -3.6e-07, 0.575475
2e-09, -4.8e-07, 0.575475
2e-09, -6e-07, 0.575475
2e-09, -7.2e-07, 0.575475
2e-09, -8.4e-07, 0.575475
2e-09, -9.6e-07, 0.575475
2e-09, -1.08e-06, 0.575484
2e-09, -1.2e-06, 0.944464
2e-09, -1.32e-06, 0.944715
2e-09, -1.44e-06, 0.944715
2e-09, -1.56e-06, 0.944715
2e-09, -1.68e-06, 0.944715
2e-09, -1.8e-06, 0.944715
2e-09, -1.92e-06, 0.944715
2e-09, -2.04e-06, 0.944715
2e-09, -2.16e-06, 0.944715
2e-09, -2.28e-06, 0.944715
2e-09, -2.4e-06, 0.944464
2e-09, -2.52e-06, 0.575484
2e-09, -2.64e-06, 0.575475
2e-09, -2.76e-06, 0.575475
2e-09, -2.88e-06, 0.575475
2e-09, -3e-06, 0.575475
2e-09, -3.12e-06, 0.575475
2e-09, -3.24e-06, 0.575475
2e-09, -3.36e-06, 0.575475
2e-09, -3.48e-06, 0.575483
2e-09, -3.6e-06, 0.909215
2.1e-09, -0, 0.909215
2.1e-09, -1.2e-07, 0.575483
2.1e-09, -2.4e-07, 0.575475
2.1e-09, -3.6e-07, 0.575475
2.1e-09, -4.8e-07, 0.575475
2.1e-09, -6e-07, 0.575475
2.1e-09, -7.2e-07, 0.575475
2.1e-09, -8.4e-07, 0.575475
2.1e-09, -9.6e-07, 0.575475
2.1e-09, -1.08e-06, 0.575484
2.1e-09, -1.2e-06, 0.943618
2.1e-09, -1.32e-06, 0.943872
2.1e-09, -1.44e-06, 0.943873
2.1e-09, -1.56e-06, 0.943873
2.1e-09, -1.68e-06, 0.943873
2.1e-09, -1.8e-06, 0.943873
2.1e-09, -1.92e-06, 0.943873
2.1e-09, -2.04e-06, 0.943873
2.1e-09, -2.16e-06, 0.943873
2.1e-09, -2.28e-06, 0.943872
2.1e-09, -2.4e-06, 0.943618
2.1e-09, -2.52e-06, 0.575484
2.1e-09, -2.64e-06, 0.575475
2.1e-09, -2.76e-06, 0.575475
2.1e-09, -2.88e-06, 0.575475
2.1e-09, -3e-06, 0.575475
2.1e-09, -3.12e-06, 0.575475
2.1e-09, -3.24e-06, 0.575475
2.1e-09, -3.36e-06, 0.575475
2.1e-09, -3.48e-06, 0.575483
2.1e-09, -3.6e-06, 0.909215
2.2e-09, -0, 0.909215
2.2e-09, -1.2e-07, 0.575483
2.2e-09, -2.4e-07, 0.575475
2.2e-09, -3.6e-07, 0.575475
2.2e-09, -4.8e-07, 0.575475
2.2e-09, -6e-07, 0.575475
2.2e-09, -7.2e-07, 0.575475
2.2e-09, -8.4e-07, 0.575475
2.2e-09, -9.6e-07, 0.575475
2.2e-09, -1.08e-06, 0.575484
2.2e-09, -1.2e-06, 0.942861
2.2e-09, -1.32e-06, 0.943119
2.2e-09, -1.44e-06, 0.943119
2.2e-09, -1.56e-06, 0.943119
2.2e-09, -1.68e-06, 0.943119
2.2e-09, -1.8e-06, 0.943119
2.2e-09, -1.92e-06, 0.943119
2.2e-09, -2.04e-06, 0.943119
2.2e-09, -2.16e-06, 0.943119
2.2e-09, -2.28e-06, 0.943119
2.2e-09, -2.4e-06, 0.942861
2.2e-09, -2.52e-06, 0.575484
2.2e-09, -2.64e-06, 0.575475
2.2e-09, -2.76e-06, 0.575475
2.2e-09, -2.88e-06, 0.575475
2.2e-09, -3e-06, 0.575475
2.2e-09, -3.12e-06, 0.575475
2.2e-09, -3.24e-06, 0.575475
2.2e-09, -3.36e-06, 0.575475
2.2e-09, -3.48e-06, 0.575483
2.2e-09, -3.6e-06, 0.909215
2.3e-09, -0, 0.909215
2.3e-09, -1.2e-07, 0.575483
2.3e-09, -2.4e-07, 0.575475
2.3e-09, -3.6e-07, 0.575475
2.3e-09, -4.8e-07, 0.575475
2.3e-09, -6e-07, 0.575475
2.3e-09, -7.2e-07, 0.575475
2.3e-09, -8.4e-07, 0.575475
2.3e-09, -9.6e-07, 0.575475
2.3e-09, -1.08e-06, 0.575484
2.3e-09, -1.2e-06, 0.942193
2.3e-09, -1.32e-06, 0.942454
2.3e-09, -1.44e-06, 0.942454
2.3e-09, -1.56e-06, 0.942454
2.3e-09, -1.68e-06, 0.942454
2.3e-09, -1.8e-06, 0.942454
2.3e-09, -1.92e-06, 0.942454
2.3e-09, -2.04e-06, 0.942454
2.3e-09, -2.16e-06, 0.942454
2.3e-09, -2.28e-06, 0.942454
2.3e-09, -2.4e-06, 0.942193
2.3e-09, -2.52e-06, 0.575484
2.3e-09, -2.64e-06, 0.575475
2.3e-09, -2.76e-06, 0.575475
2.3e-09, -2.88e-06, 0.575475
2.3e-09, -3e-06, 0.575475
2.3e-09, -3.12e-06, 0.575475
2.3e-09, -3.24e-06, 0.575475
2.3e-09, -3.36e-06, 0.575475
2.3e-09, -3.48e-06, 0.575483
2.3e-09, -3.6e-06, 0.909215
2.4e-09, -0, 0.909215
2.4e-09, -1.2e-07, 0.575483
2.4e-09, -2.4e-07, 0.575475
2.4e-09, -3.6e-07, 0.575475
2.4e-09, -4.8e-07, 0.575475
2.4e-09, -6e-07, 0.575475
2.4e-09, -7.2e-07, 0.575475
2.4e-09, -8.4e-07, 0.575475
2.4e-09, -9.6e-07, 0.575475
2.4e-09, -1.08e-06, 0.575484
2.4e-09, -1.2e-06, 0.941614
2.4e-09, -1.32e-06, 0.941877
2.4e-09, -1.44e-06, 0.941877
2.4e-09, -1.56e-06, 0.941877
2.4e-09, -1.68e-06, 0.941877
2.4e-09, -1.8e-06, 0.941877
2.4e-09, -1.92e-06, 0.941877
2.4e-09, -2.04e-06, 0.941877
2.4e-09, -2.16e-06, 0.941877
2.4e-09, -2.28e-06, 0.941877
2.4e-09, -2.4e-06, 0.941614
2.4e-09, -2.52e-06, 0.575484
2.4e-09, -2.64e-06, 0.575475
2.4e-09, -2.76e-06, 0.575475
2.4e-09, -2.88e-06, 0.575475
2.4e-09, -3e-06, 0.575475
2.4e-09, -3.12e-06, 0.575475
2.4e-09, -3.24e-06, 0.575475
2.4e-09, -3.36e-06, 0.575475
2.4e-09, -3.48e-06, 0.575483
2.4e-09, -3.6e-06, 0.909215
2.5e-09, -0, 0.909215
2.5e-09, -1.2e-07, 0.575483
2.5e-09, -2.4e-07, 0.575475
2.5e-09, -3.6e-07, 0.575475
2.5e-09, -4.8e-07, 0.575475
2.5e-09, -6e-07, 0.575475
2.5e-09, -7.2e-07, 0.575475
2.5e-09, -8.4e-07, 0.575475
2.5e-09, -9.6e-07, 0.575475
2.5e-09, -1.08e-06, 0.575484
2.5e-09, -1.2e-06, 0.941125
2.5e-09, -1.32e-06, 0.94139
2.5e-09, -1.44e-06, 0.94139
2.5e-09, -1.56e-06, 0.94139
2.5e-09, -1.68e-06, 0.94139
2.5e-09, -1.8e-06, 0.94139
2.5e-09, -1.92e-06, 0.94139
2.5e-09, -2.04e-06, 0.94139
2.5e-09, -2.16e-06, 0.94139
2.5e-09, -2.28e-06, 0.94139
2.5e-09, -2.4e-06, 0.941125
2.5e-09, -2.52e-06, 0.575484
2.5e-09, -2.64e-06, 0.575475
2.5e-09, -2.76e-06, 0.575475
2.5e-09, -2.88e-06, 0.575475
2.5e-09, -3e-06, 0.575475
2.5e-09, -3.12e-06, 0.575475
2.5e-09, -3.24e-06, 0.575475
2.5e-09, -3.36e-06, 0.575475
2.5e-09, -3.48e-06, 0.575483
2.5e-09, -3.6e-06, 0.909215
2.6e-09, -0, 0.909215
2.6e-09, -1.2e-07, 0.575483
2.6e-09, -2.4e-07, 0.575475
2.6e-09, -3.6e-07, 0.575475
2.6e-09, -4.8e-07, 0.575475
2.6e-09, -6e-07, 0.575475
2.6e-09, -7.2e-07, 0.575475
2.6e-09, -8.4e-07, 0.575475
2.6e-09, -9.6e-07, 0.575475
2.6e-09, -1.08e-06, 0.575484
2.6e-09, -1.2e-06, 0.940724
2.6e-09, -1.32e-06, 0.940991
2.6e-09, -1.44e-06, 0.940991
2.6e-09, -1.56e-06, 0.940991
2.6e-09, -1.68e-06, 0.940991
2.6e-09, -1.8e-06, 0.940991
2.6e-09, -1.92e-06, 0.940991
2.6e-09, -2.04e-06, 0.940991
2.6e-09, -2.16e-06, 0.940991
2.6e-09, -2.28e-06, 0.940991
2.6e-09, -2.4e-06, 0.940724
2.6e-09, -2.52e-06, 0.575484
2.6e-09, -2.64e-06, 0.575475
2.6e-09, -2.76e-06, 0.575475
2.6e-09, -2.88e-06, 0.575475
2.6e-09, -3e-06, 0.575475
2.6e-09, -3.12e-06, 0.575475
2.6e-09, -3.24e-06, 0.575475
2.6e-09, -3.36e-06, 0.575475
2.6e-09, -3.48e-06, 0.575483
2.6e-09, -3.6e-06, 0.909215
2.7e-09, -0, 0.909215
2.7e-09, -1.2e-07, 0.575483
2.7e-09, -2.4e-07, 0.575475
2.7e-09, -3.6e-07, 0.575475
2.7e-09, -4.8e-07, 0.575475
2.7e-09, -6e-07, 0.575475
2.7e-09, -7.2e-07, 0.575475
2.7e-09, -8.4e-07, 0.575475
2.7e-09, -9.6e-07, 0.575475
2.7e-09, -1.08e-06, 0.575484
2.7e-09, -1.2e-06, 0.940413
2.7e-09, -1.32e-06, 0.940681
2.7e-09, -1.44e-06, 0.940681
2.7e-09, -1.56e-06, 0.940681
2.7e-09, -1.68e-06, 0.940681
2.7e-09, -1.8e-06, 0.940681
2.7e-09, -1.92e-06, 0.940681
2.7e-09, -2.04e-06, 0.940681
2.7e-09, -2.16e-06, 0.940681
2.7e-09, -2.28e-06, 0.940681
2.7e-09, -2.4e-06, 0.940413
2.7e-09, -2.52e-06, 0.575484
2.7e-09, -2.64e-06, 0.575475
2.7e-09, -2.76e-06, 0.575475
2.7e-09, -2.88e-06, 0.575475
2.7e-09, -3e-06, 0.575475
2.7e-09, -3.12e-06, 0.575475
2.7e-09, -3.24e-06, 0.575475
2.7e-09, -3.36e-06, 0.575475
2.7e-09, -3.48e-06, 0.575483
2.7e-09, -3.6e-06, 0.909215
2.8e-09, -0, 0.909215
2.8e-09, -1.2e-07, 0.575483
2.8e-09, -2.4e-07, 0.575475
2.8e-09, -3.6e-07, 0.575475
2.8e-09, -4.8e-07, 0.575475
2.8e-09, -6e-07, 0.575475
2.8e-09, -7.2e-07, 0.575475
2.8e-09, -8.4e-07, 0.575475
2.8e-09, -9.6e-07, 0.575475
2.8e-09, -1.08e-06, 0.575484
2.8e-09, -1.2e-06, 0.94019
2.8e-09, -1.32e-06, 0.94046
2.8e-09, -1.44e-06, 0.94046
2.8e-09, -1.56e-06, 0.94046
2.8e-09, -1.68e-06, 0.94046
2.8e-09, -1.8e-06, 0.94046
2.8e-09, -1.92e-06, 0.94046
2.8e-09, -2.04e-06, 0.94046
2.8e-09, -2.16e-06, 0.94046
2.8e-09, -2.28e-06, 0.94046
2.8e-09, -2.4e-06, 0.94019
2.8e-09, -2.52e-06, 0.575484
2.8e-09, -2.64e-06, 0.575475
2.8e-09, -2.76e-06, 0.575475
2.8e-09, -2.88e-06, 0.575475
2.8e-09, -3e-06, 0.575475
2.8e-09, -3.12e-06, 0.575475
2.8e-09, -3.24e-06, 0.575475
2.8e-09, -3.36e-06, 0.575475
2.8e-09, -3.48e-06, 0.575483
2.8e-09, -3.6e-06, 0.909215
2.9e-09, -0, 0.909215
2.9e-09, -1.2e-07, 0.575483
2.9e-09, -2.4e-07, 0.575475
2.9e-09, -3.6e-07, 0.575475
2.9e-09, -4.8e-07, 0.575475
2.9e-09, -6e-07, 0.575475
2.9e-09, -7.2e-07, 0.575475
2.9e-09, -8.4e-07, 0.575475
2.9e-09, -9.6e-07, 0.575475
2.9e-09, -1.08e-06, 0.575484
2.9e-09, -1.2e-06, 0.940057
2.9e-09, -1.32e-06, 0.940327
2.9e-09, -1.44e-06, 0.940327
2.9e-09, -1.56e-06, 0.940327
2.9e-09, -1.68e-06, 0.940327
2.9e-09, -1.8e-06, 0.940327
2.9e-09, -1.92e-06, 0.940327
2.9e-09, -2.04e-06, 0.940327
2.9e-09, -2.16e-06, 0.940327
2.9e-09, -2.28e-06, 0.940327
2.9e-09, -2.4e-06, 0.940057
2.9e-09, -2.52e-06, 0.575484
2.9e-09, -2.64e-06, 0.575475
2.9e-09, -2.76e-06, 0.575475
2.9e-09, -2.88e-06, 0.575475
2.9e-09, -3e-06, 0.575475
2.9e-09, -3.12e-06, 0.575475
2.9e-09, -3.24e-06, 0.575475
2.9e-09, -3.36e-06, 0.575475
2.9e-09, -3.48e-06, 0.575483
2.9e-09, -3.6e-06, 0.909215
3e-09, -0, 0.909215
3e-09, -1.2e-07, 0.575483
3e-09, -2.4e-07, 0.575475
3e-09, -3.6e-07, 0.575475
3e-09, -4.8e-07, 0.575475
3e-09, -6e-07, 0.575475
3e-09, -7.2e-07, 0.575475
3e-09, -8.4e-07, 0.575475
3e-09, -9.6e-07, 0.575475
3e-09, -1.08e-06, 0.575484
3e-09, -1.2e-06, 0.940013
3e-09, -1.32e-06, 0.940283
3e-09, -1.44e-06, 0.940283
3e-09, -1.56e-06, 0.940283
3e-09, -1.68e-06, 0.940283
3e-09, -1.8e-06, 0.940283
3e-09, -1.92e-06, 0.940283
3e-09, -2.04e-06, 0.940283
3e-09, -2.16e-06, 0.940283
3e-09, -2.28e-06, 0.940283
3e-09, -2.4e-06, 0.940013
3e-09, -2.52e-06, 0.575484
3e-09, -2.64e-06, 0.575475
3e-09, -2.76e-06, 0.575475
3e-09, -2.88e-06, 0.575475
3e-09, -3e-06, 0.575475
3e-09, -3.12e-06, 0.575475
3e-09, -3.24e-06, 0.575475
3e-09, -3.36e-06, 0.575475
3e-09, -3.48e-06, 0.575483
3e-09, -3.6e-06, 0.909215
3.1e-09, -0, 0.909215
3.1e-09, -1.2e-07, 0.575483
3.1e-09, -2.4e-07, 0.575475
3.1e-09, -3.6e-07, 0.575475
3.1e-09, -4.8e-07, 0.575475
3.1e-09, -6e-07, 0.575475
3.1e-09, -7.2e-07, 0.575475
3.1e-09, -8.4e-07, 0.575475
3.1e-09, -9.6e-07, 0.575475
3.1e-09, -1.08e-06, 0.575484
3.1e-09, -1.2e-06, 0.940057
3.1e-09, -1.32e-06, 0.940327
3.1e-09, -1.44e-06, 0.940327
3.1e-09, -1.56e-06, 0.940327
3.1e-09, -1.68e-06, 0.940327
3.1e-09, -1.8e-06, 0.940327
3.1e-09, -1.92e-06, 0.940327
3.1e-09, -2.04e-06, 0.940327
3.1e-09, -2.16e-06, 0.940327
3.1e-09, -2.28e-06, 0.940327
3.1e-09, -2.4e-06, 0.940057
3.1e-09, -2.52e-06, 0.575484
3.1e-09, -2.64e-06, 0.575475
3.1e-09, -2.76e-06, 0.575475
3.1e-09, -2.88e-06, 0.575475
3.1e-09, -3e-06, 0.575475
3.1e-09, -3.12e-06, 0.575475
3.1e-09, -3.24e-06, 0.575475
3.1e-09, -3.36e-06, 0.575475
3.1e-09, -3.48e-06, 0.575483
3.1e-09, -3.6e-06, 0.909215
3.2e-09, -0, 0.909215
3.2e-09, -1.2e-07, 0.575483
3.2e-09, -2.4e-07, 0.575475
3.2e-09, -3.6e-07, 0.575475
3.2e-09, -4.8e-07, 0.575475
3.2e-09, -6e-07, 0.575475
3.2e-09, -7.2e-07, 0.575475
3.2e-09, -8.4e-07, 0.575475
3.2e-09, -9.6e-07, 0.575475
3.2e-09, -1.08e-06, 0.575484
3.2e-09, -1.2e-06, 0.94019
3.2e-09, -1.32e-06, 0.94046
3.2e-09, -1.44e-06, 0.94046
3.2e-09, -1.56e-06, 0.94046
3.2e-09, -1.68e-06, 0.94046
3.2e-09, -1.8e-06, 0.94046
3.2e-09, -1.92e-06, 0.94046
3.2e-09, -2.04e-06, 0.94046
3.2e-09, -2.16e-06, 0.94046
3.2e-09, -2.28e-06, 0.94046
3.2e-09, -2.4e-06, 0.94019
3.2e-09, -2.52e-06, 0.575484
3.2e-09, -2.64e-06, 0.575475
3.2e-09, -2.76e-06, 0.575475
3.2e-09, -2.88e-06, 0.575475
3.2e-09, -3e-06, 0.575475
3.2e-09, -3.12e-06, 0.575475
3.2e-09, -3.24e-06, 0.575475
3.2e-09, -3.36e-06, 0.575475
3.2e-09, -3.48e-06, 0.575483
3.2e-09, -3.6e-06, 0.909215
3.3e-09, -0, 0.909215
3.3e-09, -1.2e-07, 0.575483
3.3e-09, -2.4e-07, 0.575475
3.3e-09, -3.6e-07, 0.575475
3.3e-09, -4.8e-07, 0.575475
3.3e-09, -6e-07, 0.575475
3.3e-09, -7.2e-07, 0.575475
3.3e-09, -8.4e-07, 0.575475
3.3e-09, -9.6e-07, 0.575475
3.3e-09, -1.08e-06, 0.575484
3.3e-09, -1.2e-06, 0.940413
3.3e-09, -1.32e-06, 0.940681
3.3e-09, -1.44e-06, 0.940681
3.3e-09, -1.56e-06, 0.940681
3.3e-09, -1.68e-06, 0.940681
3.3e-09, -1.8e-06, 0.940681
3.3e-09, -1.92e-06, 0.940681
3.3e-09, -2.04e-06, 0.940681
3.3e-09, -2.16e-06, 0.940681
3.3e-09, -2.28e-06, 0.940681
3.3e-09, -2.4e-06, 0.940413
3.3e-09, -2.52e-06, 0.575484
3.3e-09, -2.64e-06, 0.575475
3.3e-09, -2.76e-06, 0.575475
3.3e-09, -2.88e-06, 0.575475
3.3e-09, -3e-06, 0.575475
3.3e-09, -3.12e-06, 0.575475
3.3e-09, -3.24e-06, 0.575475
3.3e-09, -3.36e-06, 0.575475
3.3e-09, -3.48e-06, 0.575483
3.3e-09, -3.6e-06, 0.909215
3.4e-09, -0, 0.909215
3.4e-09, -1.2e-07, 0.575483
3.4e-09, -2.4e-07, 0.575475
3.4e-09, -3.6e-07, 0.575475
3.4e-09, -4.8e-07, 0.575475
3.4e-09, -6e-07, 0.575475
3.4e-09, -7.2e-07, 0.575475
3.4e-09, -8.4e-07, 0.575475
3.4e-09, -9.6e-07, 0.575475
3.4e-09, -1.08e-06, 0.575484
3.4e-09, -1.2e-06, 0.940724
3.4e-09, -1.32e-06, 0.940991
3.4e-09, -1.44e-06, 0.940991
3.4e-09, -1.56e-06, 0.940991
3.4e-09, -1.68e-06, 0.940991
3.4e-09, -1.8e-06, 0.940991
3.4e-09, -1.92e-06, 0.940991
3.4e-09, -2.04e-06, 0.940991
3.4e-09, -2.16e-06, 0.940991
3.4e-09, -2.28e-06, 0.940991
3.4e-09, -2.4e-06, 0.940724
3.4e-09, -2.52e-06, 0.575484
3.4e-09, -2.64e-06, 0.575475
3.4e-09, -2.76e-06, 0.575475
3.4e-09, -2.88e-06, 0.575475
3.4e-09, -3e-06, 0.575475
3.4e-09, -3.12e-06, 0.575475
3.4e-09, -3.24e-06, 0.575475
3.4e-09, -3.36e-06, 0.575475
3.4e-09, -3.48e-06, 0.575483
3.4e-09, -3.6e-06, 0.909215
3.5e-09, -0, 0.909215
3.5e-09, -1.2e-07, 0.575483
3.5e-09, -2.4e-07, 0.575475
3.5e-09, -3.6e-07, 0.575475
3.5e-09, -4.8e-07, 0.575475
3.5e-09, -6e-07, 0.575475
3.5e-09, -7.2e-07, 0.575475
3.5e-09, -8.4e-07, 0.575475
3.5e-09, -9.6e-07, 0.575475
3.5e-09, -1.08e-06, 0.575484
3.5e-09, -1.2e-06, 0.941125
3.5e-09, -1.32e-06, 0.94139
3.5e-09, -1.44e-06, 0.94139
3.5e-09, -1.56e-06, 0.94139
3.5e-09, -1.68e-06, 0.94139
3.5e-09, -1.8e-06, 0.94139
3.5e-09, -1.92e-06, 0.94139
3.5e-09, -2.04e-06, 0.94139
3.5e-09, -2.16e-06, 0.94139
3.5e-09, -2.28e-06, 0.94139
3.5e-09, -2.4e-06, 0.941125
3.5e-09, -2.52e-06, 0.575484
3.5e-09, -2.64e-06, 0.575475
3.5e-09, -2.76e-06, 0.575475
3.5e-09, -2.88e-06, 0.575475
3.5e-09, -3e-06, 0.575475
3.5e-09, -3.12e-06, 0.575475
3.5e-09, -3.24e-06, 0.575475
3.5e-09, -3.36e-06, 0.575475
3.5e-09, -3.48e-06, 0.575483
3.5e-09, -3.6e-06, 0.909215
3.6e-09, -0, 0.909215
3.6e-09, -1.2e-07, 0.575483
3.6e-09, -2.4e-07, 0.575475
3.6e-09, -3.6e-07, 0.575475
3.6e-09, -4.8e-07, 0.575475
3.6e-09, -6e-07, 0.575475
3.6e-09, -7.2e-07, 0.575475
3.6e-09, -8.4e-07, 0.575475
3.6e-09, -9.6e-07, 0.575475
3.6e-09, -1.08e-06, 0.575484
3.6e-09, -1.2e-06, 0.941614
3.6e-09, -1.32e-06, 0.941877
3.6e-09, -1.44e-06, 0.941877
3.6e-09, -1.56e-06, 0.941877
3.6e-09, -1.68e-06, 0.941877
3.6e-09, -1.8e-06, 0.941877
3.6e-09, -1.92e-06, 0.941877
3.6e-09, -2.04e-06, 0.941877
3.6e-09, -2.16e-06, 0.941877
3.6e-09, -2.28e-06, 0.941877
3.6e-09, -2.4e-06, 0.941614
3.6e-09, -2.52e-06, 0.575484
3.6e-09, -2.64e-06, 0.575475
3.6e-09, -2.76e-06, 0.575475
3.6e-09, -2.88e-06, 0.575475
3.6e-09, -3e-06, 0.575475
3.6e-09, -3.12e-06, 0.575475
3.6e-09, -3.24e-06, 0.575475
3.6e-09, -3.36e-06, 0.575475
3.6e-09, -3.48e-06, 0.575483
3.6e-09, -3.6e-06, 0.909215
3.7e-09, -0, 0.909215
3.7e-09, -1.2e-07, 0.575483
3.7e-09, -2.4e-07, 0.575475
3.7e-09, -3.6e-07, 0.575475
3.7e-09, -4.8e-07, 0.575475
3.7e-09, -6e-07, 0.575475
3.7e-09, -7.2e-07, 0.575475
3.7e-09, -8.4e-07, 0.575475
3.7e-09, -9.6e-07, 0.575475
3.7e-09, -1.08e-06, 0.575484
3.7e-09, -1.2e-06, 0.942193
3.7e-09, -1.32e-06, 0.942454
3.7e-09, -1.44e-06, 0.942454
3.7e-09, -1.56e-06, 0.942454
3.7e-09, -1.68e-06, 0.942454
3.7e-09, -1.8e-06, 0.942454
3.7e-09, -1.92e-06, 0.942454
3.7e-09, -2.04e-06, 0.942454
3.7e-09, -2.16e-06, 0.942454
3.7e-09, -2.28e-06, 0.942454
3.7e-09, -2.4e-06, 0.942193
3.7e-09, -2.52e-06, 0.575484
3.7e-09, -2.64e-06, 0.575475
3.7e-09, -2.76e-06, 0.575475
3.7e-09, -2.88e-06, 0.575475
3.7e-09, -3e-06, 0.575475
3.7e-09, -3.12e-06, 0.575475
3.7e-09, -3.24e-06, 0.575475
3.7e-09, -3.36e-06, 0.575475
3.7e-09, -3.48e-06, 0.575483
3.7e-09, -3.6e-06, 0.909215
3.8e-09, -0, 0.909215
3.8e-09, -1.2e-07, 0.575483
3.8e-09, -2.4e-07, 0.575475
3.8e-09, -3.6e-07, 0.575475
3.8e-09, -4.8e-07, 0.575475
3.8e-09, -6e-07, 0.575475
3.8e-09, -7.2e-07, 0.575475
3.8e-09, -8.4e-07, 0.575475
3.8e-09, -9.6e-07, 0.575475
3.8e-09, -1.08e-06, 0.575484
3.8e-09, -1.2e-06, 0.942861
3.8e-09, -1.32e-06, 0.943119
3.8e-09, -1.44e-06, 0.943119
3.8e-09, -1.56e-06, 0.943119
3.8e-09, -1.68e-06, 0.943119
3.8e-09, -1.8e-06, 0.943119
3.8e-09, -1.92e-06, 0.943119
3.8e-09, -2.04e-06, 0.943119
3.8e-09, -2.16e-06, 0.943119
3.8e-09, -2.28e-06, 0.943119
3.8e-09, -2.4e-06, 0.942861
3.8e-09, -2.52e-06, 0.575484
3.8e-09, -2.64e-06, 0.575475
3.8e-09, -2.76e-06, 0.575475
3.8e-09, -2.88e-06, 0.575475
3.8e-09, -3e-06, 0.575475
3.8e-09, -3.12e-06, 0.575475
3.8e-09, -3.24e-06, 0.575475
3.8e-09, -3.36e-06, 0.575475
3.8e-09, -3.48e-06, 0.575483
3.8e-09, -3.6e-06, 0.909215
3.9e-09, -0, 0.909215
3.9e-09, -1.2e-07, 0.575483
3.9e-09, -2.4e-07, 0.575475
3.9e-09, -3.6e-07, 0.575475
3.9e-09, -4.8e-07, 0.575475
3.9e-09, -6e-07, 0.575475
3.9e-09, -7.2e-07, 0.575475
3.9e-09, -8.4e-07, 0.575475
3.9e-09, -9.6e-07, 0.575475
3.9e-09, -1.08e-06, 0.575484
3.9e-09, -1.2e-06, 0.943618
3.9e-09, -1.32e-06, 0.943872
3.9e-09, -1.44e-06, 0.943873
3.9e-09, -1.56e-06, 0.943873
3.9e-09, -1.68e-06, 0.943873
3.9e-09, -1.8e-06, 0.943873
3.9e-09, -1.92e-06, 0.943873
3.9e-09, -2.04e-06, 0.943873
3.9e-09, -2.16e-06, 0.943873
3.9e-09, -2.28e-06, 0.943872
3.9e-09, -2.4e-06, 0.943618
3.9e-09, -2.52e-06, 0.575484
3.9e-09, -2.64e-06, 0.575475
3.9e-09, -2.76e-06, 0.575475
3.9e-09, -2.88e-06, 0.575475
3.9e-09, -3e-06, 0.575475
3.9e-09, -3.12e-06, 0.575475
3.9e-09, -3.24e-06, 0.575475
3.9e-09, -3.36e-06, 0.575475
3.9e-09, -3.48e-06, 0.575483
3.9e-09, -3.6e-06, 0.909215
4e-09, -0, 0.909215
4e-09, -1.2e-07, 0.575483
4e-09, -2.4e-07, 0.575475
4e-09, -3.6e-07, 0.575475
4e-09, -4.8e-07, 0.575475
4e-09, -6e-07, 0.575475
4e-09, -7.2e-07, 0.575475
4e-09, -8.4e-07, 0.575475
4e-09, -9.6e-07, 0.575475
4e-09, -1.08e-06, 0.575484
4e-09, -1.2e-06, 0.944464
4e-09, -1.32e-06, 0.944715
4e-09, -1.44e-06, 0.944715
4e-09, -1.56e-06, 0.944715
4e-09, -1.68e-06, 0.944715
4e-09, -1.8e-06, 0.944715
4e-09, -1.92e-06, 0.944715
4e-09, -2.04e-06, 0.944715
4e-09, -2.16e-06, 0.944715
4e-09, -2.28e-06, 0.944715
4e-09, -2.4e-06, 0.944464
4e-09, -2.52e-06, 0.575484
4e-09, -2.64e-06, 0.575475
4e-09, -2.76e-06, 0.575475
4e-09, -2.88e-06, 0.575475
4e-09, -3e-06, 0.575475
4e-09, -3.12e-06, 0.575475
4e-09, -3.24e-06, 0.575475
4e-09, -3.36e-06, 0.575475
4e-09, -3.48e-06, 0.575483
4e-09, -3.6e-06, 0.909215
4.1e-09, -0, 0.909215
4.1e-09, -1.2e-07, 0.575483
4.1e-09, -2.4e-07, 0.575475
4.1e-09, -3.6e-07, 0.575475
4.1e-09, -4.8e-07, 0.575475
4.1e-09, -6e-07, 0.575475
4.1e-09, -7.2e-07, 0.575475
4.1e-09, -8.4e-07, 0.575475
4.1e-09, -9.6e-07, 0.575475
4.1e-09, -1.08e-06, 0.575484
4.1e-09, -1.2e-06, 0.945401
4.1e-09, -1.32e-06, 0.945647
4.1e-09, -1.44e-06, 0.945647
4.1e-09, -1.56e-06, 0.945647
4.1e-09, -1.68e-06, 0.945647
4.1e-09, -1.8e-06, 0.945647
4.1e-09, -1.92e-06, 0.945647
4.1e-09, -2.04e-06, 0.945647
4.1e-09, -2.16e-06, 0.945647
4.1e-09, -2.28e-06, 0.945647
4.1e-09, -2.4e-06, 0.945401
4.1e-09, -2.52e-06, 0.575484
4.1e-09, -2.64e-06, 0.575475
4.1e-09, -2.76e-06, 0.575475
4.1e-09, -2.88e-06, 0.575475
4.1e-09, -3e-06, 0.575475
4.1e-09, -3.12e-06, 0.575475
4.1e-09, -3.24e-06, 0.575475
4.1e-09, -3.36e-06, 0.575475
4.1e-09, -3.48e-06, 0.575483
4.1e-09, -3.6e-06, 0.909215
4.2e-09, -0, 0.909215
4.2e-09, -1.2e-07, 0.575483
4.2e-09, -2.4e-07, 0.575475
4.2e-09, -3.6e-07, 0.575475
4.2e-09, -4.8e-07, 0.575475
4.2e-09, -6e-07, 0.575475
4.2e-09, -7.2e-07, 0.575475
4.2e-09, -8.4e-07, 0.575475
4.2e-09, -9.6e-07, 0.575475
4.2e-09, -1.08e-06, 0.575484
4.2e-09, -1.2e-06, 0.946426
4.2e-09, -1.32e-06, 0.946669
4.2e-09, -1.44e-06, 0.946669
4.2e-09, -1.56e-06, 0.946669
4.2e-09, -1.68e-06, 0.946669
4.2e-09, -1.8e-06, 0.946669
4.2e-09, -1.92e-06, 0.946669
4.2e-09, -2.04e-06, 0.946669
4.2e-09, -2.16e-06, 0.946669
4.2e-09, -2.28e-06, 0.946669
4.2e-09, -2.4e-06, 0.946426
4.2e-09, -2.52e-06, 0.575484
4.2e-09, -2.64e-06, 0.575475
4.2e-09, -2.76e-06, 0.575475
4.2e-09, -2.88e-06, 0.575475
4.2e-09, -3e-06, 0.575475
4.2e-09, -3.12e-06, 0.575475
4.2e-09, -3.24e-06, 0.575475
4.2e-09, -3.36e-06, 0.575475
4.2e-09, -3.48e-06, 0.575483
4.2e-09, -3.6e-06, 0.909215
4.3e-09, -0, 0.909215
4.3e-09, -1.2e-07, 0.575483
4.3e-09, -2.4e-07, 0.575475
4.3e-09, -3.6e-07, 0.575475
4.3e-09, -4.8e-07, 0.575475
4.3e-09, -6e-07, 0.575475
4.3e-09, -7.2e-07, 0.575475
4.3e-09, -8.4e-07, 0.575475
4.3e-09, -9.6e-07, 0.575475
4.3e-09, -1.08e-06, 0.575484
4.3e-09, -1.2e-06, 0.947542
4.3e-09, -1.32e-06, 0.947779
4.3e-09, -1.44e-06, 0.947779
4.3e-09, -1.56e-06, 0.947779
4.3e-09, -1.68e-06, 0.947779
4.3e-09, -1.8e-06, 0.947779
4.3e-09, -1.92e-06, 0.947779
4.3e-09, -2.04e-06, 0.947779
4.3e-09, -2.16e-06, 0.947779
4.3e-09, -2.28e-06, 0.947779
4.3e-09, -2.4e-06, 0.947542
4.3e-09, -2.52e-06, 0.575484
4.3e-09, -2.64e-06, 0.575475
4.3e-09, -2.76e-06, 0.575475
4.3e-09, -2.88e-06, 0.575475
4.3e-09, -3e-06, 0.575475
4.3e-09, -3.12e-06, 0.575475
4.3e-09, -3.24e-06, 0.575475
4.3e-09, -3.36e-06, 0.575475
4.3e-09, -3.48e-06, 0.575483
4.3e-09, -3.6e-06, 0.909215
4.4e-09, -0, 0.909215
4.4e-09, -1.2e-07, 0.575483
4.4e-09, -2.4e-07, 0.575475
4.4e-09, -3.6e-07, 0.575475
4.4e-09, -4.8e-07, 0.575475
4.4e-09, -6e-07, 0.575475
4.4e-09, -7.2e-07, 0.575475
4.4e-09, -8.4e-07, 0.575475
4.4e-09, -9.6e-07, 0.575475
4.4e-09, -1.08e-06, 0.575485
4.4e-09, -1.2e-06, 0.948747
4.4e-09, -1.32e-06, 0.948979
4.4e-09, -1.44e-06, 0.948979
4.4e-09, -1.56e-06, 0.948979
4.4e-09, -1.68e-06, 0.948979
4.4e-09, -1.8e-06, 0.948979
4.4e-09, -1.92e-06, 0.948979
4.4e-09, -2.04e-06, 0.948979
4.4e-09, -2.16e-06, 0.948979
4.4e-09, -2.28e-06, 0.948979
4.4e-09, -2.4e-06, 0.948747
4.4e-09, -2.52e-06, 0.575485
4.4e-09, -2.64e-06, 0.575475
4.4e-09, -2.76e-06, 0.575475
4.4e-09, -2.88e-06, 0.575475
4.4e-09, -3e-06, 0.575475
4.4e-09, -3.12e-06, 0.575475
4.4e-09, -3.24e-06, 0.575475
4.4e-09, -3.36e-06, 0.575475
4.4e-09, -3.48e-06, 0.575483
4.4e-09, -3.6e-06, 0.909215
4.5e-09, -0, 0.909215
4.5e-09, -1.2e-07, 0.575483
4.5e-09, -2.4e-07, 0.575475
4.5e-09, -3.6e-07, 0.575475
4.5e-09, -4.8e-07, 0.575475
4.5e-09, -6e-07, 0.575475
4.5e-09, -7.2e-07, 0.575475
4.5e-09, -8.4e-07, 0.575475
4.5e-09, -9.6e-07, 0.575475
4.5e-09, -1.08e-06, 0.575485
4.5e-09, -1.2e-06, 0.950042
4.5e-09, -1.32e-06, 0.950269
4.5e-09, -1.44e-06, 0.950269
4.5e-09, -1.56e-06, 0.950269
4.5e-09, -1.68e-06, 0.950269
4.5e-09, -1.8e-06, 0.950269
4.5e-09, -1.92e-06, 0.950269
4.5e-09, -2.04e-06, 0.950269
4.5e-09, -2.16e-06, 0.950269
4.5e-09, -2.28e-06, 0.950269
4.5e-09, -2.4e-06, 0.950042
4.5e-09, -2.52e-06, 0.575485
4.5e-09, -2.64e-06, 0.575475
4.5e-09, -2.76e-06, 0.575475
4.5e-09, -2.88e-06, 0.575475
4.5e-09, -3e-06, 0.575475
4.5e-09, -3.12e-06, 0.575475
4.5e-09, -3.24e-06, 0.575475
4.5e-09, -3.36e-06, 0.575475
4.5e-09, -3.48e-06, 0.575483
4.5e-09, -3.6e-06, 0.909215
4.6e-09, -0, 0.909215
4.6e-09, -1.2e-07, 0.575484
4.6e-09, -2.4e-07, 0.575475
4.6e-09, -3.6e-07, 0.575475
4.6e-09, -4.8e-07, 0.575475
4.6e-09, -6e-07, 0.575475
4.6e-09, -7.2e-07, 0.575475
4.6e-09, -8.4e-07, 0.575475
4.6e-09, -9.6e-07, 0.575475
4.6e-09, -1.08e-06, 0.575485
4.6e-09, -1.2e-06, 0.951427
4.6e-09, -1.32e-06, 0.951648
4.6e-09, -1.44e-06, 0.951648
4.6e-09, -1.56e-06, 0.951648
4.6e-09, -1.68e-06, 0.951648
4.6e-09, -1.8e-06, 0.951648
4.6e-09, -1.92e-06, 0.951648
4.6e-09, -2.04e-06, 0.951648
4.6e-09, -2.16e-06, 0.951648
4.6e-09, -2.28e-06, 0.951648
4.6e-09, -2.4e-06, 0.951427
4.6e-09, -2.52e-06, 0.575485
4.6e-09, -2.64e-06, 0.575475
4.6e-09, -2.76e-06, 0.575475
4.6e-09, -2.88e-06, 0.575475
4.6e-09, -3e-06, 0.575475
4.6e-09, -3.12e-06, 0.575475
4.6e-09, -3.24e-06, 0.575475
4.6e-09, -3.36e-06, 0.575475
4.6e-09, -3.48e-06, 0.575484
4.6e-09, -3.6e-06, 0.909215
4.7e-09, -0, 0.909215
4.7e-09, -1.2e-07, 0.575484
4.7e-09, -2.4e-07, 0.575475
4.7e-09, -3.6e-07, 0.575475
4.7e-09, -4.8e-07, 0.575475
4.7e-09, -6e-07, 0.575475
4.7e-09, -7.2e-07, 0.575475
4.7e-09, -8.4e-07, 0.575475
4.7e-09, -9.6e-07, 0.575475
4.7e-09, -1.08e-06, 0.575485
4.7e-09, -1.2e-06, 0.952903
4.7e-09, -1.32e-06, 0.953117
4.7e-09, -1.44e-06, 0.953117
4.7e-09, -1.56e-06, 0.953117
4.7e-09, -1.68e-06, 0.953117
4.7e-09, -1.8e-06, 0.953117
4.7e-09, -1.92e-06, 0.953117
4.7e-09, -2.04e-06, 0.953117
4.7e-09, -2.16e-06, 0.953117
4.7e-09, -2.28e-06, 0.953117
4.7e-09, -2.4e-06, 0.952903
4.7e-09, -2.52e-06, 0.575485
4.7e-09, -2.64e-06, 0.575475
4.7e-09, -2.76e-06, 0.575475
4.7e-09, -2.88e-06, 0.575475
4.7e-09, -3e-06, 0.575475
4.7e-09, -3.12e-06, 0.575475
4.7e-09, -3.24e-06, 0.575475
4.7e-09, -3.36e-06, 0.575475
4.7e-09, -3.48e-06, 0.575484
4.7e-09, -3.6e-06, 0.909215
4.8e-09, -0, 0.909215
4.8e-09, -1.2e-07, 0.575484
4.8e-09, -2.4e-07, 0.575475
4.8e-09, -3.6e-07, 0.575475
4.8e-09, -4.8e-07, 0.575475
4.8e-09, -6e-07, 0.575475
4.8e-09, -7.2e-07, 0.575475
4.8e-09, -8.4e-07, 0.575475
4.8e-09, -9.6e-07, 0.575475
4.8e-09, -1.08e-06, 0.575485
4.8e-09, -1.2e-06, 0.954469
4.8e-09, -1.32e-06, 0.954677
4.8e-09, -1.44e-06, 0.954677
4.8e-09, -1.56e-06, 0.954677
4.8e-09, -1.68e-06, 0.954677
4.8e-09, -1.8e-06, 0.954677
4.8e-09, -1.92e-06, 0.954677
4.8e-09, -2.04e-06, 0.954677
4.8e-09, -2.16e-06, 0.954677
4.8e-09, -2.28e-06, 0.954677
4.8e-09, -2.4e-06, 0.954469
4.8e-09, -2.52e-06, 0.575485
4.8e-09, -2.64e-06, 0.575475
4.8e-09, -2.76e-06, 0.575475
4.8e-09, -2.88e-06, 0.575475
4.8e-09, -3e-06, 0.575475
4.8e-09, -3.12e-06, 0.575475
4.8e-09, -3.24e-06, 0.575475
4.8e-09, -3.36e-06, 0.575475
4.8e-09, -3.48e-06, 0.575484
4.8e-09, -3.6e-06, 0.909215
4.9e-09, -0, 0.909215
4.9e-09, -1.2e-07, 0.575484
4.9e-09, -2.4e-07, 0.575475
4.9e-09, -3.6e-07, 0.575475
4.9e-09, -4.8e-07, 0.575475
4.9e-09, -6e-07, 0.575475
4.9e-09, -7.2e-07, 0.575475
4.9e-09, -8.4e-07, 0.575475
4.9e-09, -9.6e-07, 0.575475
4.9e-09, -1.08e-06, 0.575485
4.9e-09, -1.2e-06, 0.956126
4.9e-09, -1.32e-06, 0.956326
4.9e-09, -1.44e-06, 0.956327
4.9e-09, -1.56e-06, 0.956327
4.9e-09, -1.68e-06, 0.956327
4.9e-09, -1.8e-06, 0.956327
4.9e-09, -1.92e-06, 0.956327
4.9e-09, -2.04e-06, 0.956327
4.9e-09, -2.16e-06, 0.956327
4.9e-09, -2.28e-06, 0.956326
4.9e-09, -2.4e-06, 0.956126
4.9e-09, -2.52e-06, 0.575485
4.9e-09, -2.64e-06, 0.575475
4.9e-09, -2.76e-06, 0.575475
4.9e-09, -2.88e-06, 0.575475
4.9e-09, -3e-06, 0.575475
4.9e-09, -3.12e-06, 0.575475
4.9e-09, -3.24e-06, 0.575475
4.9e-09, -3.36e-06, 0.575475
4.9e-09, -3.48e-06, 0.575484
4.9e-09, -3.6e-06, 0.909215
5e-09, -0, 0.909215
5e-09, -1.2e-07, 0.575484
5e-09, -2.4e-07, 0.575475
5e-09, -3.6e-07, 0.575475
5e-09, -4.8e-07, 0.575475
5e-09, -6e-07, 0.575475
5e-09, -7.2e-07, 0.575475
5e-09, -8.4e-07, 0.575475
5e-09, -9.6e-07, 0.575475
5e-09, -1.08e-06, 0.575486
5e-09, -1.2e-06, 0.957874
5e-09, -1.32e-06, 0.958067
5e-09, -1.44e-06, 0.958067
5e-09, -1.56e-06, 0.958067
5e-09, -1.68e-06, 0.958067
5e-09, -1.8e-06, 0.958067
5e-09, -1.92e-06, 0.958067
5e-09, -2.04e-06, 0.958067
5e-09, -2.16e-06, 0.958067
5e-09, -2.28e-06, 0.958067
5e-09, -2.4e-06, 0.957874
5e-09, -2.52e-06, 0.575486
5e-09, -2.64e-06, 0.575475
5e-09, -2.76e-06, 0.575475
5e-09, -2.88e-06, 0.575475
5e-09, -3e-06, 0.575475
5e-09, -3.12e-06, 0.575475
5e-09, -3.24e-06, 0.575475
5e-09, -3.36e-06, 0.575475
5e-09, -3.48e-06, 0.575484
5e-09, -3.6e-06, 0.909215
5.1e-09, -0, 0.909215
5.1e-09, -1.2e-07, 0.575484
5.1e-09, -2.4e-07, 0.575475
5.1e-09, -3.6e-07, 0.575475
5.1e-09, -4.8e-07, 0.575475
5.1e-09, -6e-07, 0.575475
5.1e-09, -7.2e-07, 0.575475
5.1e-09, -8.4e-07, 0.575475
5.1e-09, -9.6e-07, 0.575475
5.1e-09, -1.08e-06, 0.575486
5.1e-09, -1.2e-06, 0.959713
5.1e-09, -1.32e-06, 0.959898
5.1e-09, -1.44e-06, 0.959898
5.1e-09, -1.56e-06, 0.959898
5.1e-09, -1.68e-06, 0.959898
5.1e-09, -1.8e-06, 0.959898
5.1e-09, -1.92e-06, 0.959898
5.1e-09, -2.04e-06, 0.959898
5.1e-09, -2.16e-06, 0.959898
5.1e-09, -2.28e-06, 0.959898
5.1e-09, -2.4e-06, 0.959713
5.1e-09, -2.52e-06, 0.575486
5.1e-09, -2.64e-06, 0.575475
5.1e-09, -2.76e-06, 0.575475
5.1e-09, -2.88e-06, 0.575475
5.1e-09, -3e-06, 0.575475
5.1e-09, -3.12e-06, 0.575475
5.1e-09, -3.24e-06, 0.575475
5.1e-09, -3.36e-06, 0.575475
5.1e-09, -3.48e-06, 0.575484
5.1e-09, -3.6e-06, 0.909215
5.2e-09, -0, 0.909215
5.2e-09, -1.2e-07, 0.575484
5.2e-09, -2.4e-07, 0.575475
5.2e-09, -3.6e-07, 0.575475
5.2e-09, -4.8e-07, 0.575475
5.2e-09, -6e-07, 0.575475
5.2e-09, -7.2e-07, 0.575475
5.2e-09, -8.4e-07, 0.575475
5.2e-09, -9.6e-07, 0.575475
5.2e-09, -1.08e-06, 0.575486
5.2e-09, -1.2e-06, 0.961643
5.2e-09, -1.32e-06, 0.961819
5.2e-09, -1.44e-06, 0.961819
5.2e-09, -1.56e-06, 0.961819
5.2e-09, -1.68e-06, 0.961819
5.2e-09, -1.8e-06, 0.961819
5.2e-09, -1.92e-06, 0.961819
5.2e-09, -2.04e-06, 0.961819
5.2e-09, -2.16e-06, 0.961819
5.2e-09, -2.28e-06, 0.961819
5.2e-09, -2.4e-06, 0.961643
5.2e-09, -2.52e-06, 0.575486
5.2e-09, -2.64e-06, 0.575475
5.2e-09, -2.76e-06, 0.575475
5.2e-09, -2.88e-06, 0.575475
5.2e-09, -3e-06, 0.575475
5.2e-09, -3.12e-06, 0.575475
5.2e-09, -3.24e-06, 0.575475
5.2e-09, -3.36e-06, 0.575475
5.2e-09, -3.48e-06, 0.575484
5.2e-09, -3.6e-06, 0.909215
5.3e-09, -0, 0.909215
5.3e-09, -1.2e-07, 0.575485
5.3e-09, -2.4e-07, 0.575475
5.3e-09, -3.6e-07, 0.575475
5.3e-09, -4.8e-07, 0.575475
5.3e-09, -6e-07, 0.575475
5.3e-09, -7.2e-07, 0.575475
5.3e-09, -8.4e-07, 0.575475
5.3e-09, -9.6e-07, 0.575475
5.3e-09, -1.08e-06, 0.575487
5.3e-09, -1.2e-06, 0.963665
5.3e-09, -1.32e-06, 0.963832
5.3e-09, -1.44e-06, 0.963832
5.3e-09, -1.56e-06, 0.963832
5.3e-09, -1.68e-06, 0.963832
5.3e-09, -1.8e-06, 0.963832
5.3e-09, -1.92e-06, 0.963832
5.3e-09, -2.04e-06, 0.963832
5.3e-09, -2.16e-06, 0.963832
5.3e-09, -2.28e-06, 0.963832
5.3e-09, -2.4e-06, 0.963665
5.3e-09, -2.52e-06, 0.575487
5.3e-09, -2.64e-06, 0.575475
5.3e-09, -2.76e-06, 0.575475
5.3e-09, -2.88e-06, 0.575475
5.3e-09, -3e-06, 0.575475
5.3e-09, -3.12e-06, 0.575475
5.3e-09, -3.24e-06, 0.575475
5.3e-09, -3.36e-06, 0.575475
5.3e-09, -3.48e-06, 0.575485
5.3e-09, -3.6e-06, 0.909215
5.4e-09, -0, 0.909215
5.4e-09, -1.2e-07, 0.575485
5.4e-09, -2.4e-07, 0.575475
5.4e-09, -3.6e-07, 0.575475
5.4e-09, -4.8e-07, 0.575475
5.4e-09, -6e-07, 0.575475
5.4e-09, -7.2e-07, 0.575475
5.4e-09, -8.4e-07, 0.575475
5.4e-09, -9.6e-07, 0.575475
5.4e-09, -1.08e-06, 0.575487
5.4e-09, -1.2e-06, 0.965778
5.4e-09, -1.32e-06, 0.965937
5.4e-09, -1.44e-06, 0.965937
5.4e-09, -1.56e-06, 0.965937
5.4e-09, -1.68e-06, 0.965937
5.4e-09, -1.8e-06, 0.965937
5.4e-09, -1.92e-06, 0.965937
5.4e-09, -2.04e-06, 0.965937
5.4e-09, -2.16e-06, 0.965937
5.4e-09, -2.28e-06, 0.965937
5.4e-09, -2.4e-06, 0.965778
5.4e-09, -2.52e-06, 0.575487
5.4e-09, -2.64e-06, 0.575475
5.4e-09, -2.76e-06, 0.575475
5.4e-09, -2.88e-06, 0.575475
5.4e-09, -3e-06, 0.575475
5.4e-09, -3.12e-06, 0.575475
5.4e-09, -3.24e-06, 0.575475
5.4e-09, -3.36e-06, 0.575475
5.4e-09, -3.48e-06, 0.575485
5.4e-09, -3.6e-06, 0.909215
5.5e-09, -0, 0.909215
5.5e-09, -1.2e-07, 0.575485
5.5e-09, -2.4e-07, 0.575475
5.5e-09, -3.6e-07, 0.575475
5.5e-09, -4.8e-07, 0.575475
5.5e-09, -6e-07, 0.575475
5.5e-09, -7.2e-07, 0.575475
5.5e-09, -8.4e-07, 0.575475
5.5e-09, -9.6e-07, 0.575475
5.5e-09, -1.08e-06, 0.575488
5.5e-09, -1.2e-06, 0.982526
5.5e-09, -1.32e-06, 0.982674
5.5e-09, -1.44e-06, 0.982674
5.5e-09, -1.56e-06, 0.982674
5.5e-09, -1.68e-06, 0.982674
5.5e-09, -1.8e-06, 0.982674
5.5e-09, -1.92e-06, 0.982674
5.5e-09, -2.04e-06, 0.982674
5.5e-09, -2.16e-06, 0.982674
5.5e-09, -2.28e-06, 0.982674
5.5e-09, -2.4e-06, 0.982526
5.5e-09, -2.52e-06, 0.575488
5.5e-09, -2.64e-06, 0.575475
5.5e-09, -2.76e-06, 0.575475
5.5e-09, -2.88e-06, 0.575475
5.5e-09, -3e-06, 0.575475
5.5e-09, -3.12e-06, 0.575475
5.5e-09, -3.24e-06, 0.575475
5.5e-09, -3.36e-06, 0.575475
5.5e-09, -3.48e-06, 0.575485
5.5e-09, -3.6e-06, 0.909215
5.6e-09, -0, 0.909213
5.6e-09, -1.2e-07, 0.575486
5.6e-09, -2.4e-07, 0.575475
5.6e-09, -3.6e-07, 0.575475
5.6e-09, -4.8e-07, 0.575475
5.6e-09, -6e-07, 0.575475
5.6e-09, -7.2e-07, 0.575475
5.6e-09, -8.4e-07, 0.575475
5.6e-09, -9.6e-07, 0.575475
5.6e-09, -1.08e-06, 0.575489
5.6e-09, -1.2e-06, 1.03277
5.6e-09, -1.32e-06, 1.03289
5.6e-09, -1.44e-06, 1.03289
5.6e-09, -1.56e-06, 1.03289
5.6e-09, -1.68e-06, 1.03289
5.6e-09, -1.8e-06, 1.03289
5.6e-09, -1.92e-06, 1.03289
5.6e-09, -2.04e-06, 1.03289
5.6e-09, -2.16e-06, 1.03289
5.6e-09, -2.28e-06, 1.03289
5.6e-09, -2.4e-06, 1.03277
5.6e-09, -2.52e-06, 0.575489
5.6e-09, -2.64e-06, 0.575475
5.6e-09, -2.76e-06, 0.575475
5.6e-09, -2.88e-06, 0.575475
5.6e-09, -3e-06, 0.575475
5.6e-09, -3.12e-06, 0.575475
5.6e-09, -3.24e-06, 0.575475
5.6e-09, -3.36e-06, 0.575475
5.6e-09, -3.48e-06, 0.575486
5.6e-09, -3.6e-06, 0.909213
5.7e-09, -0, 0.909211
5.7e-09, -1.2e-07, 0.575487
5.7e-09, -2.4e-07, 0.575475
5.7e-09, -3.6e-07, 0.575475
5.7e-09, -4.8e-07, 0.575475
5.7e-09, -6e-07, 0.575475
5.7e-09, -7.2e-07, 0.575475
5.7e-09, -8.4e-07, 0.575475
5.7e-09, -9.6e-07, 0.575475
5.7e-09, -1.08e-06, 0.575491
5.7e-09, -1.2e-06, 1.08301
5.7e-09, -1.32e-06, 1.0831
5.7e-09, -1.44e-06, 1.0831
5.7e-09, -1.56e-06, 1.0831
5.7e-09, -1.68e-06, 1.0831
5.7e-09, -1.8e-06, 1.0831
5.7e-09, -1.92e-06, 1.0831
5.7e-09, -2.04e-06, 1.0831
5.7e-09, -2.16e-06, 1.0831
5.7e-09, -2.28e-06, 1.0831
5.7e-09, -2.4e-06, 1.08301
5.7e-09, -2.52e-06, 0.575491
5.7e-09, -2.64e-06, 0.575475
5.7e-09, -2.76e-06, 0.575475
5.7e-09, -2.88e-06, 0.575475
5.7e-09, -3e-06, 0.575475
5.7e-09, -3.12e-06, 0.575475
5.7e-09, -3.24e-06, 0.575475
5.7e-09, -3.36e-06, 0.575475
5.7e-09, -3.48e-06, 0.575487
5.7e-09, -3.6e-06, 0.909211
5.8e-09, -0, 0.90921
5.8e-09, -1.2e-07, 0.575488
5.8e-09, -2.4e-07, 0.575475
5.8e-09, -3.6e-07, 0.575475
5.8e-09, -4.8e-07, 0.575475
5.8e-09, -6e-07, 0.575475
5.8e-09, -7.2e-07, 0.575475
5.8e-09, -8.4e-07, 0.575475
5.8e-09, -9.6e-07, 0.575475
5.8e-09, -1.08e-06, 0.575492
5.8e-09, -1.2e-06, 1.13325
5.8e-09, -1.32e-06, 1.13331
5.8e-09, -1.44e-06, 1.13331
5.8e-09, -1.56e-06, 1.13331
5.8e-09, -1.68e-06, 1.13331
5.8e-09, -1.8e-06, 1.13331
5.8e-09, -1.92e-06, 1.13331
5.8e-09, -2.04e-06, 1.13331
5.8e-09, -2.16e-06, 1.13331
5.8e-09, -2.28e-06, 1.13331
5.8e-09, -2.4e-06, 1.13325
5.8e-09, -2.52e-06, 0.575492
5.8e-09, -2.64e-06, 0.575475
5.8e-09, -2.76e-06, 0.575475
5.8e-09, -2.88e-06, 0.575475
5.8e-09, -3e-06, 0.575475
5.8e-09, -3.12e-06, 0.575475
5.8e-09, -3.24e-06, 0.575475
5.8e-09, -3.36e-06, 0.575475
5.8e-09, -3.48e-06, 0.575488
5.8e-09, -3.6e-06, 0.90921
5.9e-09, -0, 0.909209
5.9e-09, -1.2e-07, 0.575488
5.9e-09, -2.4e-07, 0.575475
5.9e-09, -3.6e-07, 0.575475
5.9e-09, -4.8e-07, 0.575475
5.9e-09, -6e-07, 0.575475
5.9e-09, -7.2e-07, 0.575475
5.9e-09, -8.4e-07, 0.575475
5.9e-09, -9.6e-07, 0.575475
5.9e-09, -1.08e-06, 0.575493
5.9e-09, -1.2e-06, 1.1835
5.9e-09, -1.32e-06, 1.18353
5.9e-09, -1.44e-06, 1.18353
5.9e-09, -1.56e-06, 1.18353
5.9e-09, -1.68e-06, 1.18353
5.9e-09, -1.8e-06, 1.18353
5.9e-09, -1.92e-06, 1.18353
5.9e-09, -2.04e-06, 1.18353
5.9e-09, -2.16e-06, 1.18353
5.9e-09, -2.28e-06, 1.18353
5.9e-09, -2.4e-06, 1.1835
5.9e-09, -2.52e-06, 0.575493
5.9e-09, -2.64e-06, 0.575475
5.9e-09, -2.76e-06, 0.575475
5.9e-09, -2.88e-06, 0.575475
5.9e-09, -3e-06, 0.575475
5.9e-09, -3.12e-06, 0.575475
5.9e-09, -3.24e-06, 0.575475
5.9e-09, -3.36e-06, 0.575475
5.9e-09, -3.48e-06, 0.575488
5.9e-09, -3.6e-06, 0.909209
6e-09, -0, 0.909209
6e-09, -1.2e-07, 0.575488
6e-09, -2.4e-07, 0.575475
6e-09, -3.6e-07, 0.575475
6e-09, -4.8e-07, 0.575475
6e-09, -6e-07, 0.575475
6e-09, -7.2e-07, 0.575475
6e-09, -8.4e-07, 0.575475
6e-09, -9.6e-07, 0.575475
6e-09, -1.08e-06, 0.575493
6e-09, -1.2e-06, 1.23374
6e-09, -1.32e-06, 1.23374
6e-09, -1.44e-06, 1.23374
6e-09, -1.56e-06, 1.23374
6e-09, -1.68e-06, 1.23374
6e-09, -1.8e-06, 1.23374
6e-09, -1.92e-06, 1.23374
6e-09, -2.04e-06, 1.23374
6e-09, -2.16e-06, 1.23374
6e-09, -2.28e-06, 1.23374
6e-09, -2.4e-06, 1.23374
6e-09, -2.52e-06, 0.575493
6e-09, -2.64e-06, 0.575475
6e-09, -2.76e-06, 0.575475
6e-09, -2.88e-06, 0.575475
6e-09, -3e-06, 0.575475
6e-09, -3.12e-06, 0.575475
6e-09, -3.24e-06, 0.575475
6e-09, -3.36e-06, 0.575475
6e-09, -3.48e-06, 0.575488
6e-09, -3.6e-06, 0.909209
