0, -0, 0.909209
0, -1.2e-07, 0.575488
0, -2.4e-07, 0.575475
0, -3.6e-07, 0.575475
0, -4.8e-07, 0.575475
0, -6e-07, 0.575475
0, -7.2e-07, 0.575475
0, -8.4e-07, 0.575475
0, -9.6e-07, 0.575475
0, -1.08e-06, 0.575496
0, -1.2e-06, 1.33374
0, -1.32e-06, 1.33374
0, -1.44e-06, 1.33374
0, -1.56e-06, 1.33374
0, -1.68e-06, 1.33374
0, -1.8e-06, 1.33374
0, -1.92e-06, 1.33374
0, -2.04e-06, 1.33374
0, -2.16e-06, 1.33374
0, -2.28e-06, 1.33374
0, -2.4e-06, 1.33374
0, -2.52e-06, 0.575496
0, -2.64e-06, 0.575475
0, -2.76e-06, 0.575475
0, -2.88e-06, 0.575475
0, -3e-06, 0.575475
0, -3.12e-06, 0.575475
0, -3.24e-06, 0.575475
0, -3.36e-06, 0.575475
0, -3.48e-06, 0.575488
0, -3.6e-06, 0.909209
1e-10, -0, 0.909209
1e-10, -1.2e-07, 0.575488
1e-10, -2.4e-07, 0.575475
1e-10, -3.6e-07, 0.575475
1e-10, -4.8e-07, 0.575475
1e-10, -6e-07, 0.575475
1e-10, -7.2e-07, 0.575475
1e-10, -8.4e-07, 0.575475
1e-10, -9.6e-07, 0.575475
1e-10, -1.08e-06, 0.575496
1e-10, -1.2e-06, 1.28267
1e-10, -1.32e-06, 1.2827
1e-10, -1.44e-06, 1.2827
1e-10, -1.56e-06, 1.2827
1e-10, -1.68e-06, 1.2827
1e-10, -1.8e-06, 1.2827
1e-10, -1.92e-06, 1.2827
1e-10, -2.04e-06, 1.2827
1e-10, -2.16e-06, 1.2827
1e-10, -2.28e-06, 1.2827
1e-10, -2.4e-06, 1.28267
1e-10, -2.52e-06, 0.575496
1e-10, -2.64e-06, 0.575475
1e-10, -2.76e-06, 0.575475
1e-10, -2.88e-06, 0.575475
1e-10, -3e-06, 0.575475
1e-10, -3.12e-06, 0.575475
1e-10, -3.24e-06, 0.575475
1e-10, -3.36e-06, 0.575475
1e-10, -3.48e-06, 0.575488
1e-10, -3.6e-06, 0.909209
2e-10, -0, 0.90921
2e-10, -1.2e-07, 0.575488
2e-10, -2.4e-07, 0.575475
2e-10, -3.6e-07, 0.575475
2e-10, -4.8e-07, 0.575475
2e-10, -6e-07, 0.575475
2e-10, -7.2e-07, 0.575475
2e-10, -8.4e-07, 0.575475
2e-10, -9.6e-07, 0.575475
2e-10, -1.08e-06, 0.575495
2e-10, -1.2e-06, 1.2316
2e-10, -1.32e-06, 1.23167
2e-10, -1.44e-06, 1.23167
2e-10, -1.56e-06, 1.23167
2e-10, -1.68e-06, 1.23167
2e-10, -1.8e-06, 1.23167
2e-10, -1.92e-06, 1.23167
2e-10, -2.04e-06, 1.23167
2e-10, -2.16e-06, 1.23167
2e-10, -2.28e-06, 1.23167
2e-10, -2.4e-06, 1.2316
2e-10, -2.52e-06, 0.575495
2e-10, -2.64e-06, 0.575475
2e-10, -2.76e-06, 0.575475
2e-10, -2.88e-06, 0.575475
2e-10, -3e-06, 0.575475
2e-10, -3.12e-06, 0.575475
2e-10, -3.24e-06, 0.575475
2e-10, -3.36e-06, 0.575475
2e-10, -3.48e-06, 0.575488
2e-10, -3.6e-06, 0.90921
3e-10, -0, 0.909211
3e-10, -1.2e-07, 0.575487
3e-10, -2.4e-07, 0.575475
3e-10, -3.6e-07, 0.575475
3e-10, -4.8e-07, 0.575475
3e-10, -6e-07, 0.575475
3e-10, -7.2e-07, 0.575475
3e-10, -8.4e-07, 0.575475
3e-10, -9.6e-07, 0.575475
3e-10, -1.08e-06, 0.575494
3e-10, -1.2e-06, 1.18053
3e-10, -1.32e-06, 1.18063
3e-10, -1.44e-06, 1.18063
3e-10, -1.56e-06, 1.18063
3e-10, -1.68e-06, 1.18063
3e-10, -1.8e-06, 1.18063
3e-10, -1.92e-06, 1.18063
3e-10, -2.04e-06, 1.18063
3e-10, -2.16e-06, 1.18063
3e-10, -2.28e-06, 1.18063
3e-10, -2.4e-06, 1.18053
3e-10, -2.52e-06, 0.575494
3e-10, -2.64e-06, 0.575475
3e-10, -2.76e-06, 0.575475
3e-10, -2.88e-06, 0.575475
3e-10, -3e-06, 0.575475
3e-10, -3.12e-06, 0.575475
3e-10, -3.24e-06, 0.575475
3e-10, -3.36e-06, 0.575475
3e-10, -3.48e-06, 0.575487
3e-10, -3.6e-06, 0.909211
4e-10, -0, 0.909213
4e-10, -1.2e-07, 0.575486
4e-10, -2.4e-07, 0.575475
4e-10, -3.6e-07, 0.575475
4e-10, -4.8e-07, 0.575475
4e-10, -6e-07, 0.575475
4e-10, -7.2e-07, 0.575475
4e-10, -8.4e-07, 0.575475
4e-10, -9.6e-07, 0.575475
4e-10, -1.08e-06, 0.575493
4e-10, -1.2e-06, 1.12946
4e-10, -1.32e-06, 1.1296
4e-10, -1.44e-06, 1.1296
4e-10, -1.56e-06, 1.1296
4e-10, -1.68e-06, 1.1296
4e-10, -1.8e-06, 1.1296
4e-10, -1.92e-06, 1.1296
4e-10, -2.04e-06, 1.1296
4e-10, -2.16e-06, 1.1296
4e-10, -2.28e-06, 1.1296
4e-10, -2.4e-06, 1.12946
4e-10, -2.52e-06, 0.575493
4e-10, -2.64e-06, 0.575475
4e-10, -2.76e-06, 0.575475
4e-10, -2.88e-06, 0.575475
4e-10, -3e-06, 0.575475
4e-10, -3.12e-06, 0.575475
4e-10, -3.24e-06, 0.575475
4e-10, -3.36e-06, 0.575475
4e-10, -3.48e-06, 0.575486
4e-10, -3.6e-06, 0.909213
5e-10, -0, 0.909215
5e-10, -1.2e-07, 0.575485
5e-10, -2.4e-07, 0.575475
5e-10, -3.6e-07, 0.575475
5e-10, -4.8e-07, 0.575475
5e-10, -6e-07, 0.575475
5e-10, -7.2e-07, 0.575475
5e-10, -8.4e-07, 0.575475
5e-10, -9.6e-07, 0.575475
5e-10, -1.08e-06, 0.575491
5e-10, -1.2e-06, 1.07839
5e-10, -1.32e-06, 1.07856
5e-10, -1.44e-06, 1.07856
5e-10, -1.56e-06, 1.07856
5e-10, -1.68e-06, 1.07856
5e-10, -1.8e-06, 1.07856
5e-10, -1.92e-06, 1.07856
5e-10, -2.04e-06, 1.07856
5e-10, -2.16e-06, 1.07856
5e-10, -2.28e-06, 1.07856
5e-10, -2.4e-06, 1.07839
5e-10, -2.52e-06, 0.575491
5e-10, -2.64e-06, 0.575475
5e-10, -2.76e-06, 0.575475
5e-10, -2.88e-06, 0.575475
5e-10, -3e-06, 0.575475
5e-10, -3.12e-06, 0.575475
5e-10, -3.24e-06, 0.575475
5e-10, -3.36e-06, 0.575475
5e-10, -3.48e-06, 0.575485
5e-10, -3.6e-06, 0.909215
6e-10, -0, 0.909215
6e-10, -1.2e-07, 0.575485
6e-10, -2.4e-07, 0.575475
6e-10, -3.6e-07, 0.575475
6e-10, -4.8e-07, 0.575475
6e-10, -6e-07, 0.575475
6e-10, -7.2e-07, 0.575475
6e-10, -8.4e-07, 0.575475
6e-10, -9.6e-07, 0.575475
6e-10, -1.08e-06, 0.57549
6e-10, -1.2e-06, 1.06137
6e-10, -1.32e-06, 1.06155
6e-10, -1.44e-06, 1.06155
6e-10, -1.56e-06, 1.06155
6e-10, -1.68e-06, 1.06155
6e-10, -1.8e-06, 1.06155
6e-10, -1.92e-06, 1.06155
6e-10, -2.04e-06, 1.06155
6e-10, -2.16e-06, 1.06155
6e-10, -2.28e-06, 1.06155
6e-10, -2.4e-06, 1.06137
6e-10, -2.52e-06, 0.57549
6e-10, -2.64e-06, 0.575475
6e-10, -2.76e-06, 0.575475
6e-10, -2.88e-06, 0.575475
6e-10, -3e-06, 0.575475
6e-10, -3.12e-06, 0.575475
6e-10, -3.24e-06, 0.575475
6e-10, -3.36e-06, 0.575475
6e-10, -3.48e-06, 0.575485
6e-10, -3.6e-06, 0.909215
7e-10, -0, 0.909215
7e-10, -1.2e-07, 0.575485
7e-10, -2.4e-07, 0.575475
7e-10, -3.6e-07, 0.575475
7e-10, -4.8e-07, 0.575475
7e-10, -6e-07, 0.575475
7e-10, -7.2e-07, 0.575475
7e-10, -8.4e-07, 0.575475
7e-10, -9.6e-07, 0.575475
7e-10, -1.08e-06, 0.575489
7e-10, -1.2e-06, 1.05899
7e-10, -1.32e-06, 1.05918
7e-10, -1.44e-06, 1.05918
7e-10, -1.56e-06, 1.05918
7e-10, -1.68e-06, 1.05918
7e-10, -1.8e-06, 1.05918
7e-10, -1.92e-06, 1.05918
7e-10, -2.04e-06, 1.05918
7e-10, -2.16e-06, 1.05918
7e-10, -2.28e-06, 1.05918
7e-10, -2.4e-06, 1.05899
7e-10, -2.52e-06, 0.575489
7e-10, -2.64e-06, 0.575475
7e-10, -2.76e-06, 0.575475
7e-10, -2.88e-06, 0.575475
7e-10, -3e-06, 0.575475
7e-10, -3.12e-06, 0.575475
7e-10, -3.24e-06, 0.575475
7e-10, -3.36e-06, 0.575475
7e-10, -3.48e-06, 0.575485
7e-10, -3.6e-06, 0.909215
8e-10, -0, 0.909215
8e-10, -1.2e-07, 0.575484
8e-10, -2.4e-07, 0.575475
8e-10, -3.6e-07, 0.575475
8e-10, -4.8e-07, 0.575475
8e-10, -6e-07, 0.575475
8e-10, -7.2e-07, 0.575475
8e-10, -8.4e-07, 0.575475
8e-10, -9.6e-07, 0.575475
8e-10, -1.08e-06, 0.575489
8e-10, -1.2e-06, 1.05672
8e-10, -1.32e-06, 1.05692
8e-10, -1.44e-06, 1.05692
8e-10, -1.56e-06, 1.05692
8e-10, -1.68e-06, 1.05692
8e-10, -1.8e-06, 1.05692
8e-10, -1.92e-06, 1.05692
8e-10, -2.04e-06, 1.05692
8e-10, -2.16e-06, 1.05692
8e-10, -2.28e-06, 1.05692
8e-10, -2.4e-06, 1.05672
8e-10, -2.52e-06, 0.575489
8e-10, -2.64e-06, 0.575475
8e-10, -2.76e-06, 0.575475
8e-10, -2.88e-06, 0.575475
8e-10, -3e-06, 0.575475
8e-10, -3.12e-06, 0.575475
8e-10, -3.24e-06, 0.575475
8e-10, -3.36e-06, 0.575475
8e-10, -3.48e-06, 0.575484
8e-10, -3.6e-06, 0.909215
9e-10, -0, 0.909215
9e-10, -1.2e-07, 0.575484
9e-10, -2.4e-07, 0.575475
9e-10, -3.6e-07, 0.575475
9e-10, -4.8e-07, 0.575475
9e-10, -6e-07, 0.575475
9e-10, -7.2e-07, 0.575475
9e-10, -8.4e-07, 0.575475
9e-10, -9.6e-07, 0.575475
9e-10, -1.08e-06, 0.575488
9e-10, -1.2e-06, 1.05454
9e-10, -1.32e-06, 1.05476
9e-10, -1.44e-06, 1.05476
9e-10, -1.56e-06, 1.05476
9e-10, -1.68e-06, 1.05476
9e-10, -1.8e-06, 1.05476
9e-10, -1.92e-06, 1.05476
9e-10, -2.04e-06, 1.05476
9e-10, -2.16e-06, 1.05476
9e-10, -2.28e-06, 1.05476
9e-10, -2.4e-06, 1.05454
9e-10, -2.52e-06, 0.575488
9e-10, -2.64e-06, 0.575475
9e-10, -2.76e-06, 0.575475
9e-10, -2.88e-06, 0.575475
9e-10, -3e-06, 0.575475
9e-10, -3.12e-06, 0.575475
9e-10, -3.24e-06, 0.575475
9e-10, -3.36e-06, 0.575475
9e-10, -3.48e-06, 0.575484
9e-10, -3.6e-06, 0.909215
1e-09, -0, 0.909215
1e-09, -1.2e-07, 0.575484
1e-09, -2.4e-07, 0.575475
1e-09, -3.6e-07, 0.575475
1e-09, -4.8e-07, 0.575475
1e-09, -6e-07, 0.575475
1e-09, -7.2e-07, 0.575475
1e-09, -8.4e-07, 0.575475
1e-09, -9.6e-07, 0.575475
1e-09, -1.08e-06, 0.575488
1e-09, -1.2e-06, 1.05248
1e-09, -1.32e-06, 1.0527
1e-09, -1.44e-06, 1.0527
1e-09, -1.56e-06, 1.0527
1e-09, -1.68e-06, 1.0527
1e-09, -1.8e-06, 1.0527
1e-09, -1.92e-06, 1.0527
1e-09, -2.04e-06, 1.0527
1e-09, -2.16e-06, 1.0527
1e-09, -2.28e-06, 1.0527
1e-09, -2.4e-06, 1.05248
1e-09, -2.52e-06, 0.575488
1e-09, -2.64e-06, 0.575475
1e-09, -2.76e-06, 0.575475
1e-09, -2.88e-06, 0.575475
1e-09, -3e-06, 0.575475
1e-09, -3.12e-06, 0.575475
1e-09, -3.24e-06, 0.575475
1e-09, -3.36e-06, 0.575475
1e-09, -3.48e-06, 0.575484
1e-09, -3.6e-06, 0.909215
1.1e-09, -0, 0.909215
1.1e-09, -1.2e-07, 0.575484
1.1e-09, -2.4e-07, 0.575475
1.1e-09, -3.6e-07, 0.575475
1.1e-09, -4.8e-07, 0.575475
1.1e-09, -6e-07, 0.575475
1.1e-09, -7.2e-07, 0.575475
1.1e-09, -8.4e-07, 0.575475
1.1e-09, -9.6e-07, 0.575475
1.1e-09, -1.08e-06, 0.575488
1.1e-09, -1.2e-06, 1.05051
1.1e-09, -1.32e-06, 1.05074
1.1e-09, -1.44e-06, 1.05074
1.1e-09, -1.56e-06, 1.05074
1.1e-09, -1.68e-06, 1.05074
1.1e-09, -1.8e-06, 1.05074
1.1e-09, -1.92e-06, 1.05074
1.1e-09, -2.04e-06, 1.05074
1.1e-09, -2.16e-06, 1.05074
1.1e-09, -2.28e-06, 1.05074
1.1e-09, -2.4e-06, 1.05051
1.1e-09, -2.52e-06, 0.575488
1.1e-09, -2.64e-06, 0.575475
1.1e-09, -2.76e-06, 0.575475
1.1e-09, -2.88e-06, 0.575475
1.1e-09, -3e-06, 0.575475
1.1e-09, -3.12e-06, 0.575475
1.1e-09, -3.24e-06, 0.575475
1.1e-09, -3.36e-06, 0.575475
1.1e-09, -3.48e-06, 0.575484
1.1e-09, -3.6e-06, 0.909215
1.2e-09, -0, 0.909215
1.2e-09, -1.2e-07, 0.575484
1.2e-09, -2.4e-07, 0.575475
1.2e-09, -3.6e-07, 0.575475
1.2e-09, -4.8e-07, 0.575475
1.2e-09, -6e-07, 0.575475
1.2e-09, -7.2e-07, 0.575475
1.2e-09, -8.4e-07, 0.575475
1.2e-09, -9.6e-07, 0.575475
1.2e-09, -1.08e-06, 0.575488
1.2e-09, -1.2e-06, 1.04865
1.2e-09, -1.32e-06, 1.04888
1.2e-09, -1.44e-06, 1.04888
1.2e-09, -1.56e-06, 1.04888
1.2e-09, -1.68e-06, 1.04888
1.2e-09, -1.8e-06, 1.04888
1.2e-09, -1.92e-06, 1.04888
1.2e-09, -2.04e-06, 1.04888
1.2e-09, -2.16e-06, 1.04888
1.2e-09, -2.28e-06, 1.04888
1.2e-09, -2.4e-06, 1.04865
1.2e-09, -2.52e-06, 0.575488
1.2e-09, -2.64e-06, 0.575475
1.2e-09, -2.76e-06, 0.575475
1.2e-09, -2.88e-06, 0.575475
1.2e-09, -3e-06, 0.575475
1.2e-09, -3.12e-06, 0.575475
1.2e-09, -3.24e-06, 0.575475
1.2e-09, -3.36e-06, 0.575475
1.2e-09, -3.48e-06, 0.575484
1.2e-09, -3.6e-06, 0.909215
1.3e-09, -0, 0.909215
1.3e-09, -1.2e-07, 0.575484
1.3e-09, -2.4e-07, 0.575475
1.3e-09, -3.6e-07, 0.575475
1.3e-09, -4.8e-07, 0.575475
1.3e-09, -6e-07, 0.575475
1.3e-09, -7.2e-07, 0.575475
1.3e-09, -8.4e-07, 0.575475
1.3e-09, -9.6e-07, 0.575475
1.3e-09, -1.08e-06, 0.575487
1.3e-09, -1.2e-06, 1.04688
1.3e-09, -1.32e-06, 1.04713
1.3e-09, -1.44e-06, 1.04713
1.3e-09, -1.56e-06, 1.04713
1.3e-09, -1.68e-06, 1.04713
1.3e-09, -1.8e-06, 1.04713
1.3e-09, -1.92e-06, 1.04713
1.3e-09, -2.04e-06, 1.04713
1.3e-09, -2.16e-06, 1.04713
1.3e-09, -2.28e-06, 1.04713
1.3e-09, -2.4e-06, 1.04688
1.3e-09, -2.52e-06, 0.575487
1.3e-09, -2.64e-06, 0.575475
1.3e-09, -2.76e-06, 0.575475
1.3e-09, -2.88e-06, 0.575475
1.3e-09, -3e-06, 0.575475
1.3e-09, -3.12e-06, 0.575475
1.3e-09, -3.24e-06, 0.575475
1.3e-09, -3.36e-06, 0.575475
1.3e-09, -3.48e-06, 0.575484
1.3e-09, -3.6e-06, 0.909215
1.4e-09, -0, 0.909215
1.4e-09, -1.2e-07, 0.575484
1.4e-09, -2.4e-07, 0.575475
1.4e-09, -3.6e-07, 0.575475
1.4e-09, -4.8e-07, 0.575475
1.4e-09, -6e-07, 0.575475
1.4e-09, -7.2e-07, 0.575475
1.4e-09, -8.4e-07, 0.575475
1.4e-09, -9.6e-07, 0.575475
1.4e-09, -1.08e-06, 0.575487
1.4e-09, -1.2e-06, 1.04522
1.4e-09, -1.32e-06, 1.04548
1.4e-09, -1.44e-06, 1.04548
1.4e-09, -1.56e-06, 1.04548
1.4e-09, -1.68e-06, 1.04548
1.4e-09, -1.8e-06, 1.04548
1.4e-09, -1.92e-06, 1.04548
1.4e-09, -2.04e-06, 1.04548
1.4e-09, -2.16e-06, 1.04548
1.4e-09, -2.28e-06, 1.04548
1.4e-09, -2.4e-06, 1.04522
1.4e-09, -2.52e-06, 0.575487
1.4e-09, -2.64e-06, 0.575475
1.4e-09, -2.76e-06, 0.575475
1.4e-09, -2.88e-06, 0.575475
1.4e-09, -3e-06, 0.575475
1.4e-09, -3.12e-06, 0.575475
1.4e-09, -3.24e-06, 0.575475
1.4e-09, -3.36e-06, 0.575475
1.4e-09, -3.48e-06, 0.575484
1.4e-09, -3.6e-06, 0.909215
1.5e-09, -0, 0.909215
1.5e-09, -1.2e-07, 0.575483
1.5e-09, -2.4e-07, 0.575475
1.5e-09, -3.6e-07, 0.575475
1.5e-09, -4.8e-07, 0.575475
1.5e-09, -6e-07, 0.575475
1.5e-09, -7.2e-07, 0.575475
1.5e-09, -8.4e-07, 0.575475
1.5e-09, -9.6e-07, 0.575475
1.5e-09, -1.08e-06, 0.575487
1.5e-09, -1.2e-06, 1.04366
1.5e-09, -1.32e-06, 1.04393
1.5e-09, -1.44e-06, 1.04393
1.5e-09, -1.56e-06, 1.04393
1.5e-09, -1.68e-06, 1.04393
1.5e-09, -1.8e-06, 1.04393
1.5e-09, -1.92e-06, 1.04393
1.5e-09, -2.04e-06, 1.04393
1.5e-09, -2.16e-06, 1.04393
1.5e-09, -2.28e-06, 1.04393
1.5e-09, -2.4e-06, 1.04366
1.5e-09, -2.52e-06, 0.575487
1.5e-09, -2.64e-06, 0.575475
1.5e-09, -2.76e-06, 0.575475
1.5e-09, -2.88e-06, 0.575475
1.5e-09, -3e-06, 0.575475
1.5e-09, -3.12e-06, 0.575475
1.5e-09, -3.24e-06, 0.575475
1.5e-09, -3.36e-06, 0.575475
1.5e-09, -3.48e-06, 0.575483
1.5e-09, -3.6e-06, 0.909215
1.6e-09, -0, 0.909215
1.6e-09, -1.2e-07, 0.575483
1.6e-09, -2.4e-07, 0.575475
1.6e-09, -3.6e-07, 0.575475
1.6e-09, -4.8e-07, 0.575475
1.6e-09, -6e-07, 0.575475
1.6e-09, -7.2e-07, 0.575475
1.6e-09, -8.4e-07, 0.575475
1.6e-09, -9.6e-07, 0.575475
1.6e-09, -1.08e-06, 0.575487
1.6e-09, -1.2e-06, 1.04221
1.6e-09, -1.32e-06, 1.04248
1.6e-09, -1.44e-06, 1.04248
1.6e-09, -1.56e-06, 1.04248
1.6e-09, -1.68e-06, 1.04248
1.6e-09, -1.8e-06, 1.04248
1.6e-09, -1.92e-06, 1.04248
1.6e-09, -2.04e-06, 1.04248
1.6e-09, -2.16e-06, 1.04248
1.6e-09, -2.28e-06, 1.04248
1.6e-09, -2.4e-06, 1.04221
1.6e-09, -2.52e-06, 0.575487
1.6e-09, -2.64e-06, 0.575475
1.6e-09, -2.76e-06, 0.575475
1.6e-09, -2.88e-06, 0.575475
1.6e-09, -3e-06, 0.575475
1.6e-09, -3.12e-06, 0.575475
1.6e-09, -3.24e-06, 0.575475
1.6e-09, -3.36e-06, 0.575475
1.6e-09, -3.48e-06, 0.575483
1.6e-09, -3.6e-06, 0.909215
1.7e-09, -0, 0.909215
1.7e-09, -1.2e-07, 0.575483
1.7e-09, -2.4e-07, 0.575475
1.7e-09, -3.6e-07, 0.575475
1.7e-09, -4.8e-07, 0.575475
1.7e-09, -6e-07, 0.575475
1.7e-09, -7.2e-07, 0.575475
1.7e-09, -8.4e-07, 0.575475
1.7e-09, -9.6e-07, 0.575475
1.7e-09, -1.08e-06, 0.575487
1.7e-09, -1.2e-06, 1.04085
1.7e-09, -1.32e-06, 1.04113
1.7e-09, -1.44e-06, 1.04113
1.7e-09, -1.56e-06, 1.04113
1.7e-09, -1.68e-06, 1.04113
1.7e-09, -1.8e-06, 1.04113
1.7e-09, -1.92e-06, 1.04113
1.7e-09, -2.04e-06, 1.04113
1.7e-09, -2.16e-06, 1.04113
1.7e-09, -2.28e-06, 1.04113
1.7e-09, -2.4e-06, 1.04085
1.7e-09, -2.52e-06, 0.575487
1.7e-09, -2.64e-06, 0.575475
1.7e-09, -2.76e-06, 0.575475
1.7e-09, -2.88e-06, 0.575475
1.7e-09, -3e-06, 0.575475
1.7e-09, -3.12e-06, 0.575475
1.7e-09, -3.24e-06, 0.575475
1.7e-09, -3.36e-06, 0.575475
1.7e-09, -3.48e-06, 0.575483
1.7e-09, -3.6e-06, 0.909215
1.8e-09, -0, 0.909215
1.8e-09, -1.2e-07, 0.575483
1.8e-09, -2.4e-07, 0.575475
1.8e-09, -3.6e-07, 0.575475
1.8e-09, -4.8e-07, 0.575475
1.8e-09, -6e-07, 0.575475
1.8e-09, -7.2e-07, 0.575475
1.8e-09, -8.4e-07, 0.575475
1.8e-09, -9.6e-07, 0.575475
1.8e-09, -1.08e-06, 0.575487
1.8e-09, -1.2e-06, 1.0396
1.8e-09, -1.32e-06, 1.03988
1.8e-09, -1.44e-06, 1.03988
1.8e-09, -1.56e-06, 1.03988
1.8e-09, -1.68e-06, 1.03988
1.8e-09, -1.8e-06, 1.03988
1.8e-09, -1.92e-06, 1.03988
1.8e-09, -2.04e-06, 1.03988
1.8e-09, -2.16e-06, 1.03988
1.8e-09, -2.28e-06, 1.03988
1.8e-09, -2.4e-06, 1.0396
1.8e-09, -2.52e-06, 0.575487
1.8e-09, -2.64e-06, 0.575475
1.8e-09, -2.76e-06, 0.575475
1.8e-09, -2.88e-06, 0.575475
1.8e-09, -3e-06, 0.575475
1.8e-09, -3.12e-06, 0.575475
1.8e-09, -3.24e-06, 0.575475
1.8e-09, -3.36e-06, 0.575475
1.8e-09, -3.48e-06, 0.575483
1.8e-09, -3.6e-06, 0.909215
1.9e-09, -0, 0.909215
1.9e-09, -1.2e-07, 0.575483
1.9e-09, -2.4e-07, 0.575475
1.9e-09, -3.6e-07, 0.575475
1.9e-09, -4.8e-07, 0.575475
1.9e-09, -6e-07, 0.575475
1.9e-09, -7.2e-07, 0.575475
1.9e-09, -8.4e-07, 0.575475
1.9e-09, -9.6e-07, 0.575475
1.9e-09, -1.08e-06, 0.575486
1.9e-09, -1.2e-06, 1.03844
1.9e-09, -1.32e-06, 1.03873
1.9e-09, -1.44e-06, 1.03873
1.9e-09, -1.56e-06, 1.03873
1.9e-09, -1.68e-06, 1.03873
1.9e-09, -1.8e-06, 1.03873
1.9e-09, -1.92e-06, 1.03873
1.9e-09, -2.04e-06, 1.03873
1.9e-09, -2.16e-06, 1.03873
1.9e-09, -2.28e-06, 1.03873
1.9e-09, -2.4e-06, 1.03844
1.9e-09, -2.52e-06, 0.575486
1.9e-09, -2.64e-06, 0.575475
1.9e-09, -2.76e-06, 0.575475
1.9e-09, -2.88e-06, 0.575475
1.9e-09, -3e-06, 0.575475
1.9e-09, -3.12e-06, 0.575475
1.9e-09, -3.24e-06, 0.575475
1.9e-09, -3.36e-06, 0.575475
1.9e-09, -3.48e-06, 0.575483
1.9e-09, -3.6e-06, 0.909215
2e-09, -0, 0.909215
2e-09, -1.2e-07, 0.575483
2e-09, -2.4e-07, 0.575475
2e-09, -3.6e-07, 0.575475
2e-09, -4.8e-07, 0.575475
2e-09, -6e-07, 0.575475
2e-09, -7.2e-07, 0.575475
2e-09, -8.4e-07, 0.575475
2e-09, -9.6e-07, 0.575475
2e-09, -1.08e-06, 0.575486
2e-09, -1.2e-06, 1.03739
2e-09, -1.32e-06, 1.03768
2e-09, -1.44e-06, 1.03768
2e-09, -1.56e-06, 1.03768
2e-09, -1.68e-06, 1.03768
2e-09, -1.8e-06, 1.03768
2e-09, -1.92e-06, 1.03768
2e-09, -2.04e-06, 1.03768
2e-09, -2.16e-06, 1.03768
2e-09, -2.28e-06, 1.03768
2e-09, -2.4e-06, 1.03739
2e-09, -2.52e-06, 0.575486
2e-09, -2.64e-06, 0.575475
2e-09, -2.76e-06, 0.575475
2e-09, -2.88e-06, 0.575475
2e-09, -3e-06, 0.575475
2e-09, -3.12e-06, 0.575475
2e-09, -3.24e-06, 0.575475
2e-09, -3.36e-06, 0.575475
2e-09, -3.48e-06, 0.575483
2e-09, -3.6e-06, 0.909215
2.1e-09, -0, 0.909215
2.1e-09, -1.2e-07, 0.575483
2.1e-09, -2.4e-07, 0.575475
2.1e-09, -3.6e-07, 0.575475
2.1e-09, -4.8e-07, 0.575475
2.1e-09, -6e-07, 0.575475
2.1e-09, -7.2e-07, 0.575475
2.1e-09, -8.4e-07, 0.575475
2.1e-09, -9.6e-07, 0.575475
2.1e-09, -1.08e-06, 0.575486
2.1e-09, -1.2e-06, 1.03644
2.1e-09, -1.32e-06, 1.03673
2.1e-09, -1.44e-06, 1.03673
2.1e-09, -1.56e-06, 1.03673
2.1e-09, -1.68e-06, 1.03673
2.1e-09, -1.8e-06, 1.03673
2.1e-09, -1.92e-06, 1.03673
2.1e-09, -2.04e-06, 1.03673
2.1e-09, -2.16e-06, 1.03673
2.1e-09, -2.28e-06, 1.03673
2.1e-09, -2.4e-06, 1.03644
2.1e-09, -2.52e-06, 0.575486
2.1e-09, -2.64e-06, 0.575475
2.1e-09, -2.76e-06, 0.575475
2.1e-09, -2.88e-06, 0.575475
2.1e-09, -3e-06, 0.575475
2.1e-09, -3.12e-06, 0.575475
2.1e-09, -3.24e-06, 0.575475
2.1e-09, -3.36e-06, 0.575475
2.1e-09, -3.48e-06, 0.575483
2.1e-09, -3.6e-06, 0.909215
2.2e-09, -0, 0.909215
2.2e-09, -1.2e-07, 0.575483
2.2e-09, -2.4e-07, 0.575475
2.2e-09, -3.6e-07, 0.575475
2.2e-09, -4.8e-07, 0.575475
2.2e-09, -6e-07, 0.575475
2.2e-09, -7.2e-07, 0.575475
2.2e-09, -8.4e-07, 0.575475
2.2e-09, -9.6e-07, 0.575475
2.2e-09, -1.08e-06, 0.575486
2.2e-09, -1.2e-06, 1.03559
2.2e-09, -1.32e-06, 1.03588
2.2e-09, -1.44e-06, 1.03588
2.2e-09, -1.56e-06, 1.03588
2.2e-09, -1.68e-06, 1.03588
2.2e-09, -1.8e-06, 1.03588
2.2e-09, -1.92e-06, 1.03588
2.2e-09, -2.04e-06, 1.03588
2.2e-09, -2.16e-06, 1.03588
2.2e-09, -2.28e-06, 1.03588
2.2e-09, -2.4e-06, 1.03559
2.2e-09, -2.52e-06, 0.575486
2.2e-09, -2.64e-06, 0.575475
2.2e-09, -2.76e-06, 0.575475
2.2e-09, -2.88e-06, 0.575475
2.2e-09, -3e-06, 0.575475
2.2e-09, -3.12e-06, 0.575475
2.2e-09, -3.24e-06, 0.575475
2.2e-09, -3.36e-06, 0.575475
2.2e-09, -3.48e-06, 0.575483
2.2e-09, -3.6e-06, 0.909215
2.3e-09, -0, 0.909215
2.3e-09, -1.2e-07, 0.575483
2.3e-09, -2.4e-07, 0.575475
2.3e-09, -3.6e-07, 0.575475
2.3e-09, -4.8e-07, 0.575475
2.3e-09, -6e-07, 0.575475
2.3e-09, -7.2e-07, 0.575475
2.3e-09, -8.4e-07, 0.575475
2.3e-09, -9.6e-07, 0.575475
2.3e-09, -1.08e-06, 0.575486
2.3e-09, -1.2e-06, 1.03483
2.3e-09, -1.32e-06, 1.03514
2.3e-09, -1.44e-06, 1.03514
2.3e-09, -1.56e-06, 1.03514
2.3e-09, -1.68e-06, 1.03514
2.3e-09, -1.8e-06, 1.03514
2.3e-09, -1.92e-06, 1.03514
2.3e-09, -2.04e-06, 1.03514
2.3e-09, -2.16e-06, 1.03514
2.3e-09, -2.28e-06, 1.03514
2.3e-09, -2.4e-06, 1.03483
2.3e-09, -2.52e-06, 0.575486
2.3e-09, -2.64e-06, 0.575475
2.3e-09, -2.76e-06, 0.575475
2.3e-09, -2.88e-06, 0.575475
2.3e-09, -3e-06, 0.575475
2.3e-09, -3.12e-06, 0.575475
2.3e-09, -3.24e-06, 0.575475
2.3e-09, -3.36e-06, 0.575475
2.3e-09, -3.48e-06, 0.575483
2.3e-09, -3.6e-06, 0.909215
2.4e-09, -0, 0.909215
2.4e-09, -1.2e-07, 0.575483
2.4e-09, -2.4e-07, 0.575475
2.4e-09, -3.6e-07, 0.575475
2.4e-09, -4.8e-07, 0.575475
2.4e-09, -6e-07, 0.575475
2.4e-09, -7.2e-07, 0.575475
2.4e-09, -8.4e-07, 0.575475
2.4e-09, -9.6e-07, 0.575475
2.4e-09, -1.08e-06, 0.575486
2.4e-09, -1.2e-06, 1.03418
2.4e-09, -1.32e-06, 1.03449
2.4e-09, -1.44e-06, 1.03449
2.4e-09, -1.56e-06, 1.03449
2.4e-09, -1.68e-06, 1.03449
2.4e-09, -1.8e-06, 1.03449
2.4e-09, -1.92e-06, 1.03449
2.4e-09, -2.04e-06, 1.03449
2.4e-09, -2.16e-06, 1.03449
2.4e-09, -2.28e-06, 1.03449
2.4e-09, -2.4e-06, 1.03418
2.4e-09, -2.52e-06, 0.575486
2.4e-09, -2.64e-06, 0.575475
2.4e-09, -2.76e-06, 0.575475
2.4e-09, -2.88e-06, 0.575475
2.4e-09, -3e-06, 0.575475
2.4e-09, -3.12e-06, 0.575475
2.4e-09, -3.24e-06, 0.575475
2.4e-09, -3.36e-06, 0.575475
2.4e-09, -3.48e-06, 0.575483
2.4e-09, -3.6e-06, 0.909215
2.5e-09, -0, 0.909215
2.5e-09, -1.2e-07, 0.575483
2.5e-09, -2.4e-07, 0.575475
2.5e-09, -3.6e-07, 0.575475
2.5e-09, -4.8e-07, 0.575475
2.5e-09, -6e-07, 0.575475
2.5e-09, -7.2e-07, 0.575475
2.5e-09, -8.4e-07, 0.575475
2.5e-09, -9.6e-07, 0.575475
2.5e-09, -1.08e-06, 0.575486
2.5e-09, -1.2e-06, 1.03363
2.5e-09, -1.32e-06, 1.03394
2.5e-09, -1.44e-06, 1.03394
2.5e-09, -1.56e-06, 1.03394
2.5e-09, -1.68e-06, 1.03394
2.5e-09, -1.8e-06, 1.03394
2.5e-09, -1.92e-06, 1.03394
2.5e-09, -2.04e-06, 1.03394
2.5e-09, -2.16e-06, 1.03394
2.5e-09, -2.28e-06, 1.03394
2.5e-09, -2.4e-06, 1.03363
2.5e-09, -2.52e-06, 0.575486
2.5e-09, -2.64e-06, 0.575475
2.5e-09, -2.76e-06, 0.575475
2.5e-09, -2.88e-06, 0.575475
2.5e-09, -3e-06, 0.575475
2.5e-09, -3.12e-06, 0.575475
2.5e-09, -3.24e-06, 0.575475
2.5e-09, -3.36e-06, 0.575475
2.5e-09, -3.48e-06, 0.575483
2.5e-09, -3.6e-06, 0.909215
2.6e-09, -0, 0.909215
2.6e-09, -1.2e-07, 0.575483
2.6e-09, -2.4e-07, 0.575475
2.6e-09, -3.6e-07, 0.575475
2.6e-09, -4.8e-07, 0.575475
2.6e-09, -6e-07, 0.575475
2.6e-09, -7.2e-07, 0.575475
2.6e-09, -8.4e-07, 0.575475
2.6e-09, -9.6e-07, 0.575475
2.6e-09, -1.08e-06, 0.575486
2.6e-09, -1.2e-06, 1.03318
2.6e-09, -1.32e-06, 1.03349
2.6e-09, -1.44e-06, 1.03349
2.6e-09, -1.56e-06, 1.03349
2.6e-09, -1.68e-06, 1.03349
2.6e-09, -1.8e-06, 1.03349
2.6e-09, -1.92e-06, 1.03349
2.6e-09, -2.04e-06, 1.03349
2.6e-09, -2.16e-06, 1.03349
2.6e-09, -2.28e-06, 1.03349
2.6e-09, -2.4e-06, 1.03318
2.6e-09, -2.52e-06, 0.575486
2.6e-09, -2.64e-06, 0.575475
2.6e-09, -2.76e-06, 0.575475
2.6e-09, -2.88e-06, 0.575475
2.6e-09, -3e-06, 0.575475
2.6e-09, -3.12e-06, 0.575475
2.6e-09, -3.24e-06, 0.575475
2.6e-09, -3.36e-06, 0.575475
2.6e-09, -3.48e-06, 0.575483
2.6e-09, -3.6e-06, 0.909215
2.7e-09, -0, 0.909215
2.7e-09, -1.2e-07, 0.575483
2.7e-09, -2.4e-07, 0.575475
2.7e-09, -3.6e-07, 0.575475
2.7e-09, -4.8e-07, 0.575475
2.7e-09, -6e-07, 0.575475
2.7e-09, -7.2e-07, 0.575475
2.7e-09, -8.4e-07, 0.575475
2.7e-09, -9.6e-07, 0.575475
2.7e-09, -1.08e-06, 0.575486
2.7e-09, -1.2e-06, 1.03283
2.7e-09, -1.32e-06, 1.03314
2.7e-09, -1.44e-06, 1.03314
2.7e-09, -1.56e-06, 1.03314
2.7e-09, -1.68e-06, 1.03314
2.7e-09, -1.8e-06, 1.03314
2.7e-09, -1.92e-06, 1.03314
2.7e-09, -2.04e-06, 1.03314
2.7e-09, -2.16e-06, 1.03314
2.7e-09, -2.28e-06, 1.03314
2.7e-09, -2.4e-06, 1.03283
2.7e-09, -2.52e-06, 0.575486
2.7e-09, -2.64e-06, 0.575475
2.7e-09, -2.76e-06, 0.575475
2.7e-09, -2.88e-06, 0.575475
2.7e-09, -3e-06, 0.575475
2.7e-09, -3.12e-06, 0.575475
2.7e-09, -3.24e-06, 0.575475
2.7e-09, -3.36e-06, 0.575475
2.7e-09, -3.48e-06, 0.575483
2.7e-09, -3.6e-06, 0.909215
2.8e-09, -0, 0.909215
2.8e-09, -1.2e-07, 0.575483
2.8e-09, -2.4e-07, 0.575475
2.8e-09, -3.6e-07, 0.575475
2.8e-09, -4.8e-07, 0.575475
2.8e-09, -6e-07, 0.575475
2.8e-09, -7.2e-07, 0.575475
2.8e-09, -8.4e-07, 0.575475
2.8e-09, -9.6e-07, 0.575475
2.8e-09, -1.08e-06, 0.575486
2.8e-09, -1.2e-06, 1.03258
2.8e-09, -1.32e-06, 1.03289
2.8e-09, -1.44e-06, 1.03289
2.8e-09, -1.56e-06, 1.03289
2.8e-09, -1.68e-06, 1.03289
2.8e-09, -1.8e-06, 1.03289
2.8e-09, -1.92e-06, 1.03289
2.8e-09, -2.04e-06, 1.03289
2.8e-09, -2.16e-06, 1.03289
2.8e-09, -2.28e-06, 1.03289
2.8e-09, -2.4e-06, 1.03258
2.8e-09, -2.52e-06, 0.575486
2.8e-09, -2.64e-06, 0.575475
2.8e-09, -2.76e-06, 0.575475
2.8e-09, -2.88e-06, 0.575475
2.8e-09, -3e-06, 0.575475
2.8e-09, -3.12e-06, 0.575475
2.8e-09, -3.24e-06, 0.575475
2.8e-09, -3.36e-06, 0.575475
2.8e-09, -3.48e-06, 0.575483
2.8e-09, -3.6e-06, 0.909215
2.9e-09, -0, 0.909215
2.9e-09, -1.2e-07, 0.575483
2.9e-09, -2.4e-07, 0.575475
2.9e-09, -3.6e-07, 0.575475
2.9e-09, -4.8e-07, 0.575475
2.9e-09, -6e-07, 0.575475
2.9e-09, -7.2e-07, 0.575475
2.9e-09, -8.4e-07, 0.575475
2.9e-09, -9.6e-07, 0.575475
2.9e-09, -1.08e-06, 0.575486
2.9e-09, -1.2e-06, 1.03243
2.9e-09, -1.32e-06, 1.03274
2.9e-09, -1.44e-06, 1.03274
2.9e-09, -1.56e-06, 1.03274
2.9e-09, -1.68e-06, 1.03274
2.9e-09, -1.8e-06, 1.03274
2.9e-09, -1.92e-06, 1.03274
2.9e-09, -2.04e-06, 1.03274
2.9e-09, -2.16e-06, 1.03274
2.9e-09, -2.28e-06, 1.03274
2.9e-09, -2.4e-06, 1.03243
2.9e-09, -2.52e-06, 0.575486
2.9e-09, -2.64e-06, 0.575475
2.9e-09, -2.76e-06, 0.575475
2.9e-09, -2.88e-06, 0.575475
2.9e-09, -3e-06, 0.575475
2.9e-09, -3.12e-06, 0.575475
2.9e-09, -3.24e-06, 0.575475
2.9e-09, -3.36e-06, 0.575475
2.9e-09, -3.48e-06, 0.575483
2.9e-09, -3.6e-06, 0.909215
3e-09, -0, 0.909215
3e-09, -1.2e-07, 0.575483
3e-09, -2.4e-07, 0.575475
3e-09, -3.6e-07, 0.575475
3e-09, -4.8e-07, 0.575475
3e-09, -6e-07, 0.575475
3e-09, -7.2e-07, 0.575475
3e-09, -8.4e-07, 0.575475
3e-09, -9.6e-07, 0.575475
3e-09, -1.08e-06, 0.575486
3e-09, -1.2e-06, 1.03238
3e-09, -1.32e-06, 1.03269
3e-09, -1.44e-06, 1.03269
3e-09, -1.56e-06, 1.03269
3e-09, -1.68e-06, 1.03269
3e-09, -1.8e-06, 1.03269
3e-09, -1.92e-06, 1.03269
3e-09, -2.04e-06, 1.03269
3e-09, -2.16e-06, 1.03269
3e-09, -2.28e-06, 1.03269
3e-09, -2.4e-06, 1.03238
3e-09, -2.52e-06, 0.575486
3e-09, -2.64e-06, 0.575475
3e-09, -2.76e-06, 0.575475
3e-09, -2.88e-06, 0.575475
3e-09, -3e-06, 0.575475
3e-09, -3.12e-06, 0.575475
3e-09, -3.24e-06, 0.575475
3e-09, -3.36e-06, 0.575475
3e-09, -3.48e-06, 0.575483
3e-09, -3.6e-06, 0.909215
3.1e-09, -0, 0.909215
3.1e-09, -1.2e-07, 0.575483
3.1e-09, -2.4e-07, 0.575475
3.1e-09, -3.6e-07, 0.575475
3.1e-09, -4.8e-07, 0.575475
3.1e-09, -6e-07, 0.575475
3.1e-09, -7.2e-07, 0.575475
3.1e-09, -8.4e-07, 0.575475
3.1e-09, -9.6e-07, 0.575475
3.1e-09, -1.08e-06, 0.575486
3.1e-09, -1.2e-06, 1.03243
3.1e-09, -1.32e-06, 1.03274
3.1e-09, -1.44e-06, 1.03274
3.1e-09, -1.56e-06, 1.03274
3.1e-09, -1.68e-06, 1.03274
3.1e-09, -1.8e-06, 1.03274
3.1e-09, -1.92e-06, 1.03274
3.1e-09, -2.04e-06, 1.03274
3.1e-09, -2.16e-06, 1.03274
3.1e-09, -2.28e-06, 1.03274
3.1e-09, -2.4e-06, 1.03243
3.1e-09, -2.52e-06, 0.575486
3.1e-09, -2.64e-06, 0.575475
3.1e-09, -2.76e-06, 0.575475
3.1e-09, -2.88e-06, 0.575475
3.1e-09, -3e-06, 0.575475
3.1e-09, -3.12e-06, 0.575475
3.1e-09, -3.24e-06, 0.575475
3.1e-09, -3.36e-06, 0.575475
3.1e-09, -3.48e-06, 0.575483
3.1e-09, -3.6e-06, 0.909215
3.2e-09, -0, 0.909215
3.2e-09, -1.2e-07, 0.575483
3.2e-09, -2.4e-07, 0.575475
3.2e-09, -3.6e-07, 0.575475
3.2e-09, -4.8e-07, 0.575475
3.2e-09, -6e-07, 0.575475
3.2e-09, -7.2e-07, 0.575475
3.2e-09, -8.4e-07, 0.575475
3.2e-09, -9.6e-07, 0.575475
3.2e-09, -1.08e-06, 0.575486
3.2e-09, -1.2e-06, 1.03258
3.2e-09, -1.32e-06, 1.03289
3.2e-09, -1.44e-06, 1.03289
3.2e-09, -1.56e-06, 1.03289
3.2e-09, -1.68e-06, 1.03289
3.2e-09, -1.8e-06, 1.03289
3.2e-09, -1.92e-06, 1.03289
3.2e-09, -2.04e-06, 1.03289
3.2e-09, -2.16e-06, 1.03289
3.2e-09, -2.28e-06, 1.03289
3.2e-09, -2.4e-06, 1.03258
3.2e-09, -2.52e-06, 0.575486
3.2e-09, -2.64e-06, 0.575475
3.2e-09, -2.76e-06, 0.575475
3.2e-09, -2.88e-06, 0.575475
3.2e-09, -3e-06, 0.575475
3.2e-09, -3.12e-06, 0.575475
3.2e-09, -3.24e-06, 0.575475
3.2e-09, -3.36e-06, 0.575475
3.2e-09, -3.48e-06, 0.575483
3.2e-09, -3.6e-06, 0.909215
3.3e-09, -0, 0.909215
3.3e-09, -1.2e-07, 0.575483
3.3e-09, -2.4e-07, 0.575475
3.3e-09, -3.6e-07, 0.575475
3.3e-09, -4.8e-07, 0.575475
3.3e-09, -6e-07, 0.575475
3.3e-09, -7.2e-07, 0.575475
3.3e-09, -8.4e-07, 0.575475
3.3e-09, -9.6e-07, 0.575475
3.3e-09, -1.08e-06, 0.575486
3.3e-09, -1.2e-06, 1.03283
3.3e-09, -1.32e-06, 1.03314
3.3e-09, -1.44e-06, 1.03314
3.3e-09, -1.56e-06, 1.03314
3.3e-09, -1.68e-06, 1.03314
3.3e-09, -1.8e-06, 1.03314
3.3e-09, -1.92e-06, 1.03314
3.3e-09, -2.04e-06, 1.03314
3.3e-09, -2.16e-06, 1.03314
3.3e-09, -2.28e-06, 1.03314
3.3e-09, -2.4e-06, 1.03283
3.3e-09, -2.52e-06, 0.575486
3.3e-09, -2.64e-06, 0.575475
3.3e-09, -2.76e-06, 0.575475
3.3e-09, -2.88e-06, 0.575475
3.3e-09, -3e-06, 0.575475
3.3e-09, -3.12e-06, 0.575475
3.3e-09, -3.24e-06, 0.575475
3.3e-09, -3.36e-06, 0.575475
3.3e-09, -3.48e-06, 0.575483
3.3e-09, -3.6e-06, 0.909215
3.4e-09, -0, 0.909215
3.4e-09, -1.2e-07, 0.575483
3.4e-09, -2.4e-07, 0.575475
3.4e-09, -3.6e-07, 0.575475
3.4e-09, -4.8e-07, 0.575475
3.4e-09, -6e-07, 0.575475
3.4e-09, -7.2e-07, 0.575475
3.4e-09, -8.4e-07, 0.575475
3.4e-09, -9.6e-07, 0.575475
3.4e-09, -1.08e-06, 0.575486
3.4e-09, -1.2e-06, 1.03318
3.4e-09, -1.32e-06, 1.03349
3.4e-09, -1.44e-06, 1.03349
3.4e-09, -1.56e-06, 1.03349
3.4e-09, -1.68e-06, 1.03349
3.4e-09, -1.8e-06, 1.03349
3.4e-09, -1.92e-06, 1.03349
3.4e-09, -2.04e-06, 1.03349
3.4e-09, -2.16e-06, 1.03349
3.4e-09, -2.28e-06, 1.03349
3.4e-09, -2.4e-06, 1.03318
3.4e-09, -2.52e-06, 0.575486
3.4e-09, -2.64e-06, 0.575475
3.4e-09, -2.76e-06, 0.575475
3.4e-09, -2.88e-06, 0.575475
3.4e-09, -3e-06, 0.575475
3.4e-09, -3.12e-06, 0.575475
3.4e-09, -3.24e-06, 0.575475
3.4e-09, -3.36e-06, 0.575475
3.4e-09, -3.48e-06, 0.575483
3.4e-09, -3.6e-06, 0.909215
3.5e-09, -0, 0.909215
3.5e-09, -1.2e-07, 0.575483
3.5e-09, -2.4e-07, 0.575475
3.5e-09, -3.6e-07, 0.575475
3.5e-09, -4.8e-07, 0.575475
3.5e-09, -6e-07, 0.575475
3.5e-09, -7.2e-07, 0.575475
3.5e-09, -8.4e-07, 0.575475
3.5e-09, -9.6e-07, 0.575475
3.5e-09, -1.08e-06, 0.575486
3.5e-09, -1.2e-06, 1.03363
3.5e-09, -1.32e-06, 1.03394
3.5e-09, -1.44e-06, 1.03394
3.5e-09, -1.56e-06, 1.03394
3.5e-09, -1.68e-06, 1.03394
3.5e-09, -1.8e-06, 1.03394
3.5e-09, -1.92e-06, 1.03394
3.5e-09, -2.04e-06, 1.03394
3.5e-09, -2.16e-06, 1.03394
3.5e-09, -2.28e-06, 1.03394
3.5e-09, -2.4e-06, 1.03363
3.5e-09, -2.52e-06, 0.575486
3.5e-09, -2.64e-06, 0.575475
3.5e-09, -2.76e-06, 0.575475
3.5e-09, -2.88e-06, 0.575475
3.5e-09, -3e-06, 0.575475
3.5e-09, -3.12e-06, 0.575475
3.5e-09, -3.24e-06, 0.575475
3.5e-09, -3.36e-06, 0.575475
3.5e-09, -3.48e-06, 0.575483
3.5e-09, -3.6e-06, 0.909215
3.6e-09, -0, 0.909215
3.6e-09, -1.2e-07, 0.575483
3.6e-09, -2.4e-07, 0.575475
3.6e-09, -3.6e-07, 0.575475
3.6e-09, -4.8e-07, 0.575475
3.6e-09, -6e-07, 0.575475
3.6e-09, -7.2e-07, 0.575475
3.6e-09, -8.4e-07, 0.575475
3.6e-09, -9.6e-07, 0.575475
3.6e-09, -1.08e-06, 0.575486
3.6e-09, -1.2e-06, 1.03418
3.6e-09, -1.32e-06, 1.03449
3.6e-09, -1.44e-06, 1.03449
3.6e-09, -1.56e-06, 1.03449
3.6e-09, -1.68e-06, 1.03449
3.6e-09, -1.8e-06, 1.03449
3.6e-09, -1.92e-06, 1.03449
3.6e-09, -2.04e-06, 1.03449
3.6e-09, -2.16e-06, 1.03449
3.6e-09, -2.28e-06, 1.03449
3.6e-09, -2.4e-06, 1.03418
3.6e-09, -2.52e-06, 0.575486
3.6e-09, -2.64e-06, 0.575475
3.6e-09, -2.76e-06, 0.575475
3.6e-09, -2.88e-06, 0.575475
3.6e-09, -3e-06, 0.575475
3.6e-09, -3.12e-06, 0.575475
3.6e-09, -3.24e-06, 0.575475
3.6e-09, -3.36e-06, 0.575475
3.6e-09, -3.48e-06, 0.575483
3.6e-09, -3.6e-06, 0.909215
3.7e-09, -0, 0.909215
3.7e-09, -1.2e-07, 0.575483
3.7e-09, -2.4e-07, 0.575475
3.7e-09, -3.6e-07, 0.575475
3.7e-09, -4.8e-07, 0.575475
3.7e-09, -6e-07, 0.575475
3.7e-09, -7.2e-07, 0.575475
3.7e-09, -8.4e-07, 0.575475
3.7e-09, -9.6e-07, 0.575475
3.7e-09, -1.08e-06, 0.575486
3.7e-09, -1.2e-06, 1.03483
3.7e-09, -1.32e-06, 1.03514
3.7e-09, -1.44e-06, 1.03514
3.7e-09, -1.56e-06, 1.03514
3.7e-09, -1.68e-06, 1.03514
3.7e-09, -1.8e-06, 1.03514
3.7e-09, -1.92e-06, 1.03514
3.7e-09, -2.04e-06, 1.03514
3.7e-09, -2.16e-06, 1.03514
3.7e-09, -2.28e-06, 1.03514
3.7e-09, -2.4e-06, 1.03483
3.7e-09, -2.52e-06, 0.575486
3.7e-09, -2.64e-06, 0.575475
3.7e-09, -2.76e-06, 0.575475
3.7e-09, -2.88e-06, 0.575475
3.7e-09, -3e-06, 0.575475
3.7e-09, -3.12e-06, 0.575475
3.7e-09, -3.24e-06, 0.575475
3.7e-09, -3.36e-06, 0.575475
3.7e-09, -3.48e-06, 0.575483
3.7e-09, -3.6e-06, 0.909215
3.8e-09, -0, 0.909215
3.8e-09, -1.2e-07, 0.575483
3.8e-09, -2.4e-07, 0.575475
3.8e-09, -3.6e-07, 0.575475
3.8e-09, -4.8e-07, 0.575475
3.8e-09, -6e-07, 0.575475
3.8e-09, -7.2e-07, 0.575475
3.8e-09, -8.4e-07, 0.575475
3.8e-09, -9.6e-07, 0.575475
3.8e-09, -1.08e-06, 0.575486
3.8e-09, -1.2e-06, 1.03559
3.8e-09, -1.32e-06, 1.03588
3.8e-09, -1.44e-06, 1.03588
3.8e-09, -1.56e-06, 1.03588
3.8e-09, -1.68e-06, 1.03588
3.8e-09, -1.8e-06, 1.03588
3.8e-09, -1.92e-06, 1.03588
3.8e-09, -2.04e-06, 1.03588
3.8e-09, -2.16e-06, 1.03588
3.8e-09, -2.28e-06, 1.03588
3.8e-09, -2.4e-06, 1.03559
3.8e-09, -2.52e-06, 0.575486
3.8e-09, -2.64e-06, 0.575475
3.8e-09, -2.76e-06, 0.575475
3.8e-09, -2.88e-06, 0.575475
3.8e-09, -3e-06, 0.575475
3.8e-09, -3.12e-06, 0.575475
3.8e-09, -3.24e-06, 0.575475
3.8e-09, -3.36e-06, 0.575475
3.8e-09, -3.48e-06, 0.575483
3.8e-09, -3.6e-06, 0.909215
3.9e-09, -0, 0.909215
3.9e-09, -1.2e-07, 0.575483
3.9e-09, -2.4e-07, 0.575475
3.9e-09, -3.6e-07, 0.575475
3.9e-09, -4.8e-07, 0.575475
3.9e-09, -6e-07, 0.575475
3.9e-09, -7.2e-07, 0.575475
3.9e-09, -8.4e-07, 0.575475
3.9e-09, -9.6e-07, 0.575475
3.9e-09, -1.08e-06, 0.575486
3.9e-09, -1.2e-06, 1.03644
3.9e-09, -1.32e-06, 1.03673
3.9e-09, -1.44e-06, 1.03673
3.9e-09, -1.56e-06, 1.03673
3.9e-09, -1.68e-06, 1.03673
3.9e-09, -1.8e-06, 1.03673
3.9e-09, -1.92e-06, 1.03673
3.9e-09, -2.04e-06, 1.03673
3.9e-09, -2.16e-06, 1.03673
3.9e-09, -2.28e-06, 1.03673
3.9e-09, -2.4e-06, 1.03644
3.9e-09, -2.52e-06, 0.575486
3.9e-09, -2.64e-06, 0.575475
3.9e-09, -2.76e-06, 0.575475
3.9e-09, -2.88e-06, 0.575475
3.9e-09, -3e-06, 0.575475
3.9e-09, -3.12e-06, 0.575475
3.9e-09, -3.24e-06, 0.575475
3.9e-09, -3.36e-06, 0.575475
3.9e-09, -3.48e-06, 0.575483
3.9e-09, -3.6e-06, 0.909215
4e-09, -0, 0.909215
4e-09, -1.2e-07, 0.575483
4e-09, -2.4e-07, 0.575475
4e-09, -3.6e-07, 0.575475
4e-09, -4.8e-07, 0.575475
4e-09, -6e-07, 0.575475
4e-09, -7.2e-07, 0.575475
4e-09, -8.4e-07, 0.575475
4e-09, -9.6e-07, 0.575475
4e-09, -1.08e-06, 0.575486
4e-09, -1.2e-06, 1.03739
4e-09, -1.32e-06, 1.03768
4e-09, -1.44e-06, 1.03768
4e-09, -1.56e-06, 1.03768
4e-09, -1.68e-06, 1.03768
4e-09, -1.8e-06, 1.03768
4e-09, -1.92e-06, 1.03768
4e-09, -2.04e-06, 1.03768
4e-09, -2.16e-06, 1.03768
4e-09, -2.28e-06, 1.03768
4e-09, -2.4e-06, 1.03739
4e-09, -2.52e-06, 0.575486
4e-09, -2.64e-06, 0.575475
4e-09, -2.76e-06, 0.575475
4e-09, -2.88e-06, 0.575475
4e-09, -3e-06, 0.575475
4e-09, -3.12e-06, 0.575475
4e-09, -3.24e-06, 0.575475
4e-09, -3.36e-06, 0.575475
4e-09, -3.48e-06, 0.575483
4e-09, -3.6e-06, 0.909215
4.1e-09, -0, 0.909215
4.1e-09, -1.2e-07, 0.575483
4.1e-09, -2.4e-07, 0.575475
4.1e-09, -3.6e-07, 0.575475
4.1e-09, -4.8e-07, 0.575475
4.1e-09, -6e-07, 0.575475
4.1e-09, -7.2e-07, 0.575475
4.1e-09, -8.4e-07, 0.575475
4.1e-09, -9.6e-07, 0.575475
4.1e-09, -1.08e-06, 0.575486
4.1e-09, -1.2e-06, 1.03844
4.1e-09, -1.32e-06, 1.03873
4.1e-09, -1.44e-06, 1.03873
4.1e-09, -1.56e-06, 1.03873
4.1e-09, -1.68e-06, 1.03873
4.1e-09, -1.8e-06, 1.03873
4.1e-09, -1.92e-06, 1.03873
4.1e-09, -2.04e-06, 1.03873
4.1e-09, -2.16e-06, 1.03873
4.1e-09, -2.28e-06, 1.03873
4.1e-09, -2.4e-06, 1.03844
4.1e-09, -2.52e-06, 0.575486
4.1e-09, -2.64e-06, 0.575475
4.1e-09, -2.76e-06, 0.575475
4.1e-09, -2.88e-06, 0.575475
4.1e-09, -3e-06, 0.575475
4.1e-09, -3.12e-06, 0.575475
4.1e-09, -3.24e-06, 0.575475
4.1e-09, -3.36e-06, 0.575475
4.1e-09, -3.48e-06, 0.575483
4.1e-09, -3.6e-06, 0.909215
4.2e-09, -0, 0.909215
4.2e-09, -1.2e-07, 0.575483
4.2e-09, -2.4e-07, 0.575475
4.2e-09, -3.6e-07, 0.575475
4.2e-09, -4.8e-07, 0.575475
4.2e-09, -6e-07, 0.575475
4.2e-09, -7.2e-07, 0.575475
4.2e-09, -8.4e-07, 0.575475
4.2e-09, -9.6e-07, 0.575475
4.2e-09, -1.08e-06, 0.575487
4.2e-09, -1.2e-06, 1.0396
4.2e-09, -1.32e-06, 1.03988
4.2e-09, -1.44e-06, 1.03988
4.2e-09, -1.56e-06, 1.03988
4.2e-09, -1.68e-06, 1.03988
4.2e-09, -1.8e-06, 1.03988
4.2e-09, -1.92e-06, 1.03988
4.2e-09, -2.04e-06, 1.03988
4.2e-09, -2.16e-06, 1.03988
4.2e-09, -2.28e-06, 1.03988
4.2e-09, -2.4e-06, 1.0396
4.2e-09, -2.52e-06, 0.575487
4.2e-09, -2.64e-06, 0.575475
4.2e-09, -2.76e-06, 0.575475
4.2e-09, -2.88e-06, 0.575475
4.2e-09, -3e-06, 0.575475
4.2e-09, -3.12e-06, 0.575475
4.2e-09, -3.24e-06, 0.575475
4.2e-09, -3.36e-06, 0.575475
4.2e-09, -3.48e-06, 0.575483
4.2e-09, -3.6e-06, 0.909215
4.3e-09, -0, 0.909215
4.3e-09, -1.2e-07, 0.575483
4.3e-09, -2.4e-07, 0.575475
4.3e-09, -3.6e-07, 0.575475
4.3e-09, -4.8e-07, 0.575475
4.3e-09, -6e-07, 0.575475
4.3e-09, -7.2e-07, 0.575475
4.3e-09, -8.4e-07, 0.575475
4.3e-09, -9.6e-07, 0.575475
4.3e-09, -1.08e-06, 0.575487
4.3e-09, -1.2e-06, 1.04085
4.3e-09, -1.32e-06, 1.04113
4.3e-09, -1.44e-06, 1.04113
4.3e-09, -1.56e-06, 1.04113
4.3e-09, -1.68e-06, 1.04113
4.3e-09, -1.8e-06, 1.04113
4.3e-09, -1.92e-06, 1.04113
4.3e-09, -2.04e-06, 1.04113
4.3e-09, -2.16e-06, 1.04113
4.3e-09, -2.28e-06, 1.04113
4.3e-09, -2.4e-06, 1.04085
4.3e-09, -2.52e-06, 0.575487
4.3e-09, -2.64e-06, 0.575475
4.3e-09, -2.76e-06, 0.575475
4.3e-09, -2.88e-06, 0.575475
4.3e-09, -3e-06, 0.575475
4.3e-09, -3.12e-06, 0.575475
4.3e-09, -3.24e-06, 0.575475
4.3e-09, -3.36e-06, 0.575475
4.3e-09, -3.48e-06, 0.575483
4.3e-09, -3.6e-06, 0.909215
4.4e-09, -0, 0.909215
4.4e-09, -1.2e-07, 0.575483
4.4e-09, -2.4e-07, 0.575475
4.4e-09, -3.6e-07, 0.575475
4.4e-09, -4.8e-07, 0.575475
4.4e-09, -6e-07, 0.575475
4.4e-09, -7.2e-07, 0.575475
4.4e-09, -8.4e-07, 0.575475
4.4e-09, -9.6e-07, 0.575475
4.4e-09, -1.08e-06, 0.575487
4.4e-09, -1.2e-06, 1.04221
4.4e-09, -1.32e-06, 1.04248
4.4e-09, -1.44e-06, 1.04248
4.4e-09, -1.56e-06, 1.04248
4.4e-09, -1.68e-06, 1.04248
4.4e-09, -1.8e-06, 1.04248
4.4e-09, -1.92e-06, 1.04248
4.4e-09, -2.04e-06, 1.04248
4.4e-09, -2.16e-06, 1.04248
4.4e-09, -2.28e-06, 1.04248
4.4e-09, -2.4e-06, 1.04221
4.4e-09, -2.52e-06, 0.575487
4.4e-09, -2.64e-06, 0.575475
4.4e-09, -2.76e-06, 0.575475
4.4e-09, -2.88e-06, 0.575475
4.4e-09, -3e-06, 0.575475
4.4e-09, -3.12e-06, 0.575475
4.4e-09, -3.24e-06, 0.575475
4.4e-09, -3.36e-06, 0.575475
4.4e-09, -3.48e-06, 0.575483
4.4e-09, -3.6e-06, 0.909215
4.5e-09, -0, 0.909215
4.5e-09, -1.2e-07, 0.575483
4.5e-09, -2.4e-07, 0.575475
4.5e-09, -3.6e-07, 0.575475
4.5e-09, -4.8e-07, 0.575475
4.5e-09, -6e-07, 0.575475
4.5e-09, -7.2e-07, 0.575475
4.5e-09, -8.4e-07, 0.575475
4.5e-09, -9.6e-07, 0.575475
4.5e-09, -1.08e-06, 0.575487
4.5e-09, -1.2e-06, 1.04366
4.5e-09, -1.32e-06, 1.04393
4.5e-09, -1.44e-06, 1.04393
4.5e-09, -1.56e-06, 1.04393
4.5e-09, -1.68e-06, 1.04393
4.5e-09, -1.8e-06, 1.04393
4.5e-09, -1.92e-06, 1.04393
4.5e-09, -2.04e-06, 1.04393
4.5e-09, -2.16e-06, 1.04393
4.5e-09, -2.28e-06, 1.04393
4.5e-09, -2.4e-06, 1.04366
4.5e-09, -2.52e-06, 0.575487
4.5e-09, -2.64e-06, 0.575475
4.5e-09, -2.76e-06, 0.575475
4.5e-09, -2.88e-06, 0.575475
4.5e-09, -3e-06, 0.575475
4.5e-09, -3.12e-06, 0.575475
4.5e-09, -3.24e-06, 0.575475
4.5e-09, -3.36e-06, 0.575475
4.5e-09, -3.48e-06, 0.575483
4.5e-09, -3.6e-06, 0.909215
4.6e-09, -0, 0.909215
4.6e-09, -1.2e-07, 0.575484
4.6e-09, -2.4e-07, 0.575475
4.6e-09, -3.6e-07, 0.575475
4.6e-09, -4.8e-07, 0.575475
4.6e-09, -6e-07, 0.575475
4.6e-09, -7.2e-07, 0.575475
4.6e-09, -8.4e-07, 0.575475
4.6e-09, -9.6e-07, 0.575475
4.6e-09, -1.08e-06, 0.575487
4.6e-09, -1.2e-06, 1.04522
4.6e-09, -1.32e-06, 1.04548
4.6e-09, -1.44e-06, 1.04548
4.6e-09, -1.56e-06, 1.04548
4.6e-09, -1.68e-06, 1.04548
4.6e-09, -1.8e-06, 1.04548
4.6e-09, -1.92e-06, 1.04548
4.6e-09, -2.04e-06, 1.04548
4.6e-09, -2.16e-06, 1.04548
4.6e-09, -2.28e-06, 1.04548
4.6e-09, -2.4e-06, 1.04522
4.6e-09, -2.52e-06, 0.575487
4.6e-09, -2.64e-06, 0.575475
4.6e-09, -2.76e-06, 0.575475
4.6e-09, -2.88e-06, 0.575475
4.6e-09, -3e-06, 0.575475
4.6e-09, -3.12e-06, 0.575475
4.6e-09, -3.24e-06, 0.575475
4.6e-09, -3.36e-06, 0.575475
4.6e-09, -3.48e-06, 0.575484
4.6e-09, -3.6e-06, 0.909215
4.7e-09, -0, 0.909215
4.7e-09, -1.2e-07, 0.575484
4.7e-09, -2.4e-07, 0.575475
4.7e-09, -3.6e-07, 0.575475
4.7e-09, -4.8e-07, 0.575475
4.7e-09, -6e-07, 0.575475
4.7e-09, -7.2e-07, 0.575475
4.7e-09, -8.4e-07, 0.575475
4.7e-09, -9.6e-07, 0.575475
4.7e-09, -1.08e-06, 0.575487
4.7e-09, -1.2e-06, 1.04688
4.7e-09, -1.32e-06, 1.04713
4.7e-09, -1.44e-06, 1.04713
4.7e-09, -1.56e-06, 1.04713
4.7e-09, -1.68e-06, 1.04713
4.7e-09, -1.8e-06, 1.04713
4.7e-09, -1.92e-06, 1.04713
4.7e-09, -2.04e-06, 1.04713
4.7e-09, -2.16e-06, 1.04713
4.7e-09, -2.28e-06, 1.04713
4.7e-09, -2.4e-06, 1.04688
4.7e-09, -2.52e-06, 0.575487
4.7e-09, -2.64e-06, 0.575475
4.7e-09, -2.76e-06, 0.575475
4.7e-09, -2.88e-06, 0.575475
4.7e-09, -3e-06, 0.575475
4.7e-09, -3.12e-06, 0.575475
4.7e-09, -3.24e-06, 0.575475
4.7e-09, -3.36e-06, 0.575475
4.7e-09, -3.48e-06, 0.575484
4.7e-09, -3.6e-06, 0.909215
4.8e-09, -0, 0.909215
4.8e-09, -1.2e-07, 0.575484
4.8e-09, -2.4e-07, 0.575475
4.8e-09, -3.6e-07, 0.575475
4.8e-09, -4.8e-07, 0.575475
4.8e-09, -6e-07, 0.575475
4.8e-09, -7.2e-07, 0.575475
4.8e-09, -8.4e-07, 0.575475
4.8e-09, -9.6e-07, 0.575475
4.8e-09, -1.08e-06, 0.575488
4.8e-09, -1.2e-06, 1.04865
4.8e-09, -1.32e-06, 1.04888
4.8e-09, -1.44e-06, 1.04888
4.8e-09, -1.56e-06, 1.04888
4.8e-09, -1.68e-06, 1.04888
4.8e-09, -1.8e-06, 1.04888
4.8e-09, -1.92e-06, 1.04888
4.8e-09, -2.04e-06, 1.04888
4.8e-09, -2.16e-06, 1.04888
4.8e-09, -2.28e-06, 1.04888
4.8e-09, -2.4e-06, 1.04865
4.8e-09, -2.52e-06, 0.575488
4.8e-09, -2.64e-06, 0.575475
4.8e-09, -2.76e-06, 0.575475
4.8e-09, -2.88e-06, 0.575475
4.8e-09, -3e-06, 0.575475
4.8e-09, -3.12e-06, 0.575475
4.8e-09, -3.24e-06, 0.575475
4.8e-09, -3.36e-06, 0.575475
4.8e-09, -3.48e-06, 0.575484
4.8e-09, -3.6e-06, 0.909215
4.9e-09, -0, 0.909215
4.9e-09, -1.2e-07, 0.575484
4.9e-09, -2.4e-07, 0.575475
4.9e-09, -3.6e-07, 0.575475
4.9e-09, -4.8e-07, 0.575475
4.9e-09, -6e-07, 0.575475
4.9e-09, -7.2e-07, 0.575475
4.9e-09, -8.4e-07, 0.575475
4.9e-09, -9.6e-07, 0.575475
4.9e-09, -1.08e-06, 0.575488
4.9e-09, -1.2e-06, 1.05051
4.9e-09, -1.32e-06, 1.05074
4.9e-09, -1.44e-06, 1.05074
4.9e-09, -1.56e-06, 1.05074
4.9e-09, -1.68e-06, 1.05074
4.9e-09, -1.8e-06, 1.05074
4.9e-09, -1.92e-06, 1.05074
4.9e-09, -2.04e-06, 1.05074
4.9e-09, -2.16e-06, 1.05074
4.9e-09, -2.28e-06, 1.05074
4.9e-09, -2.4e-06, 1.05051
4.9e-09, -2.52e-06, 0.575488
4.9e-09, -2.64e-06, 0.575475
4.9e-09, -2.76e-06, 0.575475
4.9e-09, -2.88e-06, 0.575475
4.9e-09, -3e-06, 0.575475
4.9e-09, -3.12e-06, 0.575475
4.9e-09, -3.24e-06, 0.575475
4.9e-09, -3.36e-06, 0.575475
4.9e-09, -3.48e-06, 0.575484
4.9e-09, -3.6e-06, 0.909215
5e-09, -0, 0.909215
5e-09, -1.2e-07, 0.575484
5e-09, -2.4e-07, 0.575475
5e-09, -3.6e-07, 0.575475
5e-09, -4.8e-07, 0.575475
5e-09, -6e-07, 0.575475
5e-09, -7.2e-07, 0.575475
5e-09, -8.4e-07, 0.575475
5e-09, -9.6e-07, 0.575475
5e-09, -1.08e-06, 0.575488
5e-09, -1.2e-06, 1.05248
5e-09, -1.32e-06, 1.0527
5e-09, -1.44e-06, 1.0527
5e-09, -1.56e-06, 1.0527
5e-09, -1.68e-06, 1.0527
5e-09, -1.8e-06, 1.0527
5e-09, -1.92e-06, 1.0527
5e-09, -2.04e-06, 1.0527
5e-09, -2.16e-06, 1.0527
5e-09, -2.28e-06, 1.0527
5e-09, -2.4e-06, 1.05248
5e-09, -2.52e-06, 0.575488
5e-09, -2.64e-06, 0.575475
5e-09, -2.76e-06, 0.575475
5e-09, -2.88e-06, 0.575475
5e-09, -3e-06, 0.575475
5e-09, -3.12e-06, 0.575475
5e-09, -3.24e-06, 0.575475
5e-09, -3.36e-06, 0.575475
5e-09, -3.48e-06, 0.575484
5e-09, -3.6e-06, 0.909215
5.1e-09, -0, 0.909215
5.1e-09, -1.2e-07, 0.575484
5.1e-09, -2.4e-07, 0.575475
5.1e-09, -3.6e-07, 0.575475
5.1e-09, -4.8e-07, 0.575475
5.1e-09, -6e-07, 0.575475
5.1e-09, -7.2e-07, 0.575475
5.1e-09, -8.4e-07, 0.575475
5.1e-09, -9.6e-07, 0.575475
5.1e-09, -1.08e-06, 0.575488
5.1e-09, -1.2e-06, 1.05454
5.1e-09, -1.32e-06, 1.05476
5.1e-09, -1.44e-06, 1.05476
5.1e-09, -1.56e-06, 1.05476
5.1e-09, -1.68e-06, 1.05476
5.1e-09, -1.8e-06, 1.05476
5.1e-09, -1.92e-06, 1.05476
5.1e-09, -2.04e-06, 1.05476
5.1e-09, -2.16e-06, 1.05476
5.1e-09, -2.28e-06, 1.05476
5.1e-09, -2.4e-06, 1.05454
5.1e-09, -2.52e-06, 0.575488
5.1e-09, -2.64e-06, 0.575475
5.1e-09, -2.76e-06, 0.575475
5.1e-09, -2.88e-06, 0.575475
5.1e-09, -3e-06, 0.575475
5.1e-09, -3.12e-06, 0.575475
5.1e-09, -3.24e-06, 0.575475
5.1e-09, -3.36e-06, 0.575475
5.1e-09, -3.48e-06, 0.575484
5.1e-09, -3.6e-06, 0.909215
5.2e-09, -0, 0.909215
5.2e-09, -1.2e-07, 0.575484
5.2e-09, -2.4e-07, 0.575475
5.2e-09, -3.6e-07, 0.575475
5.2e-09, -4.8e-07, 0.575475
5.2e-09, -6e-07, 0.575475
5.2e-09, -7.2e-07, 0.575475
5.2e-09, -8.4e-07, 0.575475
5.2e-09, -9.6e-07, 0.575475
5.2e-09, -1.08e-06, 0.575489
5.2e-09, -1.2e-06, 1.05672
5.2e-09, -1.32e-06, 1.05692
5.2e-09, -1.44e-06, 1.05692
5.2e-09, -1.56e-06, 1.05692
5.2e-09, -1.68e-06, 1.05692
5.2e-09, -1.8e-06, 1.05692
5.2e-09, -1.92e-06, 1.05692
5.2e-09, -2.04e-06, 1.05692
5.2e-09, -2.16e-06, 1.05692
5.2e-09, -2.28e-06, 1.05692
5.2e-09, -2.4e-06, 1.05672
5.2e-09, -2.52e-06, 0.575489
5.2e-09, -2.64e-06, 0.575475
5.2e-09, -2.76e-06, 0.575475
5.2e-09, -2.88e-06, 0.575475
5.2e-09, -3e-06, 0.575475
5.2e-09, -3.12e-06, 0.575475
5.2e-09, -3.24e-06, 0.575475
5.2e-09, -3.36e-06, 0.575475
5.2e-09, -3.48e-06, 0.575484
5.2e-09, -3.6e-06, 0.909215
5.3e-09, -0, 0.909215
5.3e-09, -1.2e-07, 0.575485
5.3e-09, -2.4e-07, 0.575475
5.3e-09, -3.6e-07, 0.575475
5.3e-09, -4.8e-07, 0.575475
5.3e-09, -6e-07, 0.575475
5.3e-09, -7.2e-07, 0.575475
5.3e-09, -8.4e-07, 0.575475
5.3e-09, -9.6e-07, 0.575475
5.3e-09, -1.08e-06, 0.575489
5.3e-09, -1.2e-06, 1.05899
5.3e-09, -1.32e-06, 1.05918
5.3e-09, -1.44e-06, 1.05918
5.3e-09, -1.56e-06, 1.05918
5.3e-09, -1.68e-06, 1.05918
5.3e-09, -1.8e-06, 1.05918
5.3e-09, -1.92e-06, 1.05918
5.3e-09, -2.04e-06, 1.05918
5.3e-09, -2.16e-06, 1.05918
5.3e-09, -2.28e-06, 1.05918
5.3e-09, -2.4e-06, 1.05899
5.3e-09, -2.52e-06, 0.575489
5.3e-09, -2.64e-06, 0.575475
5.3e-09, -2.76e-06, 0.575475
5.3e-09, -2.88e-06, 0.575475
5.3e-09, -3e-06, 0.575475
5.3e-09, -3.12e-06, 0.575475
5.3e-09, -3.24e-06, 0.575475
5.3e-09, -3.36e-06, 0.575475
5.3e-09, -3.48e-06, 0.575485
5.3e-09, -3.6e-06, 0.909215
5.4e-09, -0, 0.909215
5.4e-09, -1.2e-07, 0.575485
5.4e-09, -2.4e-07, 0.575475
5.4e-09, -3.6e-07, 0.575475
5.4e-09, -4.8e-07, 0.575475
5.4e-09, -6e-07, 0.575475
5.4e-09, -7.2e-07, 0.575475
5.4e-09, -8.4e-07, 0.575475
5.4e-09, -9.6e-07, 0.575475
5.4e-09, -1.08e-06, 0.57549
5.4e-09, -1.2e-06, 1.06137
5.4e-09, -1.32e-06, 1.06155
5.4e-09, -1.44e-06, 1.06155
5.4e-09, -1.56e-06, 1.06155
5.4e-09, -1.68e-06, 1.06155
5.4e-09, -1.8e-06, 1.06155
5.4e-09, -1.92e-06, 1.06155
5.4e-09, -2.04e-06, 1.06155
5.4e-09, -2.16e-06, 1.06155
5.4e-09, -2.28e-06, 1.06155
5.4e-09, -2.4e-06, 1.06137
5.4e-09, -2.52e-06, 0.57549
5.4e-09, -2.64e-06, 0.575475
5.4e-09, -2.76e-06, 0.575475
5.4e-09, -2.88e-06, 0.575475
5.4e-09, -3e-06, 0.575475
5.4e-09, -3.12e-06, 0.575475
5.4e-09, -3.24e-06, 0.575475
5.4e-09, -3.36e-06, 0.575475
5.4e-09, -3.48e-06, 0.575485
5.4e-09, -3.6e-06, 0.909215
5.5e-09, -0, 0.909215
5.5e-09, -1.2e-07, 0.575485
5.5e-09, -2.4e-07, 0.575475
5.5e-09, -3.6e-07, 0.575475
5.5e-09, -4.8e-07, 0.575475
5.5e-09, -6e-07, 0.575475
5.5e-09, -7.2e-07, 0.575475
5.5e-09, -8.4e-07, 0.575475
5.5e-09, -9.6e-07, 0.575475
5.5e-09, -1.08e-06, 0.575491
5.5e-09, -1.2e-06, 1.07839
5.5e-09, -1.32e-06, 1.07856
5.5e-09, -1.44e-06, 1.07856
5.5e-09, -1.56e-06, 1.07856
5.5e-09, -1.68e-06, 1.07856
5.5e-09, -1.8e-06, 1.07856
5.5e-09, -1.92e-06, 1.07856
5.5e-09, -2.04e-06, 1.07856
5.5e-09, -2.16e-06, 1.07856
5.5e-09, -2.28e-06, 1.07856
5.5e-09, -2.4e-06, 1.07839
5.5e-09, -2.52e-06, 0.575491
5.5e-09, -2.64e-06, 0.575475
5.5e-09, -2.76e-06, 0.575475
5.5e-09, -2.88e-06, 0.575475
5.5e-09, -3e-06, 0.575475
5.5e-09, -3.12e-06, 0.575475
5.5e-09, -3.24e-06, 0.575475
5.5e-09, -3.36e-06, 0.575475
5.5e-09, -3.48e-06, 0.575485
5.5e-09, -3.6e-06, 0.909215
5.6e-09, -0, 0.909213
5.6e-09, -1.2e-07, 0.575486
5.6e-09, -2.4e-07, 0.575475
5.6e-09, -3.6e-07, 0.575475
5.6e-09, -4.8e-07, 0.575475
5.6e-09, -6e-07, 0.575475
5.6e-09, -7.2e-07, 0.575475
5.6e-09, -8.4e-07, 0.575475
5.6e-09, -9.6e-07, 0.575475
5.6e-09, -1.08e-06, 0.575493
5.6e-09, -1.2e-06, 1.12946
5.6e-09, -1.32e-06, 1.1296
5.6e-09, -1.44e-06, 1.1296
5.6e-09, -1.56e-06, 1.1296
5.6e-09, -1.68e-06, 1.1296
5.6e-09, -1.8e-06, 1.1296
5.6e-09, -1.92e-06, 1.1296
5.6e-09, -2.04e-06, 1.1296
5.6e-09, -2.16e-06, 1.1296
5.6e-09, -2.28e-06, 1.1296
5.6e-09, -2.4e-06, 1.12946
5.6e-09, -2.52e-06, 0.575493
5.6e-09, -2.64e-06, 0.575475
5.6e-09, -2.76e-06, 0.575475
5.6e-09, -2.88e-06, 0.575475
5.6e-09, -3e-06, 0.575475
5.6e-09, -3.12e-06, 0.575475
5.6e-09, -3.24e-06, 0.575475
5.6e-09, -3.36e-06, 0.575475
5.6e-09, -3.48e-06, 0.575486
5.6e-09, -3.6e-06, 0.909213
5.7e-09, -0, 0.909211
5.7e-09, -1.2e-07, 0.575487
5.7e-09, -2.4e-07, 0.575475
5.7e-09, -3.6e-07, 0.575475
5.7e-09, -4.8e-07, 0.575475
5.7e-09, -6e-07, 0.575475
5.7e-09, -7.2e-07, 0.575475
5.7e-09, -8.4e-07, 0.575475
5.7e-09, -9.6e-07, 0.575475
5.7e-09, -1.08e-06, 0.575494
5.7e-09, -1.2e-06, 1.18053
5.7e-09, -1.32e-06, 1.18063
5.7e-09, -1.44e-06, 1.18063
5.7e-09, -1.56e-06, 1.18063
5.7e-09, -1.68e-06, 1.18063
5.7e-09, -1.8e-06, 1.18063
5.7e-09, -1.92e-06, 1.18063
5.7e-09, -2.04e-06, 1.18063
5.7e-09, -2.16e-06, 1.18063
5.7e-09, -2.28e-06, 1.18063
5.7e-09, -2.4e-06, 1.18053
5.7e-09, -2.52e-06, 0.575494
5.7e-09, -2.64e-06, 0.575475
5.7e-09, -2.76e-06, 0.575475
5.7e-09, -2.88e-06, 0.575475
5.7e-09, -3e-06, 0.575475
5.7e-09, -3.12e-06, 0.575475
5.7e-09, -3.24e-06, 0.575475
5.7e-09, -3.36e-06, 0.575475
5.7e-09, -3.48e-06, 0.575487
5.7e-09, -3.6e-06, 0.909211
5.8e-09, -0, 0.90921
5.8e-09, -1.2e-07, 0.575488
5.8e-09, -2.4e-07, 0.575475
5.8e-09, -3.6e-07, 0.575475
5.8e-09, -4.8e-07, 0.575475
5.8e-09, -6e-07, 0.575475
5.8e-09, -7.2e-07, 0.575475
5.8e-09, -8.4e-07, 0.575475
5.8e-09, -9.6e-07, 0.575475
5.8e-09, -1.08e-06, 0.575495
5.8e-09, -1.2e-06, 1.2316
5.8e-09, -1.32e-06, 1.23167
5.8e-09, -1.44e-06, 1.23167
5.8e-09, -1.56e-06, 1.23167
5.8e-09, -1.68e-06, 1.23167
5.8e-09, -1.8e-06, 1.23167
5.8e-09, -1.92e-06, 1.23167
5.8e-09, -2.04e-06, 1.23167
5.8e-09, -2.16e-06, 1.23167
5.8e-09, -2.28e-06, 1.23167
5.8e-09, -2.4e-06, 1.2316
5.8e-09, -2.52e-06, 0.575495
5.8e-09, -2.64e-06, 0.575475
5.8e-09, -2.76e-06, 0.575475
5.8e-09, -2.88e-06, 0.575475
5.8e-09, -3e-06, 0.575475
5.8e-09, -3.12e-06, 0.575475
5.8e-09, -3.24e-06, 0.575475
5.8e-09, -3.36e-06, 0.575475
5.8e-09, -3.48e-06, 0.575488
5.8e-09, -3.6e-06, 0.90921
5.9e-09, -0, 0.909209
5.9e-09, -1.2e-07, 0.575488
5.9e-09, -2.4e-07, 0.575475
5.9e-09, -3.6e-07, 0.575475
5.9e-09, -4.8e-07, 0.575475
5.9e-09, -6e-07, 0.575475
5.9e-09, -7.2e-07, 0.575475
5.9e-09, -8.4e-07, 0.575475
5.9e-09, -9.6e-07, 0.575475
5.9e-09, -1.08e-06, 0.575496
5.9e-09, -1.2e-06, 1.28267
5.9e-09, -1.32e-06, 1.2827
5.9e-09, -1.44e-06, 1.2827
5.9e-09, -1.56e-06, 1.2827
5.9e-09, -1.68e-06, 1.2827
5.9e-09, -1.8e-06, 1.2827
5.9e-09, -1.92e-06, 1.2827
5.9e-09, -2.04e-06, 1.2827
5.9e-09, -2.16e-06, 1.2827
5.9e-09, -2.28e-06, 1.2827
5.9e-09, -2.4e-06, 1.28267
5.9e-09, -2.52e-06, 0.575496
5.9e-09, -2.64e-06, 0.575475
5.9e-09, -2.76e-06, 0.575475
5.9e-09, -2.88e-06, 0.575475
5.9e-09, -3e-06, 0.575475
5.9e-09, -3.12e-06, 0.575475
5.9e-09, -3.24e-06, 0.575475
5.9e-09, -3.36e-06, 0.575475
5.9e-09, -3.48e-06, 0.575488
5.9e-09, -3.6e-06, 0.909209
6e-09, -0, 0.909209
6e-09, -1.2e-07, 0.575488
6e-09, -2.4e-07, 0.575475
6e-09, -3.6e-07, 0.575475
6e-09, -4.8e-07, 0.575475
6e-09, -6e-07, 0.575475
6e-09, -7.2e-07, 0.575475
6e-09, -8.4e-07, 0.575475
6e-09, -9.6e-07, 0.575475
6e-09, -1.08e-06, 0.575496
6e-09, -1.2e-06, 1.33374
6e-09, -1.32e-06, 1.33374
6e-09, -1.44e-06, 1.33374
6e-09, -1.56e-06, 1.33374
6e-09, -1.68e-06, 1.33374
6e-09, -1.8e-06, 1.33374
6e-09, -1.92e-06, 1.33374
6e-09, -2.04e-06, 1.33374
6e-09, -2.16e-06, 1.33374
6e-09, -2.28e-06, 1.33374
6e-09, -2.4e-06, 1.33374
6e-09, -2.52e-06, 0.575496
6e-09, -2.64e-06, 0.575475
6e-09, -2.76e-06, 0.575475
6e-09, -2.88e-06, 0.575475
6e-09, -3e-06, 0.575475
6e-09, -3.12e-06, 0.575475
6e-09, -3.24e-06, 0.575475
6e-09, -3.36e-06, 0.575475
6e-09, -3.48e-06, 0.575488
6e-09, -3.6e-06, 0.909209
