0	0.33374
1	0.332575937365
2	0.331411874729
3	0.330247812094
4	0.329083749458
5	0.327919686823
6	0.327539429479
7	0.327174698419
8	0.326825492902
9	0.326491812229
10	0.32617365574
11	0.325871022813
12	0.325583912865
13	0.325312325347
14	0.325056259748
15	0.324815715588
16	0.324590692424
17	0.324381189842
18	0.324187207461
19	0.324008744932
20	0.323845801935
21	0.323698378179
22	0.323566473405
23	0.32345008738
24	0.3233492199
25	0.32326387079
26	0.323194039901
27	0.323139727112
28	0.32310093233
29	0.323077655487
30	0.323069896544
31	0.323077655487
32	0.32310093233
33	0.323139727112
34	0.323194039901
35	0.32326387079
36	0.3233492199
37	0.32345008738
38	0.323566473405
39	0.323698378179
40	0.323845801935
41	0.324008744932
42	0.324187207461
43	0.324381189842
44	0.324590692424
45	0.324815715588
46	0.325056259748
47	0.325312325347
48	0.325583912865
49	0.325871022813
50	0.32617365574
51	0.326491812229
52	0.326825492902
53	0.327174698419
54	0.327539429479
55	0.327919686823
56	0.329083749458
57	0.330247812094
58	0.331411874729
59	0.332575937365
60	0.33374
