Eigen energy is 1.26835e-20J
Psis are 
0, 0
1.002e-11, 125.915
2.00401e-11, 251.824
3.00601e-11, 377.724
4.00802e-11, 503.609
5.01002e-11, 629.474
6.01202e-11, 755.314
7.01403e-11, 881.123
8.01603e-11, 1006.9
9.01804e-11, 1132.63
1.002e-10, 1258.32
1.1022e-10, 1383.96
1.2024e-10, 1509.55
1.30261e-10, 1635.08
1.40281e-10, 1760.54
1.50301e-10, 1885.93
1.60321e-10, 2011.24
1.70341e-10, 2136.48
1.80361e-10, 2261.63
1.90381e-10, 2386.69
2.00401e-10, 2511.66
2.10421e-10, 2636.53
2.20441e-10, 2761.29
2.30461e-10, 2885.95
2.40481e-10, 3010.49
2.50501e-10, 3134.91
2.60521e-10, 3259.2
2.70541e-10, 3383.37
2.80561e-10, 3507.4
2.90581e-10, 3631.3
3.00601e-10, 3755.05
3.10621e-10, 3878.65
3.20641e-10, 4002.1
3.30661e-10, 4125.38
3.40681e-10, 4248.51
3.50701e-10, 4371.47
3.60721e-10, 4494.25
3.70741e-10, 4616.86
3.80762e-10, 4739.28
3.90782e-10, 4861.51
4.00802e-10, 4983.55
4.10822e-10, 5105.4
4.20842e-10, 5227.04
4.30862e-10, 5348.47
4.40882e-10, 5469.7
4.50902e-10, 5590.7
4.60922e-10, 5711.49
4.70942e-10, 5832.05
4.80962e-10, 5952.37
4.90982e-10, 6072.46
5.01002e-10, 6192.31
5.11022e-10, 6311.92
5.21042e-10, 6431.27
5.31062e-10, 6550.37
5.41082e-10, 6669.21
5.51102e-10, 6787.79
5.61122e-10, 6906.1
5.71142e-10, 7024.13
5.81162e-10, 7141.88
5.91182e-10, 7259.35
6.01202e-10, 7376.54
6.11222e-10, 7493.43
6.21242e-10, 7610.02
6.31263e-10, 7726.32
6.41283e-10, 7842.3
6.51303e-10, 7957.98
6.61323e-10, 8073.34
6.71343e-10, 8188.38
6.81363e-10, 8303.09
6.91383e-10, 8417.48
7.01403e-10, 8531.53
7.11423e-10, 8645.25
7.21443e-10, 8758.62
7.31463e-10, 8871.64
7.41483e-10, 8984.32
7.51503e-10, 9096.63
7.61523e-10, 9208.59
7.71543e-10, 9320.18
7.81563e-10, 9431.4
7.91583e-10, 9542.25
8.01603e-10, 9652.72
8.11623e-10, 9762.81
8.21643e-10, 9872.51
8.31663e-10, 9981.82
8.41683e-10, 10090.7
8.51703e-10, 10199.2
8.61723e-10, 10307.4
8.71743e-10, 10415.1
8.81764e-10, 10522.3
8.91784e-10, 10629.2
9.01804e-10, 10735.7
9.11824e-10, 10841.7
9.21844e-10, 10947.3
9.31864e-10, 11052.4
9.41884e-10, 11157.2
9.51904e-10, 11261.4
9.61924e-10, 11365.3
9.71944e-10, 11468.7
9.81964e-10, 11571.6
9.91984e-10, 11674.1
1.002e-09, 11776.1
1.01202e-09, 11877.6
1.02204e-09, 11978.7
1.03206e-09, 12079.3
1.04208e-09, 12179.4
1.0521e-09, 12279
1.06212e-09, 12378.2
1.07214e-09, 12476.8
1.08216e-09, 12575
1.09218e-09, 12672.7
1.1022e-09, 12769.8
1.11222e-09, 12866.5
1.12224e-09, 12962.6
1.13226e-09, 13058.2
1.14228e-09, 13153.4
1.1523e-09, 13247.9
1.16232e-09, 13342
1.17234e-09, 13435.6
1.18236e-09, 13528.6
1.19238e-09, 13621
1.2024e-09, 13713
1.21242e-09, 13804.3
1.22244e-09, 13895.2
1.23246e-09, 13985.5
1.24248e-09, 14075.2
1.25251e-09, 14164.4
1.26253e-09, 14253
1.27255e-09, 14341
1.28257e-09, 14428.5
1.29259e-09, 14515.4
1.30261e-09, 14601.8
1.31263e-09, 14687.5
1.32265e-09, 14772.7
1.33267e-09, 14857.3
1.34269e-09, 14941.3
1.35271e-09, 15024.7
1.36273e-09, 15107.5
1.37275e-09, 15189.7
1.38277e-09, 15271.3
1.39279e-09, 15352.3
1.40281e-09, 15432.7
1.41283e-09, 15512.5
1.42285e-09, 15591.7
1.43287e-09, 15670.2
1.44289e-09, 15748.1
1.45291e-09, 15825.5
1.46293e-09, 15902.1
1.47295e-09, 15978.2
1.48297e-09, 16053.6
1.49299e-09, 16128.4
1.50301e-09, 16202.5
1.51303e-09, 16276
1.52305e-09, 16348.9
1.53307e-09, 16421.1
1.54309e-09, 16492.6
1.55311e-09, 16563.5
1.56313e-09, 16633.8
1.57315e-09, 16703.3
1.58317e-09, 16772.3
1.59319e-09, 16840.5
1.60321e-09, 16908.1
1.61323e-09, 16975
1.62325e-09, 17041.3
1.63327e-09, 17106.9
1.64329e-09, 17171.7
1.65331e-09, 17236
1.66333e-09, 17299.5
1.67335e-09, 17362.3
1.68337e-09, 17424.5
1.69339e-09, 17485.9
1.70341e-09, 17546.7
1.71343e-09, 17606.8
1.72345e-09, 17666.2
1.73347e-09, 17724.8
1.74349e-09, 17782.8
1.75351e-09, 17840.1
1.76353e-09, 17896.7
1.77355e-09, 17952.5
1.78357e-09, 18007.7
1.79359e-09, 18062.1
1.80361e-09, 18115.8
1.81363e-09, 18168.8
1.82365e-09, 18221.1
1.83367e-09, 18272.6
1.84369e-09, 18323.4
1.85371e-09, 18373.5
1.86373e-09, 18422.9
1.87375e-09, 18471.6
1.88377e-09, 18519.5
1.89379e-09, 18566.6
1.90381e-09, 18613.1
1.91383e-09, 18658.8
1.92385e-09, 18703.8
1.93387e-09, 18748
1.94389e-09, 18791.5
1.95391e-09, 18834.2
1.96393e-09, 18876.2
1.97395e-09, 18917.4
1.98397e-09, 18957.9
1.99399e-09, 18997.6
2.00401e-09, 19036.6
2.01403e-09, 19074.9
2.02405e-09, 19112.3
2.03407e-09, 19149.1
2.04409e-09, 19185
2.05411e-09, 19220.2
2.06413e-09, 19254.6
2.07415e-09, 19288.3
2.08417e-09, 19321.2
2.09419e-09, 19353.4
2.10421e-09, 19384.7
2.11423e-09, 19415.4
2.12425e-09, 19445.2
2.13427e-09, 19474.3
2.14429e-09, 19502.6
2.15431e-09, 19530.1
2.16433e-09, 19556.8
2.17435e-09, 19582.8
2.18437e-09, 19608
2.19439e-09, 19632.4
2.20441e-09, 19656.1
2.21443e-09, 19678.9
2.22445e-09, 19701
2.23447e-09, 19722.3
2.24449e-09, 19742.8
2.25451e-09, 19762.6
2.26453e-09, 19781.5
2.27455e-09, 19799.7
2.28457e-09, 19817.1
2.29459e-09, 19833.7
2.30461e-09, 19849.5
2.31463e-09, 19864.5
2.32465e-09, 19878.7
2.33467e-09, 19892.2
2.34469e-09, 19904.8
2.35471e-09, 19916.7
2.36473e-09, 19927.8
2.37475e-09, 19938.1
2.38477e-09, 19947.6
2.39479e-09, 19956.3
2.40481e-09, 19964.2
2.41483e-09, 19971.4
2.42485e-09, 19977.7
2.43487e-09, 19983.3
2.44489e-09, 19988
2.45491e-09, 19992
2.46493e-09, 19995.1
2.47495e-09, 19997.5
2.48497e-09, 19999.1
2.49499e-09, 19999.9
2.50501e-09, 19999.9
2.51503e-09, 19999.1
2.52505e-09, 19997.5
2.53507e-09, 19995.1
2.54509e-09, 19992
2.55511e-09, 19988
2.56513e-09, 19983.3
2.57515e-09, 19977.7
2.58517e-09, 19971.4
2.59519e-09, 19964.2
2.60521e-09, 19956.3
2.61523e-09, 19947.6
2.62525e-09, 19938.1
2.63527e-09, 19927.8
2.64529e-09, 19916.7
2.65531e-09, 19904.8
2.66533e-09, 19892.2
2.67535e-09, 19878.7
2.68537e-09, 19864.5
2.69539e-09, 19849.5
2.70541e-09, 19833.7
2.71543e-09, 19817.1
2.72545e-09, 19799.7
2.73547e-09, 19781.5
2.74549e-09, 19762.6
2.75551e-09, 19742.8
2.76553e-09, 19722.3
2.77555e-09, 19701
2.78557e-09, 19678.9
2.79559e-09, 19656.1
2.80561e-09, 19632.4
2.81563e-09, 19608
2.82565e-09, 19582.8
2.83567e-09, 19556.8
2.84569e-09, 19530.1
2.85571e-09, 19502.6
2.86573e-09, 19474.3
2.87575e-09, 19445.2
2.88577e-09, 19415.4
2.89579e-09, 19384.7
2.90581e-09, 19353.4
2.91583e-09, 19321.2
2.92585e-09, 19288.3
2.93587e-09, 19254.6
2.94589e-09, 19220.2
2.95591e-09, 19185
2.96593e-09, 19149.1
2.97595e-09, 19112.3
2.98597e-09, 19074.9
2.99599e-09, 19036.6
3.00601e-09, 18997.6
3.01603e-09, 18957.9
3.02605e-09, 18917.4
3.03607e-09, 18876.2
3.04609e-09, 18834.2
3.05611e-09, 18791.5
3.06613e-09, 18748
3.07615e-09, 18703.8
3.08617e-09, 18658.8
3.09619e-09, 18613.1
3.10621e-09, 18566.6
3.11623e-09, 18519.5
3.12625e-09, 18471.6
3.13627e-09, 18422.9
3.14629e-09, 18373.5
3.15631e-09, 18323.4
3.16633e-09, 18272.6
3.17635e-09, 18221.1
3.18637e-09, 18168.8
3.19639e-09, 18115.8
3.20641e-09, 18062.1
3.21643e-09, 18007.7
3.22645e-09, 17952.5
3.23647e-09, 17896.7
3.24649e-09, 17840.1
3.25651e-09, 17782.8
3.26653e-09, 17724.8
3.27655e-09, 17666.2
3.28657e-09, 17606.8
3.29659e-09, 17546.7
3.30661e-09, 17485.9
3.31663e-09, 17424.5
3.32665e-09, 17362.3
3.33667e-09, 17299.5
3.34669e-09, 17236
3.35671e-09, 17171.7
3.36673e-09, 17106.9
3.37675e-09, 17041.3
3.38677e-09, 16975
3.39679e-09, 16908.1
3.40681e-09, 16840.5
3.41683e-09, 16772.3
3.42685e-09, 16703.3
3.43687e-09, 16633.8
3.44689e-09, 16563.5
3.45691e-09, 16492.6
3.46693e-09, 16421.1
3.47695e-09, 16348.9
3.48697e-09, 16276
3.49699e-09, 16202.5
3.50701e-09, 16128.4
3.51703e-09, 16053.6
3.52705e-09, 15978.2
3.53707e-09, 15902.1
3.54709e-09, 15825.5
3.55711e-09, 15748.1
3.56713e-09, 15670.2
3.57715e-09, 15591.7
3.58717e-09, 15512.5
3.59719e-09, 15432.7
3.60721e-09, 15352.3
3.61723e-09, 15271.3
3.62725e-09, 15189.7
3.63727e-09, 15107.5
3.64729e-09, 15024.7
3.65731e-09, 14941.3
3.66733e-09, 14857.3
3.67735e-09, 14772.7
3.68737e-09, 14687.5
3.69739e-09, 14601.8
3.70741e-09, 14515.4
3.71743e-09, 14428.5
3.72745e-09, 14341
3.73747e-09, 14253
3.74749e-09, 14164.4
3.75752e-09, 14075.2
3.76754e-09, 13985.5
3.77756e-09, 13895.2
3.78758e-09, 13804.3
3.7976e-09, 13713
3.80762e-09, 13621
3.81764e-09, 13528.6
3.82766e-09, 13435.6
3.83768e-09, 13342
3.8477e-09, 13247.9
3.85772e-09, 13153.4
3.86774e-09, 13058.2
3.87776e-09, 12962.6
3.88778e-09, 12866.5
3.8978e-09, 12769.8
3.90782e-09, 12672.7
3.91784e-09, 12575
3.92786e-09, 12476.8
3.93788e-09, 12378.2
3.9479e-09, 12279
3.95792e-09, 12179.4
3.96794e-09, 12079.3
3.97796e-09, 11978.7
3.98798e-09, 11877.6
3.998e-09, 11776.1
4.00802e-09, 11674.1
4.01804e-09, 11571.6
4.02806e-09, 11468.7
4.03808e-09, 11365.3
4.0481e-09, 11261.4
4.05812e-09, 11157.2
4.06814e-09, 11052.4
4.07816e-09, 10947.3
4.08818e-09, 10841.7
4.0982e-09, 10735.7
4.10822e-09, 10629.2
4.11824e-09, 10522.3
4.12826e-09, 10415.1
4.13828e-09, 10307.4
4.1483e-09, 10199.2
4.15832e-09, 10090.7
4.16834e-09, 9981.82
4.17836e-09, 9872.51
4.18838e-09, 9762.81
4.1984e-09, 9652.72
4.20842e-09, 9542.25
4.21844e-09, 9431.4
4.22846e-09, 9320.18
4.23848e-09, 9208.59
4.2485e-09, 9096.63
4.25852e-09, 8984.32
4.26854e-09, 8871.64
4.27856e-09, 8758.62
4.28858e-09, 8645.25
4.2986e-09, 8531.53
4.30862e-09, 8417.48
4.31864e-09, 8303.09
4.32866e-09, 8188.38
4.33868e-09, 8073.34
4.3487e-09, 7957.98
4.35872e-09, 7842.3
4.36874e-09, 7726.32
4.37876e-09, 7610.02
4.38878e-09, 7493.43
4.3988e-09, 7376.54
4.40882e-09, 7259.35
4.41884e-09, 7141.88
4.42886e-09, 7024.13
4.43888e-09, 6906.1
4.4489e-09, 6787.79
4.45892e-09, 6669.21
4.46894e-09, 6550.37
4.47896e-09, 6431.27
4.48898e-09, 6311.92
4.499e-09, 6192.31
4.50902e-09, 6072.46
4.51904e-09, 5952.37
4.52906e-09, 5832.05
4.53908e-09, 5711.49
4.5491e-09, 5590.7
4.55912e-09, 5469.7
4.56914e-09, 5348.47
4.57916e-09, 5227.04
4.58918e-09, 5105.4
4.5992e-09, 4983.55
4.60922e-09, 4861.51
4.61924e-09, 4739.28
4.62926e-09, 4616.86
4.63928e-09, 4494.25
4.6493e-09, 4371.47
4.65932e-09, 4248.51
4.66934e-09, 4125.38
4.67936e-09, 4002.1
4.68938e-09, 3878.65
4.6994e-09, 3755.05
4.70942e-09, 3631.3
4.71944e-09, 3507.4
4.72946e-09, 3383.37
4.73948e-09, 3259.2
4.7495e-09, 3134.91
4.75952e-09, 3010.49
4.76954e-09, 2885.95
4.77956e-09, 2761.29
4.78958e-09, 2636.53
4.7996e-09, 2511.66
4.80962e-09, 2386.69
4.81964e-09, 2261.63
4.82966e-09, 2136.48
4.83968e-09, 2011.24
4.8497e-09, 1885.93
4.85972e-09, 1760.54
4.86974e-09, 1635.08
4.87976e-09, 1509.55
4.88978e-09, 1383.96
4.8998e-09, 1258.32
4.90982e-09, 1132.63
4.91984e-09, 1006.9
4.92986e-09, 881.123
4.93988e-09, 755.314
4.9499e-09, 629.474
4.95992e-09, 503.609
4.96994e-09, 377.724
4.97996e-09, 251.824
4.98998e-09, 125.915
5e-9, 0
