2e-08	4.975099390988627e-07
4e-08	4.935625268974265e-07
6.000000000000001e-08	4.876672488895959e-07
8e-08	4.798473710443715e-07
1e-07	4.7013375484704624e-07
1.2000000000000002e-07	4.5856473550302176e-07
1.4e-07	4.4518597064626673e-07
1.6e-07	4.3005026014949444e-07
1.8e-07	4.132173377471873e-07
2e-07	3.9475363529383654e-07
2.2e-07	3.747320205877622e-07
2.4000000000000003e-07	3.5323150979520344e-07
2.6e-07	3.3033695560960945e-07
2.8e-07	3.0613871237682405e-07
3e-07	2.8073227950776116e-07
3.2e-07	2.542179245858598e-07
3.4000000000000003e-07	2.2670028765674043e-07
3.6e-07	1.9828796826174954e-07
3.8e-07	1.6909309684518533e-07
4e-07	1.3923089222666074e-07
4.2e-07	1.0881920688506181e-07
4.4e-07	7.797806184865408e-08
4.6e-07	4.68291730269176e-08
4.800000000000001e-07	1.549547085345777e-08
5e-07	-1.5899384864253083e-08
5.2e-07	-4.723149297364296e-08
5.4e-07	-7.837719995828247e-08
5.6e-07	-1.0921358794182326e-07
5.800000000000001e-07	-1.3961895978869994e-07
6e-07	-1.6947331938712576e-07
6.2e-07	-1.9865884521892556e-07
6.4e-07	-2.2706035534723977e-07
6.6e-07	-2.5456576198700706e-07
6.800000000000001e-07	-2.8106651386424584e-07
7e-07	-3.064580246183384e-07
7.2e-07	-3.306400855566161e-07
7.4e-07	-3.535172611322882e-07
7.6e-07	-3.7499926558494517e-07
7.8e-07	-3.9500131925720653e-07
8e-07	-4.1344448318129685e-07
8.2e-07	-4.3025597061508804e-07
8.4e-07	-4.453694342981168e-07
8.6e-07	-4.5872522829391094e-07
8.8e-07	-4.702706433852513e-07
9.000000000000001e-07	-4.799601150933704e-07
9.2e-07	-4.87755403500135e-07
9.4e-07	-4.936257441635321e-07
9.600000000000001e-07	-4.975479695308669e-07
9.8e-07	-4.995066003705087e-07
1e-06	-4.994939068613468e-07
1.02e-06	-4.975099390988627e-07
1.04e-06	-4.935625268974265e-07
1.06e-06	-4.876672488895959e-07
1.08e-06	-4.798473710443715e-07
1.1e-06	-4.7013375484704634e-07
1.12e-06	-4.585647355030218e-07
1.14e-06	-4.451859706462667e-07
1.1600000000000001e-06	-4.300502601494944e-07
1.18e-06	-4.132173377471875e-07
1.2e-06	-3.947536352938367e-07
1.22e-06	-3.7473202058776235e-07
1.24e-06	-3.5323150979520355e-07
1.26e-06	-3.3033695560960956e-07
1.28e-06	-3.06138712376824e-07
1.3e-06	-2.8073227950776116e-07
1.32e-06	-2.542179245858601e-07
1.34e-06	-2.267002876567404e-07
1.3600000000000001e-06	-1.9828796826174967e-07
1.3800000000000001e-06	-1.6909309684518514e-07
1.4e-06	-1.392308922266608e-07
1.42e-06	-1.08819206885062e-07
1.44e-06	-7.797806184865403e-08
1.46e-06	-4.682917302691767e-08
1.48e-06	-1.549547085345816e-08
1.5e-06	1.5899384864253133e-08
1.52e-06	4.723149297364278e-08
1.54e-06	7.837719995828251e-08
1.56e-06	1.092135879418231e-07
1.5800000000000001e-06	1.396189597887e-07
1.6e-06	1.6947331938712578e-07
1.62e-06	1.9865884521892543e-07
1.64e-06	2.2706035534723971e-07
1.66e-06	2.54565761987007e-07
1.68e-06	2.8106651386424563e-07
1.7e-06	3.064580246183383e-07
1.72e-06	3.3064008555661594e-07
1.74e-06	3.535172611322883e-07
1.76e-06	3.749992655849452e-07
1.7800000000000001e-06	3.9500131925720663e-07
1.8000000000000001e-06	4.1344448318129685e-07
1.82e-06	4.302559706150879e-07
1.84e-06	4.453694342981166e-07
1.86e-06	4.58725228293911e-07
1.88e-06	4.7027064338525117e-07
1.9e-06	4.799601150933704e-07
1.9200000000000003e-06	4.877554035001351e-07
1.94e-06	4.936257441635322e-07
1.96e-06	4.975479695308668e-07
1.98e-06	4.995066003705087e-07
2e-06	4.994939068613468e-07
2.02e-06	4.975099390988627e-07
2.04e-06	4.935625268974265e-07
2.06e-06	4.876672488895958e-07
2.08e-06	4.798473710443717e-07
2.1000000000000002e-06	4.701337548470462e-07
2.12e-06	4.5856473550302187e-07
2.14e-06	4.451859706462669e-07
2.16e-06	4.3005026014949455e-07
2.18e-06	4.1321733774718753e-07
2.2e-06	3.947536352938366e-07
2.22e-06	3.7473202058776235e-07
2.24e-06	3.5323150979520344e-07
2.26e-06	3.303369556096096e-07
2.28e-06	3.06138712376824e-07
2.3e-06	2.807322795077612e-07
2.3200000000000002e-06	2.542179245858597e-07
2.34e-06	2.2670028765674043e-07
2.36e-06	1.9828796826175012e-07
2.38e-06	1.6909309684518525e-07
2.4e-06	1.3923089222666132e-07
2.42e-06	1.0881920688506163e-07
2.44e-06	7.797806184865453e-08
2.46e-06	4.6829173026917285e-08
2.48e-06	1.5495470853458227e-08
2.5e-06	-1.5899384864253073e-08
2.52e-06	-4.723149297364271e-08
2.5400000000000002e-06	-7.837719995828246e-08
2.56e-06	-1.0921358794182348e-07
2.58e-06	-1.3961895978869907e-07
2.6e-06	-1.6947331938712573e-07
2.62e-06	-1.9865884521892535e-07
2.64e-06	-2.2706035534723924e-07
2.66e-06	-2.545657619870066e-07
2.68e-06	-2.8106651386424595e-07
2.7e-06	-3.0645802461833827e-07
2.7200000000000002e-06	-3.306400855566159e-07
2.74e-06	-3.53517261132288e-07
2.7600000000000003e-06	-3.749992655849454e-07
2.78e-06	-3.950013192572066e-07
2.8e-06	-4.134444831812968e-07
2.82e-06	-4.302559706150879e-07
2.84e-06	-4.453694342981166e-07
2.86e-06	-4.587252282939111e-07
2.88e-06	-4.702706433852512e-07
2.9e-06	-4.799601150933704e-07
2.92e-06	-4.87755403500135e-07
2.9400000000000002e-06	-4.936257441635322e-07
2.96e-06	-4.975479695308668e-07
2.9800000000000003e-06	-4.995066003705087e-07
3e-06	-4.994939068613468e-07
3.02e-06	-4.975099390988628e-07
3.04e-06	-4.935625268974265e-07
3.06e-06	-4.87667248889596e-07
3.08e-06	-4.798473710443715e-07
3.1e-06	-4.7013375484704634e-07
3.12e-06	-4.585647355030219e-07
3.14e-06	-4.45185970646267e-07
3.1600000000000002e-06	-4.300502601494944e-07
3.18e-06	-4.132173377471873e-07
3.2e-06	-3.9475363529383664e-07
3.22e-06	-3.747320205877624e-07
3.24e-06	-3.5323150979520376e-07
3.26e-06	-3.3033695560960934e-07
3.28e-06	-3.0613871237682405e-07
3.3e-06	-2.8073227950776127e-07
3.32e-06	-2.542179245858602e-07
3.34e-06	-2.2670028765674008e-07
3.36e-06	-1.9828796826175017e-07
3.3800000000000002e-06	-1.690930968451853e-07
3.4e-06	-1.3923089222666095e-07
3.42e-06	-1.088192068850621e-07
3.44e-06	-7.79780618486546e-08
3.46e-06	-4.6829173026918225e-08
3.48e-06	-1.5495470853457843e-08
3.5e-06	1.589938486425301e-08
3.52e-06	4.7231492973642654e-08
3.54e-06	7.837719995828196e-08
3.5600000000000002e-06	1.0921358794182342e-07
3.58e-06	1.3961895978869986e-07
3.6000000000000003e-06	1.6947331938712568e-07
3.62e-06	1.986588452189253e-07
3.64e-06	2.2706035534723919e-07
3.66e-06	2.5456576198700727e-07
3.68e-06	2.8106651386424515e-07
3.7e-06	3.0645802461833827e-07
3.72e-06	3.3064008555661583e-07
3.74e-06	3.535172611322885e-07
3.76e-06	3.7499926558494474e-07
3.7800000000000002e-06	3.9500131925720653e-07
3.8e-06	4.134444831812968e-07
3.82e-06	4.3025597061508783e-07
3.8400000000000005e-06	4.45369434298117e-07
3.86e-06	4.5872522829391104e-07
3.88e-06	4.702706433852513e-07
3.9e-06	4.799601150933704e-07
3.92e-06	4.87755403500135e-07
3.94e-06	4.936257441635322e-07
3.96e-06	4.975479695308669e-07
3.98e-06	4.995066003705087e-07
4e-06	4.994939068613468e-07
4.0200000000000005e-06	4.975099390988627e-07
4.04e-06	4.935625268974264e-07
4.06e-06	4.876672488895958e-07
4.08e-06	4.798473710443719e-07
4.1e-06	4.701337548470467e-07
4.12e-06	4.585647355030216e-07
4.14e-06	4.45185970646267e-07
4.16e-06	4.300502601494948e-07
4.18e-06	4.132173377471878e-07
4.2000000000000004e-06	3.9475363529383606e-07
4.22e-06	3.747320205877624e-07
4.24e-06	3.532315097952038e-07
4.26e-06	3.303369556096101e-07
4.28e-06	3.0613871237682474e-07
4.3e-06	2.807322795077613e-07
4.32e-06	2.542179245858602e-07
4.34e-06	2.2670028765674095e-07
4.36e-06	1.9828796826175025e-07
4.38e-06	1.6909309684518535e-07
4.4e-06	1.39230892226661e-07
4.42e-06	1.0881920688506216e-07
4.44e-06	7.797806184865467e-08
4.4600000000000005e-06	4.682917302691742e-08
4.48e-06	1.549547085345791e-08
4.5e-06	-1.589938486425295e-08
4.52e-06	-4.723149297364261e-08
4.54e-06	-7.837719995828189e-08
4.56e-06	-1.0921358794182334e-07
4.58e-06	-1.396189597886998e-07
4.6e-06	-1.6947331938712563e-07
4.62e-06	-1.9865884521892525e-07
4.6400000000000005e-06	-2.2706035534723993e-07
4.66e-06	-2.545657619870072e-07
4.68e-06	-2.8106651386424584e-07
4.7e-06	-3.064580246183382e-07
4.72e-06	-3.306400855566151e-07
4.74e-06	-3.535172611322885e-07
4.76e-06	-3.749992655849453e-07
4.78e-06	-3.950013192572059e-07
4.8e-06	-4.134444831812962e-07
4.8200000000000004e-06	-4.3025597061508826e-07
4.84e-06	-4.4536943429811693e-07
4.86e-06	-4.587252282939107e-07
4.88e-06	-4.7027064338525096e-07
4.9000000000000005e-06	-4.799601150933706e-07
4.92e-06	-4.877554035001352e-07
4.94e-06	-4.93625744163532e-07
4.96e-06	-4.975479695308668e-07
4.98e-06	-4.995066003705086e-07
5e-06	-4.994939068613468e-07
5.02e-06	-4.975099390988628e-07
5.04e-06	-4.935625268974265e-07
5.06e-06	-4.87667248889596e-07
5.0800000000000005e-06	-4.798473710443715e-07
5.1e-06	-4.701337548470461e-07
5.12e-06	-4.585647355030216e-07
5.14e-06	-4.451859706462674e-07
5.16e-06	-4.300502601494953e-07
5.18e-06	-4.132173377471874e-07
5.2e-06	-3.9475363529383675e-07
5.22e-06	-3.747320205877625e-07
5.24e-06	-3.5323150979520386e-07
5.2600000000000005e-06	-3.3033695560960876e-07
5.28e-06	-3.061387123768248e-07
5.3e-06	-2.807322795077621e-07
5.32e-06	-2.542179245858611e-07
5.34e-06	-2.267002876567418e-07
5.36e-06	-1.982879682617495e-07
5.38e-06	-1.690930968451854e-07
5.4e-06	-1.3923089222666106e-07
5.42e-06	-1.0881920688506221e-07
5.4400000000000004e-06	-7.797806184865472e-08
5.46e-06	-4.6829173026918344e-08
5.48e-06	-1.5495470853458855e-08
5.5e-06	1.5899384864252e-08
5.5200000000000005e-06	4.7231492973643415e-08
5.54e-06	7.837719995828271e-08
5.56e-06	1.0921358794182329e-07
5.58e-06	1.3961895978869976e-07
5.6e-06	1.6947331938712557e-07
5.62e-06	1.986588452189252e-07
5.64e-06	2.2706035534723908e-07
5.66e-06	2.545657619870064e-07
5.68e-06	2.810665138642451e-07
5.7000000000000005e-06	3.064580246183389e-07
5.72e-06	3.306400855566164e-07
5.74e-06	3.5351726113228846e-07
5.76e-06	3.749992655849453e-07
5.78e-06	3.950013192572053e-07
5.8e-06	4.134444831812967e-07
5.82e-06	4.302559706150878e-07
5.84e-06	4.4536943429811646e-07
5.86e-06	4.587252282939107e-07
5.8800000000000005e-06	4.7027064338525154e-07
5.9e-06	4.799601150933706e-07
5.92e-06	4.877554035001348e-07
5.94e-06	4.936257441635318e-07
5.9600000000000005e-06	4.975479695308669e-07
5.98e-06	4.995066003705087e-07
6e-06	4.994939068613468e-07
6.02e-06	4.975099390988628e-07
6.04e-06	4.935625268974265e-07
6.0600000000000004e-06	4.876672488895957e-07
6.08e-06	4.798473710443719e-07
6.1e-06	4.701337548470467e-07
6.12e-06	4.5856473550302234e-07
6.1400000000000005e-06	4.451859706462666e-07
6.16e-06	4.300502601494945e-07
6.18e-06	4.132173377471874e-07
6.2e-06	3.9475363529383675e-07
6.22e-06	3.747320205877625e-07
6.24e-06	3.532315097952039e-07
6.26e-06	3.303369556096102e-07
6.28e-06	3.0613871237682484e-07
6.3e-06	2.807322795077621e-07
6.3200000000000005e-06	2.5421792458585955e-07
6.34e-06	2.2670028765674024e-07
6.36e-06	1.9828796826174956e-07
6.38e-06	1.6909309684518546e-07
6.4e-06	1.3923089222666114e-07
6.42e-06	1.0881920688506226e-07
6.44e-06	7.797806184865477e-08
6.46e-06	4.682917302691841e-08
6.48e-06	1.5495470853458915e-08
6.5000000000000004e-06	-1.5899384864253715e-08
6.52e-06	-4.723149297364336e-08
6.54e-06	-7.837719995828265e-08
6.56e-06	-1.0921358794182324e-07
6.5800000000000005e-06	-1.396189597886997e-07
6.6e-06	-1.6947331938712552e-07
6.62e-06	-1.9865884521892517e-07
6.64e-06	-2.2706035534723903e-07
6.66e-06	-2.5456576198700637e-07
6.68e-06	-2.8106651386424653e-07
6.7e-06	-3.0645802461833885e-07
6.72e-06	-3.3064008555661504e-07
6.74e-06	-3.5351726113228714e-07
6.7600000000000005e-06	-3.7499926558494517e-07
6.78e-06	-3.950013192572065e-07
6.8e-06	-4.1344448318129664e-07
6.82e-06	-4.302559706150878e-07
6.84e-06	-4.453694342981164e-07
6.86e-06	-4.5872522829391067e-07
6.88e-06	-4.702706433852509e-07
6.9e-06	-4.7996011509337e-07
6.92e-06	-4.877554035001348e-07
6.9400000000000005e-06	-4.936257441635322e-07
6.96e-06	-4.975479695308668e-07
6.98e-06	-4.995066003705087e-07
7e-06	-4.994939068613468e-07
7.0200000000000006e-06	-4.975099390988628e-07
7.04e-06	-4.935625268974265e-07
7.06e-06	-4.87667248889596e-07
7.08e-06	-4.798473710443719e-07
7.1e-06	-4.7013375484704677e-07
7.1200000000000004e-06	-4.5856473550302165e-07
7.14e-06	-4.451859706462667e-07
7.16e-06	-4.300502601494945e-07
7.18e-06	-4.132173377471875e-07
7.2000000000000005e-06	-3.947536352938368e-07
7.22e-06	-3.7473202058776256e-07
7.24e-06	-3.5323150979520397e-07
7.26e-06	-3.3033695560961024e-07
7.28e-06	-3.061387123768249e-07
7.3e-06	-2.8073227950776074e-07
7.32e-06	-2.5421792458585955e-07
7.34e-06	-2.267002876567403e-07
7.36e-06	-1.9828796826175126e-07
7.3800000000000005e-06	-1.690930968451855e-07
7.4e-06	-1.392308922266612e-07
7.42e-06	-1.0881920688506234e-07
7.44e-06	-7.797806184865482e-08
7.4600000000000006e-06	-4.68291730269167e-08
7.48e-06	-1.54954708534572e-08
7.5e-06	1.589938486425188e-08
7.52e-06	4.723149297364154e-08
7.54e-06	7.837719995828085e-08
7.5600000000000005e-06	1.0921358794182319e-07
7.58e-06	1.3961895978869963e-07
7.6e-06	1.6947331938712544e-07
7.62e-06	1.986588452189251e-07
7.64e-06	2.2706035534723897e-07
7.66e-06	2.545657619870063e-07
7.680000000000001e-06	2.810665138642465e-07
7.7e-06	3.064580246183388e-07
7.72e-06	3.306400855566163e-07
7.74e-06	3.5351726113228836e-07
7.76e-06	3.7499926558494517e-07
7.78e-06	3.950013192572064e-07
7.8e-06	4.1344448318129664e-07
7.82e-06	4.302559706150878e-07
7.84e-06	4.453694342981164e-07
7.860000000000001e-06	4.5872522829391136e-07
7.88e-06	4.7027064338525143e-07
7.9e-06	4.799601150933706e-07
7.92e-06	4.877554035001351e-07
7.94e-06	4.936257441635322e-07
7.96e-06	4.975479695308668e-07
7.98e-06	4.995066003705087e-07
8e-06	4.994939068613469e-07
8.02e-06	4.975099390988629e-07
8.040000000000001e-06	4.935625268974263e-07
8.06e-06	4.876672488895957e-07
8.08e-06	4.798473710443714e-07
8.1e-06	4.7013375484704613e-07
8.12e-06	4.5856473550302165e-07
8.14e-06	4.4518597064626753e-07
8.16e-06	4.300502601494954e-07
8.18e-06	4.132173377471885e-07
8.2e-06	3.947536352938379e-07
8.220000000000001e-06	3.7473202058776134e-07
8.24e-06	3.532315097952027e-07
8.26e-06	3.303369556096089e-07
8.28e-06	3.061387123768249e-07
8.3e-06	2.807322795077622e-07
8.32e-06	2.542179245858612e-07
8.34e-06	2.267002876567419e-07
8.36e-06	1.982879682617513e-07
8.38e-06	1.6909309684518726e-07
8.400000000000001e-06	1.3923089222665955e-07
8.42e-06	1.0881920688506239e-07
8.44e-06	7.797806184865489e-08
8.46e-06	4.682917302691854e-08
8.48e-06	1.549547085345904e-08
8.5e-06	-1.589938486425182e-08
8.52e-06	-4.7231492973641476e-08
8.54e-06	-7.837719995828078e-08
8.56e-06	-1.0921358794182139e-07
8.580000000000001e-06	-1.3961895978869957e-07
8.6e-06	-1.694733193871254e-07
8.62e-06	-1.9865884521892503e-07
8.64e-06	-2.2706035534723892e-07
8.66e-06	-2.5456576198700626e-07
8.68e-06	-2.810665138642449e-07
8.7e-06	-3.064580246183374e-07
8.72e-06	-3.30640085556615e-07
8.740000000000001e-06	-3.5351726113228836e-07
8.76e-06	-3.749992655849452e-07
8.78e-06	-3.950013192572064e-07
8.8e-06	-4.1344448318129653e-07
8.82e-06	-4.3025597061508773e-07
8.84e-06	-4.4536943429811635e-07
8.86e-06	-4.587252282939106e-07
8.88e-06	-4.7027064338525085e-07
8.9e-06	-4.7996011509337e-07
8.920000000000001e-06	-4.877554035001351e-07
8.94e-06	-4.936257441635322e-07
8.96e-06	-4.975479695308668e-07
8.98e-06	-4.995066003705087e-07
9e-06	-4.994939068613468e-07
9.02e-06	-4.975099390988628e-07
9.04e-06	-4.935625268974266e-07
9.06e-06	-4.87667248889596e-07
9.08e-06	-4.79847371044372e-07
9.100000000000001e-06	-4.701337548470462e-07
9.12e-06	-4.585647355030217e-07
9.14e-06	-4.4518597064626673e-07
9.16e-06	-4.3005026014949455e-07
9.18e-06	-4.1321733774718753e-07
9.2e-06	-3.9475363529383686e-07
9.22e-06	-3.747320205877626e-07
9.24e-06	-3.53231509795204e-07
9.26e-06	-3.3033695560961035e-07
9.280000000000001e-06	-3.061387123768236e-07
9.3e-06	-2.8073227950776084e-07
9.32e-06	-2.5421792458585965e-07
9.34e-06	-2.267002876567404e-07
9.36e-06	-1.9828796826174972e-07
9.38e-06	-1.6909309684518564e-07
9.4e-06	-1.392308922266613e-07
9.42e-06	-1.0881920688506415e-07
9.44e-06	-7.797806184865672e-08
9.460000000000001e-06	-4.6829173026916835e-08
9.48e-06	-1.5495470853457327e-08
9.5e-06	1.5899384864253533e-08
9.52e-06	4.7231492973643176e-08
9.54e-06	7.837719995828247e-08
9.56e-06	1.0921358794182133e-07
9.58e-06	1.396189597886978e-07
9.6e-06	1.6947331938712361e-07
9.62e-06	1.9865884521892331e-07
9.640000000000001e-06	2.2706035534724046e-07
9.66e-06	2.545657619870078e-07
9.68e-06	2.8106651386424637e-07
9.7e-06	3.0645802461833737e-07
9.72e-06	3.3064008555661493e-07
9.74e-06	3.5351726113228703e-07
9.76e-06	3.749992655849439e-07
9.78e-06	3.950013192572052e-07
9.800000000000001e-06	4.1344448318129754e-07
9.820000000000001e-06	4.302559706150886e-07
9.84e-06	4.453694342981172e-07
9.86e-06	4.587252282939106e-07
9.88e-06	4.7027064338525085e-07
9.9e-06	4.7996011509337e-07
9.92e-06	4.877554035001346e-07
9.94e-06	4.936257441635318e-07
9.96e-06	4.975479695308666e-07
9.980000000000001e-06	4.995066003705087e-07
1e-05	4.994939068613468e-07
1.002e-05	4.975099390988628e-07
1.004e-05	4.935625268974266e-07
1.006e-05	4.876672488895961e-07
1.008e-05	4.79847371044372e-07
1.01e-05	4.701337548470468e-07
1.012e-05	4.5856473550302245e-07
1.014e-05	4.451859706462676e-07
1.0160000000000001e-05	4.3005026014949455e-07
1.018e-05	4.1321733774718753e-07
1.02e-05	3.9475363529383574e-07
1.022e-05	3.7473202058776266e-07
1.024e-05	3.532315097952028e-07
1.026e-05	3.303369556096104e-07
1.028e-05	3.061387123768265e-07
1.03e-05	2.807322795077623e-07
1.032e-05	2.5421792458586283e-07
1.0340000000000001e-05	2.2670028765673892e-07
1.036e-05	1.9828796826174978e-07
1.038e-05	1.69093096845184e-07
1.04e-05	1.3923089222666135e-07
1.042e-05	1.0881920688506426e-07
1.044e-05	7.797806184865501e-08
1.046e-05	4.682917302692042e-08
1.048e-05	1.5495470853459163e-08
1.05e-05	-1.589938486424992e-08
1.0520000000000001e-05	-4.7231492973644884e-08
1.054e-05	-7.837719995828242e-08
1.056e-05	-1.0921358794182128e-07
1.058e-05	-1.3961895978869947e-07
1.06e-05	-1.6947331938712361e-07
1.062e-05	-1.9865884521892493e-07
1.064e-05	-2.270603553472372e-07
1.066e-05	-2.545657619870061e-07
1.068e-05	-2.810665138642433e-07
1.0700000000000001e-05	-3.064580246183372e-07
1.072e-05	-3.3064008555661615e-07
1.074e-05	-3.53517261132287e-07
1.076e-05	-3.7499926558494506e-07
1.078e-05	-3.9500131925720515e-07
1.08e-05	-4.134444831812965e-07
1.082e-05	-4.302559706150867e-07
1.084e-05	-4.453694342981163e-07
1.0860000000000001e-05	-4.587252282939113e-07
1.0880000000000001e-05	-4.7027064338525085e-07
1.09e-05	-4.799601150933705e-07
1.092e-05	-4.877554035001346e-07
1.094e-05	-4.936257441635321e-07
1.096e-05	-4.975479695308666e-07
1.098e-05	-4.995066003705086e-07
1.1e-05	-4.994939068613469e-07
1.102e-05	-4.975099390988628e-07
1.1040000000000001e-05	-4.935625268974264e-07
1.106e-05	-4.876672488895961e-07
1.108e-05	-4.798473710443714e-07
1.11e-05	-4.701337548470468e-07
1.112e-05	-4.585647355030217e-07
1.114e-05	-4.451859706462676e-07
1.116e-05	-4.300502601494946e-07
1.118e-05	-4.132173377471886e-07
1.12e-05	-3.947536352938369e-07
1.1220000000000001e-05	-3.747320205877615e-07
1.124e-05	-3.532315097952041e-07
1.126e-05	-3.303369556096091e-07
1.128e-05	-3.0613871237682516e-07
1.13e-05	-2.8073227950776095e-07
1.132e-05	-2.542179245858614e-07
1.134e-05	-2.2670028765674053e-07
1.136e-05	-1.9828796826175144e-07
1.138e-05	-1.6909309684518575e-07
1.1400000000000001e-05	-1.392308922266597e-07
1.142e-05	-1.0881920688506255e-07
1.144e-05	-7.797806184865332e-08
1.146e-05	-4.6829173026918715e-08
1.148e-05	-1.549547085345744e-08
1.15e-05	1.5899384864251634e-08
1.152e-05	4.723149297364306e-08
1.154e-05	7.837719995828061e-08
1.156e-05	1.0921358794181948e-07
1.1580000000000001e-05	1.3961895978870113e-07
1.16e-05	1.6947331938712523e-07
1.162e-05	1.9865884521892654e-07
1.164e-05	2.2706035534723876e-07
1.166e-05	2.5456576198700764e-07
1.168e-05	2.8106651386424473e-07
1.17e-05	3.064580246183358e-07
1.172e-05	3.3064008555661483e-07
1.174e-05	3.5351726113228566e-07
1.1760000000000001e-05	3.749992655849462e-07
1.178e-05	3.950013192572063e-07
1.18e-05	4.134444831812975e-07
1.182e-05	4.302559706150876e-07
1.184e-05	4.4536943429811545e-07
1.186e-05	4.5872522829391057e-07
1.188e-05	4.702706433852502e-07
1.19e-05	4.799601150933699e-07
1.1920000000000001e-05	4.877554035001351e-07
1.1940000000000001e-05	4.936257441635323e-07
1.196e-05	4.975479695308668e-07
1.198e-05	4.995066003705085e-07
1.2e-05	4.994939068613468e-07
1.202e-05	4.975099390988629e-07
1.204e-05	4.935625268974267e-07
1.206e-05	4.876672488895966e-07
1.208e-05	4.79847371044372e-07
1.2100000000000001e-05	4.701337548470462e-07
1.2120000000000001e-05	4.585647355030211e-07
1.214e-05	4.451859706462668e-07
1.216e-05	4.300502601494955e-07
1.218e-05	4.132173377471876e-07
1.22e-05	3.94753635293838e-07
1.222e-05	3.747320205877627e-07
1.224e-05	3.532315097952054e-07
1.226e-05	3.3033695560961046e-07
1.2280000000000001e-05	3.0613871237682384e-07
1.23e-05	2.8073227950776243e-07
1.232e-05	2.542179245858598e-07
1.234e-05	2.267002876567422e-07
1.236e-05	1.9828796826174988e-07
1.238e-05	1.6909309684518747e-07
1.24e-05	1.3923089222666148e-07
1.242e-05	1.0881920688506439e-07
1.244e-05	7.797806184865513e-08
1.2460000000000001e-05	4.682917302691702e-08
1.248e-05	1.5495470853459282e-08
1.25e-05	-1.5899384864253348e-08
1.252e-05	-4.723149297364123e-08
1.254e-05	-7.837719995828229e-08
1.256e-05	-1.0921358794182115e-07
1.258e-05	-1.396189597886993e-07
1.26e-05	-1.6947331938712346e-07
1.262e-05	-1.986588452189248e-07
1.2640000000000001e-05	-2.2706035534724027e-07
1.266e-05	-2.5456576198700605e-07
1.268e-05	-2.810665138642462e-07
1.27e-05	-3.0645802461833716e-07
1.272e-05	-3.306400855566161e-07
1.274e-05	-3.5351726113228693e-07
1.276e-05	-3.7499926558494496e-07
1.278e-05	-3.950013192572051e-07
1.28e-05	-4.1344448318129643e-07
1.2820000000000001e-05	-4.3025597061508847e-07
1.284e-05	-4.453694342981163e-07
1.286e-05	-4.587252282939112e-07
1.288e-05	-4.7027064338525075e-07
1.29e-05	-4.799601150933705e-07
1.292e-05	-4.877554035001346e-07
1.294e-05	-4.936257441635321e-07
1.296e-05	-4.975479695308666e-07
1.2980000000000001e-05	-4.995066003705086e-07
1.3000000000000001e-05	-4.994939068613468e-07
1.302e-05	-4.975099390988628e-07
1.304e-05	-4.935625268974264e-07
1.306e-05	-4.876672488895961e-07
1.308e-05	-4.798473710443714e-07
1.31e-05	-4.7013375484704687e-07
1.312e-05	-4.585647355030218e-07
1.314e-05	-4.4518597064626763e-07
1.3160000000000001e-05	-4.3005026014949465e-07
1.3180000000000001e-05	-4.132173377471866e-07
1.32e-05	-3.9475363529383696e-07
1.322e-05	-3.7473202058776155e-07
1.324e-05	-3.532315097952042e-07
1.326e-05	-3.3033695560960913e-07
1.328e-05	-3.0613871237682526e-07
1.33e-05	-2.80732279507764e-07
1.332e-05	-2.5421792458586145e-07
1.3340000000000001e-05	-2.2670028765674064e-07
1.336e-05	-1.9828796826174832e-07
1.338e-05	-1.6909309684518585e-07
1.34e-05	-1.3923089222665984e-07
1.342e-05	-1.0881920688506271e-07
1.344e-05	-7.797806184865697e-08
1.346e-05	-4.682917302691885e-08
1.348e-05	-1.549547085346112e-08
1.35e-05	1.589938486425151e-08
1.3520000000000001e-05	4.723149297364293e-08
1.354e-05	7.837719995828398e-08
1.356e-05	1.0921358794182281e-07
1.358e-05	1.396189597886976e-07
1.36e-05	1.694733193871251e-07
1.362e-05	1.986588452189231e-07
1.364e-05	2.2706035534723866e-07
1.366e-05	2.5456576198700446e-07
1.368e-05	2.810665138642446e-07
1.3700000000000001e-05	3.064580246183385e-07
1.372e-05	3.306400855566147e-07
1.374e-05	3.5351726113228815e-07
1.376e-05	3.749992655849438e-07
1.378e-05	3.9500131925720616e-07
1.38e-05	4.134444831812954e-07
1.382e-05	4.3025597061508757e-07
1.384e-05	4.4536943429811545e-07
1.3860000000000001e-05	4.587252282939105e-07
1.3880000000000001e-05	4.7027064338525133e-07
1.39e-05	4.799601150933699e-07
1.392e-05	4.877554035001351e-07
1.394e-05	4.936257441635319e-07
1.396e-05	4.975479695308668e-07
1.398e-05	4.995066003705085e-07
1.4e-05	4.994939068613468e-07
1.402e-05	4.975099390988629e-07
1.4040000000000001e-05	4.935625268974267e-07
1.4060000000000001e-05	4.876672488895957e-07
1.408e-05	4.79847371044372e-07
1.41e-05	4.7013375484704624e-07
1.412e-05	4.5856473550302255e-07
1.414e-05	4.4518597064626684e-07
1.416e-05	4.3005026014949555e-07
1.418e-05	4.1321733774718763e-07
1.42e-05	3.9475363529383813e-07
1.4220000000000001e-05	3.747320205877628e-07
1.4240000000000001e-05	3.532315097952029e-07
1.426e-05	3.3033695560961056e-07
1.428e-05	3.061387123768239e-07
1.43e-05	2.8073227950776254e-07
1.432e-05	2.542179245858599e-07
1.434e-05	2.2670028765674225e-07
1.436e-05	1.9828796826175e-07
1.438e-05	1.690930968451876e-07
1.4400000000000001e-05	1.3923089222666159e-07
1.4420000000000001e-05	1.08819206885061e-07
1.444e-05	7.797806184865526e-08
1.446e-05	4.682917302691714e-08
1.448e-05	1.5495470853459408e-08
1.45e-05	-1.5899384864253225e-08
1.452e-05	-4.723149297364111e-08
1.454e-05	-7.837719995828217e-08
1.456e-05	-1.0921358794182103e-07
1.4580000000000001e-05	-1.3961895978869923e-07
1.46e-05	-1.6947331938712668e-07
1.462e-05	-1.9865884521892472e-07
1.464e-05	-2.2706035534724016e-07
1.466e-05	-2.5456576198700595e-07
1.468e-05	-2.8106651386424605e-07
1.47e-05	-3.0645802461833705e-07
1.472e-05	-3.3064008555661335e-07
1.474e-05	-3.535172611322868e-07
1.4760000000000001e-05	-3.7499926558494485e-07
1.478e-05	-3.950013192572072e-07
1.48e-05	-4.134444831812963e-07
1.482e-05	-4.3025597061508836e-07
1.484e-05	-4.4536943429811625e-07
1.486e-05	-4.5872522829390977e-07
1.488e-05	-4.7027064338525075e-07
1.49e-05	-4.799601150933694e-07
1.4920000000000001e-05	-4.877554035001353e-07
1.4940000000000001e-05	-4.93625744163532e-07
1.496e-05	-4.975479695308669e-07
1.498e-05	-4.995066003705086e-07
1.5e-05	-4.994939068613469e-07
1.502e-05	-4.975099390988628e-07
1.504e-05	-4.935625268974269e-07
1.506e-05	-4.876672488895962e-07
1.508e-05	-4.798473710443725e-07
1.5100000000000001e-05	-4.701337548470457e-07
1.5120000000000001e-05	-4.5856473550302187e-07
1.514e-05	-4.451859706462677e-07
1.516e-05	-4.300502601494947e-07
1.518e-05	-4.1321733774718875e-07
1.52e-05	-3.9475363529383707e-07
1.522e-05	-3.7473202058776404e-07
1.524e-05	-3.532315097952043e-07
1.526e-05	-3.3033695560961194e-07
1.528e-05	-3.061387123768253e-07
1.53e-05	-2.8073227950776407e-07
1.532e-05	-2.5421792458586156e-07
1.534e-05	-2.2670028765674392e-07
1.5360000000000002e-05	-1.9828796826174843e-07
1.5380000000000002e-05	-1.6909309684518263e-07
1.54e-05	-1.3923089222665994e-07
1.542e-05	-1.0881920688506282e-07
1.544e-05	-7.797806184865355e-08
1.546e-05	-4.682917302691895e-08
1.548e-05	-1.549547085345769e-08
1.55e-05	1.589938486425139e-08
1.552e-05	4.723149297364281e-08
1.554e-05	7.837719995828036e-08
1.556e-05	1.092135879418227e-07
1.558e-05	1.3961895978869748e-07
1.56e-05	1.69473319387125e-07
1.562e-05	1.98658845218923e-07
1.564e-05	2.2706035534723855e-07
1.566e-05	2.5456576198700436e-07
1.568e-05	2.810665138642445e-07
1.57e-05	3.064580246183356e-07
1.5720000000000002e-05	3.3064008555661726e-07
1.5740000000000002e-05	3.5351726113228804e-07
1.576e-05	3.74999265584946e-07
1.578e-05	3.9500131925720605e-07
1.58e-05	4.134444831812974e-07
1.582e-05	4.302559706150874e-07
1.584e-05	4.4536943429811704e-07
1.586e-05	4.5872522829391046e-07
1.588e-05	4.702706433852513e-07
1.59e-05	4.799601150933699e-07
1.592e-05	4.87755403500135e-07
1.594e-05	4.936257441635318e-07
1.596e-05	4.975479695308668e-07
1.598e-05	4.995066003705085e-07
1.6e-05	4.994939068613469e-07
1.602e-05	4.975099390988629e-07
1.604e-05	4.935625268974272e-07
1.606e-05	4.876672488895966e-07
1.6080000000000002e-05	4.798473710443711e-07
1.6100000000000002e-05	4.7013375484704634e-07
1.612e-05	4.585647355030212e-07
1.614e-05	4.451859706462669e-07
1.616e-05	4.300502601494938e-07
1.618e-05	4.1321733774718774e-07
1.62e-05	3.94753635293836e-07
1.622e-05	3.7473202058776293e-07
1.624e-05	3.53231509795203e-07
1.626e-05	3.303369556096106e-07
1.628e-05	3.061387123768268e-07
1.63e-05	2.807322795077626e-07
1.632e-05	2.542179245858631e-07
1.634e-05	2.2670028765674236e-07
1.636e-05	1.9828796826175335e-07
1.638e-05	1.690930968451877e-07
1.64e-05	1.392308922266651e-07
1.6420000000000002e-05	1.0881920688506111e-07
1.6440000000000002e-05	7.797806184865186e-08
1.646e-05	4.682917302691726e-08
1.648e-05	1.5495470853455977e-08
1.65e-05	-1.5899384864253103e-08
1.652e-05	-4.723149297364451e-08
1.654e-05	-7.837719995828205e-08
1.656e-05	-1.0921358794182092e-07
1.658e-05	-1.3961895978869912e-07
1.66e-05	-1.6947331938712327e-07
1.662e-05	-1.986588452189246e-07
1.664e-05	-2.270603553472369e-07
1.666e-05	-2.5456576198700584e-07
1.668e-05	-2.8106651386424303e-07
1.67e-05	-3.0645802461833695e-07
1.672e-05	-3.306400855566132e-07
1.674e-05	-3.5351726113228677e-07
1.676e-05	-3.749992655849425e-07
1.6780000000000002e-05	-3.950013192572071e-07
1.6800000000000002e-05	-4.1344448318129833e-07
1.682e-05	-4.302559706150883e-07
1.684e-05	-4.453694342981162e-07
1.686e-05	-4.587252282939111e-07
1.688e-05	-4.702706433852507e-07
1.69e-05	-4.799601150933704e-07
1.692e-05	-4.877554035001345e-07
1.694e-05	-4.93625744163532e-07
1.696e-05	-4.975479695308667e-07
1.698e-05	-4.995066003705086e-07
1.7e-05	-4.994939068613469e-07
1.702e-05	-4.975099390988628e-07
1.704e-05	-4.935625268974269e-07
1.706e-05	-4.876672488895962e-07
1.708e-05	-4.798473710443725e-07
1.71e-05	-4.70133754847047e-07
1.712e-05	-4.585647355030233e-07
1.7140000000000002e-05	-4.4518597064626615e-07
1.7160000000000002e-05	-4.3005026014949476e-07
1.718e-05	-4.132173377471868e-07
1.72e-05	-3.947536352938372e-07
1.722e-05	-3.747320205877618e-07
1.724e-05	-3.532315097952044e-07
1.726e-05	-3.303369556096093e-07
1.728e-05	-3.061387123768254e-07
1.73e-05	-2.807322795077612e-07
1.732e-05	-2.5421792458586166e-07
1.734e-05	-2.2670028765674085e-07
1.736e-05	-1.9828796826175181e-07
1.738e-05	-1.6909309684518612e-07
1.74e-05	-1.392308922266635e-07
1.742e-05	-1.0881920688506639e-07
1.744e-05	-7.797806184865718e-08
1.746e-05	-4.682917302692262e-08
1.7480000000000002e-05	-1.549547085345781e-08
1.7500000000000002e-05	1.5899384864254817e-08
1.752e-05	4.723149297364269e-08
1.754e-05	7.837719995828375e-08
1.756e-05	1.0921358794182258e-07
1.758e-05	1.3961895978870074e-07
1.76e-05	1.6947331938712486e-07
1.762e-05	1.9865884521892617e-07
1.764e-05	2.2706035534723842e-07
1.766e-05	2.545657619870073e-07
1.768e-05	2.8106651386424446e-07
1.77e-05	3.0645802461833557e-07
1.772e-05	3.3064008555661456e-07
1.774e-05	3.5351726113228545e-07
1.776e-05	3.7499926558494363e-07
1.778e-05	3.9500131925720383e-07
1.78e-05	4.1344448318129526e-07
1.782e-05	4.302559706150856e-07
1.7840000000000002e-05	4.45369434298117e-07
1.7860000000000002e-05	4.587252282939118e-07
1.788e-05	4.702706433852513e-07
1.79e-05	4.799601150933709e-07
1.792e-05	4.87755403500135e-07
1.794e-05	4.936257441635324e-07
1.796e-05	4.975479695308668e-07
1.798e-05	4.995066003705085e-07
1.8e-05	4.994939068613468e-07
1.802e-05	4.975099390988629e-07
1.804e-05	4.935625268974267e-07
1.806e-05	4.876672488895966e-07
1.808e-05	4.798473710443721e-07
1.81e-05	4.7013375484704756e-07
1.812e-05	4.5856473550302266e-07
1.814e-05	4.451859706462686e-07
1.816e-05	4.300502601494957e-07
1.818e-05	4.1321733774718986e-07
1.8200000000000002e-05	3.9475363529383606e-07
1.8220000000000002e-05	3.7473202058776065e-07
1.824e-05	3.532315097952031e-07
1.826e-05	3.303369556096107e-07
1.828e-05	3.0613871237682405e-07
1.83e-05	2.807322795077627e-07
1.832e-05	2.542179245858602e-07
1.834e-05	2.2670028765674246e-07
1.836e-05	1.982879682617502e-07
1.838e-05	1.6909309684518781e-07
1.84e-05	1.3923089222666182e-07
1.842e-05	1.0881920688506471e-07
1.844e-05	7.797806184865551e-08
1.846e-05	4.6829173026920925e-08
1.848e-05	1.5495470853459653e-08
1.85e-05	-1.589938486424943e-08
1.852e-05	-4.7231492973640874e-08
1.8540000000000002e-05	-7.837719995828192e-08
1.8560000000000002e-05	-1.0921358794182424e-07
1.858e-05	-1.3961895978869896e-07
1.86e-05	-1.6947331938712645e-07
1.862e-05	-1.9865884521892448e-07
1.864e-05	-2.2706035534723995e-07
1.866e-05	-2.5456576198700574e-07
1.868e-05	-2.810665138642459e-07
1.87e-05	-3.064580246183369e-07
1.872e-05	-3.3064008555661583e-07
1.874e-05	-3.5351726113228666e-07
1.876e-05	-3.7499926558494474e-07
1.878e-05	-3.950013192572049e-07
1.88e-05	-4.1344448318129627e-07
1.882e-05	-4.3025597061508646e-07
1.884e-05	-4.453694342981145e-07
1.886e-05	-4.5872522829390967e-07
1.888e-05	-4.702706433852495e-07
1.8900000000000002e-05	-4.799601150933704e-07
1.8920000000000002e-05	-4.877554035001353e-07
1.894e-05	-4.93625744163532e-07
1.896e-05	-4.97547969530867e-07
1.898e-05	-4.995066003705086e-07
1.9e-05	-4.994939068613468e-07
1.902e-05	-4.975099390988629e-07
1.904e-05	-4.935625268974264e-07
1.906e-05	-4.876672488895962e-07
1.908e-05	-4.798473710443715e-07
1.91e-05	-4.7013375484704703e-07
1.912e-05	-4.5856473550302335e-07
1.914e-05	-4.451859706462678e-07
1.916e-05	-4.300502601494966e-07
1.918e-05	-4.1321733774718885e-07
1.92e-05	-3.947536352938394e-07
1.922e-05	-3.747320205877642e-07
1.924e-05	-3.53231509795207e-07
1.9260000000000002e-05	-3.303369556096094e-07
1.9280000000000002e-05	-3.061387123768227e-07
1.93e-05	-2.807322795077614e-07
1.932e-05	-2.542179245858587e-07
1.934e-05	-2.26700287656741e-07
1.936e-05	-1.9828796826174864e-07
1.938e-05	-1.690930968451862e-07
1.94e-05	-1.392308922266636e-07
1.942e-05	-1.0881920688506306e-07
1.944e-05	-7.797806184865731e-08
1.946e-05	-4.682917302691919e-08
1.948e-05	-1.549547085346149e-08
1.95e-05	1.5899384864251144e-08
1.952e-05	4.723149297363905e-08
1.954e-05	7.83771999582801e-08
1.956e-05	1.09213587941819e-07
1.958e-05	1.3961895978869724e-07
1.9600000000000002e-05	1.694733193871281e-07
1.9620000000000002e-05	1.9865884521892607e-07
1.9640000000000002e-05	2.270603553472415e-07
1.966e-05	2.545657619870072e-07
1.968e-05	2.8106651386424727e-07
1.97e-05	3.0645802461833817e-07
1.972e-05	3.3064008555661446e-07
1.974e-05	3.5351726113228783e-07
1.976e-05	3.749992655849436e-07
1.978e-05	3.950013192572059e-07
1.98e-05	4.134444831812952e-07
1.982e-05	4.3025597061508725e-07
1.984e-05	4.453694342981153e-07
1.986e-05	4.5872522829391035e-07
1.988e-05	4.7027064338525006e-07
1.99e-05	4.799601150933698e-07
1.992e-05	4.877554035001341e-07
1.994e-05	4.936257441635318e-07
1.9960000000000002e-05	4.975479695308671e-07
1.9980000000000002e-05	4.995066003705086e-07
2e-05	4.994939068613468e-07
2.002e-05	4.975099390988627e-07
2.004e-05	4.935625268974267e-07
2.006e-05	4.876672488895959e-07
2.008e-05	4.798473710443721e-07
2.01e-05	4.701337548470464e-07
2.012e-05	4.585647355030227e-07
2.014e-05	4.4518597064626705e-07
2.016e-05	4.3005026014949576e-07
2.018e-05	4.1321733774718785e-07
2.02e-05	3.9475363529383834e-07
2.022e-05	3.7473202058776303e-07
2.024e-05	3.532315097952058e-07
2.026e-05	3.303369556096135e-07
2.028e-05	3.06138712376827e-07
2.03e-05	2.807322795077658e-07
2.0320000000000002e-05	2.542179245858603e-07
2.0340000000000002e-05	2.2670028765673945e-07
2.036e-05	1.9828796826175033e-07
2.038e-05	1.690930968451846e-07
2.04e-05	1.3923089222665852e-07
2.042e-05	1.0881920688506483e-07
2.044e-05	7.79780618486556e-08
2.046e-05	4.68291730269175e-08
2.048e-05	1.549547085345622e-08
2.05e-05	-1.589938486424931e-08
2.052e-05	-4.723149297364074e-08
2.054e-05	-7.837719995828181e-08
2.056e-05	-1.092135879418172e-07
2.058e-05	-1.3961895978869547e-07
2.06e-05	-1.6947331938712303e-07
2.062e-05	-1.986588452189244e-07
2.064e-05	-2.2706035534723355e-07
2.0660000000000002e-05	-2.5456576198700865e-07
2.0680000000000002e-05	-2.810665138642487e-07
2.0700000000000002e-05	-3.0645802461833674e-07
2.072e-05	-3.3064008555661573e-07
2.074e-05	-3.535172611322891e-07
2.076e-05	-3.7499926558494697e-07
2.078e-05	-3.9500131925720483e-07
2.08e-05	-4.1344448318129616e-07
2.082e-05	-4.302559706150882e-07
2.084e-05	-4.4536943429811445e-07
2.086e-05	-4.587252282939096e-07
2.088e-05	-4.7027064338525064e-07
2.09e-05	-4.799601150933703e-07
2.092e-05	-4.877554035001337e-07
2.094e-05	-4.936257441635315e-07
2.096e-05	-4.975479695308666e-07
2.098e-05	-4.995066003705086e-07
2.1e-05	-4.99493906861347e-07
2.1020000000000002e-05	-4.975099390988626e-07
2.1040000000000002e-05	-4.935625268974258e-07
2.106e-05	-4.876672488895963e-07
2.108e-05	-4.798473710443715e-07
2.11e-05	-4.7013375484704587e-07
2.112e-05	-4.585647355030234e-07
2.114e-05	-4.4518597064626785e-07
2.116e-05	-4.300502601494949e-07
2.118e-05	-4.1321733774718695e-07
2.12e-05	-3.9475363529383945e-07
2.122e-05	-3.7473202058776425e-07
2.124e-05	-3.532315097952045e-07
2.126e-05	-3.3033695560960945e-07
2.128e-05	-3.0613871237682844e-07
2.13e-05	-2.807322795077644e-07
2.132e-05	-2.542179245858619e-07
2.134e-05	-2.2670028765674111e-07
2.136e-05	-1.9828796826175525e-07
2.1380000000000002e-05	-1.69093096845183e-07
2.1400000000000002e-05	-1.392308922266637e-07
2.142e-05	-1.0881920688506316e-07
2.144e-05	-7.797806184865395e-08
2.146e-05	-4.6829173026915796e-08
2.148e-05	-1.5495470853461608e-08
2.15e-05	1.5899384864251022e-08
2.152e-05	4.7231492973642455e-08
2.154e-05	7.837719995828351e-08
2.156e-05	1.0921358794181887e-07
2.158e-05	1.3961895978869714e-07
2.16e-05	1.6947331938712467e-07
2.162e-05	1.9865884521892593e-07
2.164e-05	2.2706035534723506e-07
2.166e-05	2.5456576198700404e-07
2.168e-05	2.8106651386424425e-07
2.17e-05	3.064580246183325e-07
2.1720000000000002e-05	3.30640085556617e-07
2.1740000000000002e-05	3.535172611322903e-07
2.1760000000000002e-05	3.749992655849435e-07
2.178e-05	3.9500131925720584e-07
2.18e-05	4.134444831812972e-07
2.182e-05	4.302559706150891e-07
2.184e-05	4.4536943429811524e-07
2.186e-05	4.587252282939103e-07
2.188e-05	4.702706433852512e-07
2.19e-05	4.799601150933708e-07
2.192e-05	4.877554035001341e-07
2.194e-05	4.936257441635318e-07
2.196e-05	4.975479695308667e-07
2.198e-05	4.995066003705085e-07
2.2e-05	4.994939068613469e-07
2.202e-05	4.97509939098863e-07
2.204e-05	4.935625268974267e-07
2.206e-05	4.876672488895974e-07
2.2080000000000002e-05	4.798473710443712e-07
2.2100000000000002e-05	4.701337548470453e-07
2.212e-05	4.5856473550302277e-07
2.214e-05	4.451859706462671e-07
2.216e-05	4.30050260149494e-07
2.218e-05	4.1321733774718594e-07
2.22e-05	3.9475363529383844e-07
2.222e-05	3.747320205877631e-07
2.224e-05	3.5323150979520333e-07
2.226e-05	3.303369556096136e-07
2.228e-05	3.0613871237682706e-07
2.23e-05	2.80732279507763e-07
2.232e-05	2.542179245858604e-07
2.234e-05	2.2670028765674585e-07
2.236e-05	1.9828796826175372e-07
2.238e-05	1.6909309684518803e-07
2.24e-05	1.392308922266621e-07
2.242e-05	1.0881920688506845e-07
2.2440000000000002e-05	7.797806184865223e-08
2.2460000000000002e-05	4.682917302691408e-08
2.248e-05	1.5495470853459897e-08
2.25e-05	-1.5899384864252736e-08
2.252e-05	-4.7231492973644156e-08
2.254e-05	-7.837719995827817e-08
2.256e-05	-1.0921358794182056e-07
2.258e-05	-1.3961895978869878e-07
2.26e-05	-1.6947331938712623e-07
2.262e-05	-1.9865884521892098e-07
2.264e-05	-2.2706035534723656e-07
2.266e-05	-2.545657619870055e-07
2.268e-05	-2.810665138642457e-07
2.27e-05	-3.064580246183338e-07
2.272e-05	-3.30640085556613e-07
2.274e-05	-3.535172611322865e-07
2.276e-05	-3.749992655849446e-07
2.2780000000000002e-05	-3.950013192572069e-07
2.2800000000000002e-05	-4.134444831812982e-07
2.2820000000000002e-05	-4.3025597061508635e-07
2.284e-05	-4.4536943429811603e-07
2.286e-05	-4.58725228293911e-07
2.288e-05	-4.702706433852518e-07
2.29e-05	-4.799601150933693e-07
2.292e-05	-4.877554035001344e-07
2.294e-05	-4.93625744163532e-07
2.296e-05	-4.975479695308669e-07
2.298e-05	-4.995066003705085e-07
2.3e-05	-4.994939068613469e-07
2.302e-05	-4.975099390988629e-07
2.304e-05	-4.935625268974265e-07
2.306e-05	-4.876672488895971e-07
2.308e-05	-4.798473710443726e-07
2.31e-05	-4.701337548470471e-07
2.312e-05	-4.585647355030249e-07
2.3140000000000002e-05	-4.451859706462663e-07
2.3160000000000002e-05	-4.300502601494931e-07
2.318e-05	-4.1321733774718896e-07
2.32e-05	-3.947536352938374e-07
2.322e-05	-3.747320205877621e-07
2.324e-05	-3.5323150979520217e-07
2.326e-05	-3.3033695560961226e-07
2.328e-05	-3.061387123768257e-07
2.33e-05	-2.807322795077616e-07
2.332e-05	-2.5421792458585896e-07
2.334e-05	-2.2670028765674434e-07
2.336e-05	-1.9828796826175213e-07
2.338e-05	-1.6909309684518644e-07
2.34e-05	-1.3923089222666722e-07
2.342e-05	-1.0881920688506676e-07
2.344e-05	-7.797806184865755e-08
2.346e-05	-4.682917302691946e-08
2.348e-05	-1.5495470853465274e-08
2.3500000000000002e-05	1.589938486425445e-08
2.3520000000000002e-05	4.723149297364586e-08
2.354e-05	7.837719995827987e-08
2.356e-05	1.0921358794182222e-07
2.358e-05	1.396189597887004e-07
2.36e-05	1.6947331938712788e-07
2.362e-05	1.9865884521892257e-07
2.364e-05	2.2706035534723807e-07
2.366e-05	2.54565761987007e-07
2.368e-05	2.810665138642413e-07
2.37e-05	3.064580246183352e-07
2.372e-05	3.306400855566143e-07
2.374e-05	3.5351726113228767e-07
2.376e-05	3.74999265584941e-07
2.378e-05	3.9500131925720367e-07
2.38e-05	4.134444831812951e-07
2.382e-05	4.3025597061508714e-07
2.3840000000000002e-05	4.4536943429811683e-07
2.3860000000000002e-05	4.5872522829391173e-07
2.3880000000000002e-05	4.7027064338525233e-07
2.39e-05	4.799601150933697e-07
2.392e-05	4.877554035001349e-07
2.394e-05	4.936257441635323e-07
2.396e-05	4.975479695308664e-07
2.398e-05	4.995066003705086e-07
2.4e-05	4.994939068613468e-07
2.402e-05	4.975099390988627e-07
2.404e-05	4.935625268974273e-07
2.406e-05	4.876672488895967e-07
2.408e-05	4.798473710443722e-07
2.41e-05	4.701337548470465e-07
2.412e-05	4.5856473550302425e-07
2.414e-05	4.4518597064626875e-07
2.416e-05	4.300502601494959e-07
2.418e-05	4.1321733774718795e-07
2.4200000000000002e-05	3.947536352938363e-07
2.4220000000000002e-05	3.7473202058776086e-07
2.4240000000000002e-05	3.532315097952009e-07
2.426e-05	3.30336955609611e-07
2.428e-05	3.0613871237682436e-07
2.43e-05	2.8073227950776016e-07
2.432e-05	2.542179245858636e-07
2.434e-05	2.2670028765674278e-07
2.436e-05	1.9828796826175057e-07
2.438e-05	1.6909309684518482e-07
2.44e-05	1.3923089222666558e-07
2.442e-05	1.0881920688506509e-07
2.444e-05	7.797806184865586e-08
2.446e-05	4.682917302691775e-08
2.448e-05	1.549547085346357e-08
2.45e-05	-1.5899384864249066e-08
2.452e-05	-4.72314929736405e-08
2.454e-05	-7.837719995827455e-08
2.4560000000000002e-05	-1.092135879418239e-07
2.4580000000000002e-05	-1.3961895978870203e-07
2.46e-05	-1.694733193871228e-07
2.462e-05	-1.9865884521892413e-07
2.464e-05	-2.270603553472396e-07
2.466e-05	-2.545657619870085e-07
2.468e-05	-2.8106651386424266e-07
2.47e-05	-3.064580246183366e-07
2.472e-05	-3.306400855566155e-07
2.474e-05	-3.535172611322889e-07
2.476e-05	-3.749992655849421e-07
2.478e-05	-3.950013192572046e-07
2.48e-05	-4.1344448318129606e-07
2.482e-05	-4.3025597061508444e-07
2.484e-05	-4.4536943429811434e-07
2.486e-05	-4.5872522829390956e-07
2.488e-05	-4.702706433852506e-07
2.4900000000000002e-05	-4.799601150933703e-07
2.4920000000000002e-05	-4.877554035001352e-07
2.4940000000000002e-05	-4.936257441635325e-07
2.496e-05	-4.975479695308666e-07
2.498e-05	-4.995066003705086e-07
2.5e-05	-4.994939068613468e-07
2.502e-05	-4.975099390988626e-07
2.504e-05	-4.93562526897427e-07
2.506e-05	-4.876672488895963e-07
2.508e-05	-4.798473710443717e-07
2.51e-05	-4.701337548470459e-07
2.512e-05	-4.5856473550302356e-07
2.514e-05	-4.4518597064626795e-07
2.516e-05	-4.300502601494951e-07
2.518e-05	-4.13217337747191e-07
2.52e-05	-3.947536352938396e-07
2.522e-05	-3.747320205877644e-07
2.524e-05	-3.532315097952047e-07
2.5260000000000002e-05	-3.303369556096096e-07
2.5280000000000002e-05	-3.06138712376823e-07
2.5300000000000002e-05	-2.807322795077588e-07
2.532e-05	-2.542179245858621e-07
2.534e-05	-2.2670028765674127e-07
2.536e-05	-1.98287968261749e-07
2.538e-05	-1.6909309684518323e-07
2.54e-05	-1.3923089222666392e-07
2.542e-05	-1.0881920688506337e-07
2.544e-05	-7.797806184865416e-08
2.546e-05	-4.6829173026923115e-08
2.548e-05	-1.5495470853461853e-08
2.55e-05	1.5899384864250777e-08
2.552e-05	4.723149297364222e-08
2.554e-05	7.837719995827623e-08
2.556e-05	1.0921358794181865e-07
2.558e-05	1.3961895978869687e-07
2.56e-05	1.6947331938712438e-07
2.5620000000000002e-05	1.9865884521892572e-07
2.5640000000000002e-05	2.2706035534724117e-07
2.566e-05	2.5456576198700997e-07
2.568e-05	2.810665138642441e-07
2.57e-05	3.064580246183379e-07
2.572e-05	3.306400855566168e-07
2.574e-05	3.5351726113228513e-07
2.576e-05	3.7499926558494326e-07
2.578e-05	3.950013192572057e-07
2.58e-05	4.1344448318129706e-07
2.582e-05	4.302559706150853e-07
2.584e-05	4.4536943429811513e-07
2.586e-05	4.5872522829391025e-07
2.588e-05	4.702706433852511e-07
2.59e-05	4.799601150933688e-07
2.592e-05	4.877554035001341e-07
2.594e-05	4.936257441635317e-07
2.5960000000000002e-05	4.975479695308667e-07
2.5980000000000002e-05	4.995066003705086e-07
2.6000000000000002e-05	4.994939068613467e-07
2.602e-05	4.97509939098863e-07
2.604e-05	4.935625268974268e-07
2.606e-05	4.876672488895959e-07
2.608e-05	4.798473710443712e-07
2.61e-05	4.701337548470477e-07
2.612e-05	4.585647355030228e-07
2.614e-05	4.451859706462672e-07
2.616e-05	4.3005026014949423e-07
2.618e-05	4.1321733774719007e-07
2.62e-05	3.947536352938386e-07
2.622e-05	3.7473202058776335e-07
2.624e-05	3.5323150979520355e-07
2.626e-05	3.3033695560961374e-07
2.628e-05	3.061387123768273e-07
2.63e-05	2.8073227950776317e-07
2.6320000000000002e-05	2.542179245858606e-07
2.6340000000000002e-05	2.2670028765673976e-07
2.6360000000000002e-05	1.9828796826174742e-07
2.638e-05	1.690930968451883e-07
2.64e-05	1.3923089222666227e-07
2.642e-05	1.0881920688506173e-07
2.644e-05	7.797806184865247e-08
2.646e-05	4.68291730269214e-08
2.648e-05	1.5495470853460136e-08
2.65e-05	-1.589938486425249e-08
2.652e-05	-4.723149297364391e-08
2.654e-05	-7.837719995827793e-08
2.656e-05	-1.092135879418203e-07
2.658e-05	-1.3961895978869854e-07
2.66e-05	-1.6947331938711933e-07
2.662e-05	-1.9865884521892077e-07
2.664e-05	-2.2706035534723638e-07
2.6660000000000002e-05	-2.545657619870053e-07
2.6680000000000002e-05	-2.8106651386424547e-07
2.6700000000000002e-05	-3.064580246183393e-07
2.672e-05	-3.3064008555661806e-07
2.674e-05	-3.5351726113228635e-07
2.676e-05	-3.7499926558494443e-07
2.678e-05	-3.9500131925720674e-07
2.68e-05	-4.1344448318129796e-07
2.682e-05	-4.302559706150862e-07
2.684e-05	-4.4536943429811593e-07
2.686e-05	-4.587252282939109e-07
2.688e-05	-4.702706433852493e-07
2.69e-05	-4.799601150933692e-07
2.692e-05	-4.877554035001345e-07
2.694e-05	-4.936257441635319e-07
2.696e-05	-4.975479695308663e-07
2.698e-05	-4.995066003705085e-07
2.7e-05	-4.994939068613469e-07
2.7020000000000002e-05	-4.975099390988629e-07
2.7040000000000002e-05	-4.935625268974265e-07
2.7060000000000002e-05	-4.876672488895956e-07
2.708e-05	-4.798473710443707e-07
2.71e-05	-4.701337548470472e-07
2.712e-05	-4.585647355030222e-07
2.714e-05	-4.451859706462664e-07
2.716e-05	-4.300502601494969e-07
2.718e-05	-4.132173377471891e-07
2.72e-05	-3.9475363529383754e-07
2.722e-05	-3.7473202058776224e-07
2.724e-05	-3.532315097952073e-07
2.726e-05	-3.3033695560961247e-07
2.728e-05	-3.0613871237682585e-07
2.73e-05	-2.8073227950776174e-07
2.732e-05	-2.542179245858652e-07
2.734e-05	-2.2670028765674455e-07
2.736e-05	-1.9828796826175237e-07
2.7380000000000002e-05	-1.6909309684518668e-07
2.7400000000000002e-05	-1.3923089222666063e-07
2.7420000000000002e-05	-1.0881920688506006e-07
2.744e-05	-7.79780618486578e-08
2.746e-05	-4.68291730269197e-08
2.748e-05	-1.5495470853458425e-08
2.75e-05	1.5899384864254205e-08
2.752e-05	4.723149297363855e-08
2.754e-05	7.837719995827963e-08
2.756e-05	1.09213587941822e-07
2.758e-05	1.3961895978870018e-07
2.76e-05	1.6947331938712097e-07
2.762e-05	1.9865884521892233e-07
2.764e-05	2.2706035534723786e-07
2.766e-05	2.545657619870068e-07
2.768e-05	2.81066513864241e-07
2.77e-05	3.0645802461833504e-07
2.7720000000000002e-05	3.306400855566141e-07
2.7740000000000002e-05	3.5351726113228746e-07
2.7760000000000002e-05	3.7499926558494554e-07
2.778e-05	3.9500131925720785e-07
2.78e-05	4.1344448318129495e-07
2.782e-05	4.3025597061508704e-07
2.784e-05	4.4536943429811667e-07
2.786e-05	4.587252282939116e-07
2.788e-05	4.702706433852499e-07
2.79e-05	4.799601150933697e-07
2.792e-05	4.877554035001349e-07
2.794e-05	4.936257441635323e-07
2.796e-05	4.975479695308664e-07
2.798e-05	4.995066003705086e-07
2.8e-05	4.994939068613469e-07
2.802e-05	4.975099390988635e-07
2.804e-05	4.935625268974273e-07
2.806e-05	4.876672488895967e-07
2.8080000000000002e-05	4.798473710443722e-07
2.8100000000000002e-05	4.7013375484704655e-07
2.8120000000000002e-05	4.585647355030215e-07
2.814e-05	4.451859706462657e-07
2.816e-05	4.3005026014949603e-07
2.818e-05	4.1321733774718816e-07
2.82e-05	3.9475363529383643e-07
2.822e-05	3.74732020587761e-07
2.824e-05	3.5323150979520614e-07
2.826e-05	3.3033695560961114e-07
2.828e-05	3.061387123768245e-07
2.83e-05	2.8073227950776624e-07
2.832e-05	2.542179245858638e-07
2.834e-05	2.26700287656743e-07
2.836e-05	1.9828796826175078e-07
2.838e-05	1.6909309684519176e-07
2.84e-05	1.3923089222666582e-07
2.842e-05	1.0881920688506533e-07
2.8440000000000002e-05	7.797806184865612e-08
2.8460000000000002e-05	4.6829173026917973e-08
2.8480000000000002e-05	1.5495470853456705e-08
2.85e-05	-1.589938486425592e-08
2.852e-05	-4.7231492973640265e-08
2.854e-05	-7.837719995828132e-08
2.856e-05	-1.0921358794182365e-07
2.858e-05	-1.3961895978869502e-07
2.86e-05	-1.6947331938712258e-07
2.862e-05	-1.9865884521892392e-07
2.864e-05	-2.270603553472394e-07
2.866e-05	-2.5456576198700214e-07
2.868e-05	-2.8106651386424245e-07
2.87e-05	-3.064580246183364e-07
2.872e-05	-3.3064008555661536e-07
2.874e-05	-3.535172611322837e-07
2.876e-05	-3.7499926558494194e-07
2.8780000000000002e-05	-3.9500131925720886e-07
2.8800000000000002e-05	-4.134444831812959e-07
2.8820000000000002e-05	-4.3025597061508794e-07
2.8840000000000002e-05	-4.4536943429811746e-07
2.886e-05	-4.5872522829390945e-07
2.888e-05	-4.702706433852505e-07
2.89e-05	-4.799601150933701e-07
2.892e-05	-4.877554035001353e-07
2.894e-05	-4.936257441635314e-07
2.896e-05	-4.975479695308666e-07
2.898e-05	-4.995066003705086e-07
2.9e-05	-4.994939068613468e-07
2.902e-05	-4.975099390988632e-07
2.904e-05	-4.93562526897427e-07
2.906e-05	-4.876672488895963e-07
2.908e-05	-4.798473710443718e-07
2.91e-05	-4.7013375484704846e-07
2.912e-05	-4.585647355030236e-07
2.9140000000000002e-05	-4.4518597064626806e-07
2.9160000000000002e-05	-4.300502601494952e-07
2.9180000000000002e-05	-4.132173377471872e-07
2.92e-05	-3.947536352938354e-07
2.922e-05	-3.7473202058776457e-07
2.924e-05	-3.5323150979520487e-07
2.926e-05	-3.303369556096099e-07
2.928e-05	-3.0613871237682325e-07
2.93e-05	-2.807322795077648e-07
2.932e-05	-2.5421792458586235e-07
2.934e-05	-2.2670028765674154e-07
2.936e-05	-1.9828796826174922e-07
2.938e-05	-1.6909309684519012e-07
2.94e-05	-1.3923089222666418e-07
2.942e-05	-1.0881920688506365e-07
2.944e-05	-7.797806184866143e-08
2.946e-05	-4.682917302692334e-08
2.948e-05	-1.549547085346209e-08
2.9500000000000002e-05	1.5899384864250532e-08
2.9520000000000002e-05	4.7231492973641965e-08
2.9540000000000002e-05	7.8377199958283e-08
2.956e-05	1.0921358794182533e-07
2.958e-05	1.3961895978869663e-07
2.96e-05	1.6947331938712414e-07
2.962e-05	1.9865884521892548e-07
2.964e-05	2.270603553472409e-07
2.966e-05	2.545657619870036e-07
2.968e-05	2.810665138642439e-07
2.97e-05	3.0645802461833774e-07
2.972e-05	3.306400855566113e-07
2.974e-05	3.5351726113228497e-07
2.976e-05	3.7499926558494316e-07
2.978e-05	3.950013192572055e-07
2.98e-05	4.134444831812929e-07
2.982e-05	4.302559706150852e-07
2.9840000000000002e-05	4.453694342981182e-07
2.9860000000000002e-05	4.587252282939102e-07
2.9880000000000002e-05	4.7027064338525106e-07
2.9900000000000002e-05	4.799601150933707e-07
2.992e-05	4.877554035001355e-07
2.994e-05	4.936257441635317e-07
2.996e-05	4.975479695308667e-07
2.998e-05	4.995066003705087e-07
3e-05	4.99493906861347e-07
3.002e-05	4.975099390988631e-07
3.004e-05	4.935625268974268e-07
3.006e-05	4.87667248889596e-07
3.008e-05	4.798473710443732e-07
3.01e-05	4.7013375484704777e-07
3.012e-05	4.585647355030229e-07
3.014e-05	4.451859706462673e-07
3.016e-05	4.300502601494979e-07
3.018e-05	4.132173377471902e-07
3.0200000000000002e-05	3.947536352938343e-07
3.0220000000000002e-05	3.7473202058776346e-07
3.0240000000000002e-05	3.532315097952037e-07
3.026e-05	3.3033695560960855e-07
3.028e-05	3.061387123768275e-07
3.03e-05	2.8073227950776344e-07
3.032e-05	2.542179245858608e-07
3.034e-05	2.2670028765673998e-07
3.036e-05	1.9828796826175417e-07
3.038e-05	1.690930968451885e-07
3.04e-05	1.3923089222666254e-07
3.042e-05	1.08819206885062e-07
3.044e-05	7.797806184865974e-08
3.046e-05	4.682917302692164e-08
3.048e-05	1.5495470853460387e-08
3.05e-05	-1.5899384864252246e-08
3.052e-05	-4.72314929736366e-08
3.054e-05	-7.837719995828471e-08
3.056e-05	-1.0921358794182006e-07
3.058e-05	-1.396189597886983e-07
3.06e-05	-1.694733193871191e-07
3.062e-05	-1.9865884521892705e-07
3.064e-05	-2.2706035534723614e-07
3.066e-05	-2.5456576198700505e-07
3.068e-05	-2.810665138642394e-07
3.07e-05	-3.0645802461833907e-07
3.0720000000000004e-05	-3.3064008555661785e-07
3.074e-05	-3.5351726113228613e-07
3.0760000000000004e-05	-3.749992655849489e-07
3.078e-05	-3.9500131925720663e-07
3.08e-05	-4.1344448318129786e-07
3.082e-05	-4.302559706150861e-07
3.084e-05	-4.453694342981158e-07
3.086e-05	-4.5872522829390797e-07
3.088e-05	-4.7027064338525165e-07
3.09e-05	-4.799601150933692e-07
3.092e-05	-4.877554035001344e-07
3.094e-05	-4.936257441635307e-07
3.096e-05	-4.975479695308669e-07
3.098e-05	-4.995066003705085e-07
3.1e-05	-4.994939068613469e-07
3.102e-05	-4.975099390988636e-07
3.104e-05	-4.935625268974265e-07
3.106e-05	-4.876672488895972e-07
3.108e-05	-4.798473710443728e-07
3.1100000000000004e-05	-4.701337548470448e-07
3.112e-05	-4.5856473550302224e-07
3.1140000000000003e-05	-4.4518597064626647e-07
3.116e-05	-4.30050260149497e-07
3.118e-05	-4.1321733774718525e-07
3.12e-05	-3.9475363529383765e-07
3.122e-05	-3.7473202058776235e-07
3.124e-05	-3.532315097952075e-07
3.126e-05	-3.3033695560960733e-07
3.128e-05	-3.0613871237682606e-07
3.13e-05	-2.8073227950776196e-07
3.132e-05	-2.542179245858655e-07
3.134e-05	-2.2670028765673847e-07
3.136e-05	-1.9828796826175258e-07
3.138e-05	-1.6909309684518691e-07
3.14e-05	-1.392308922266677e-07
3.142e-05	-1.088192068850672e-07
3.1440000000000004e-05	-7.797806184865101e-08
3.146e-05	-4.6829173026919926e-08
3.1480000000000004e-05	-1.549547085345867e-08
3.15e-05	1.5899384864246863e-08
3.152e-05	4.7231492973645373e-08
3.154e-05	7.83771999582794e-08
3.156e-05	1.0921358794182173e-07
3.158e-05	1.3961895978869311e-07
3.16e-05	1.694733193871274e-07
3.162e-05	1.9865884521892215e-07
3.164e-05	2.2706035534723768e-07
3.166e-05	2.5456576198700044e-07
3.168e-05	2.8106651386424674e-07
3.17e-05	3.0645802461833483e-07
3.172e-05	3.306400855566139e-07
3.174e-05	3.535172611322823e-07
3.176e-05	3.749992655849454e-07
3.1780000000000004e-05	3.9500131925720775e-07
3.18e-05	4.134444831812948e-07
3.1820000000000004e-05	4.302559706150906e-07
3.184e-05	4.453694342981166e-07
3.186e-05	4.587252282939115e-07
3.188e-05	4.702706433852498e-07
3.19e-05	4.799601150933716e-07
3.192e-05	4.877554035001348e-07
3.194e-05	4.936257441635322e-07
3.196e-05	4.975479695308664e-07
3.198e-05	4.995066003705086e-07
3.2e-05	4.994939068613471e-07
3.202e-05	4.975099390988628e-07
3.204e-05	4.935625268974273e-07
3.206e-05	4.876672488895968e-07
3.208e-05	4.798473710443743e-07
3.21e-05	4.701337548470467e-07
3.212e-05	4.585647355030244e-07
3.214e-05	4.4518597064626896e-07
3.2160000000000004e-05	4.3005026014949253e-07
3.218e-05	4.132173377471883e-07
3.2200000000000003e-05	3.9475363529383664e-07
3.222e-05	3.7473202058776584e-07
3.224e-05	3.532315097952012e-07
3.226e-05	3.3033695560961136e-07
3.228e-05	3.061387123768247e-07
3.23e-05	2.8073227950776646e-07
3.232e-05	2.5421792458585785e-07
3.234e-05	2.2670028765674326e-07
3.236e-05	1.9828796826175105e-07
3.238e-05	1.6909309684519197e-07
3.24e-05	1.3923089222665923e-07
3.242e-05	1.0881920688506557e-07
3.244e-05	7.797806184865633e-08
3.246e-05	4.682917302692529e-08
3.248e-05	1.5495470853456963e-08
3.2500000000000004e-05	-1.5899384864255674e-08
3.252e-05	-4.723149297364001e-08
3.2540000000000004e-05	-7.837719995828108e-08
3.256e-05	-1.0921358794181649e-07
3.258e-05	-1.3961895978870156e-07
3.26e-05	-1.6947331938712232e-07
3.262e-05	-1.986588452189237e-07
3.264e-05	-2.2706035534723283e-07
3.266e-05	-2.54565761987008e-07
3.268e-05	-2.8106651386424224e-07
3.27e-05	-3.064580246183362e-07
3.272e-05	-3.3064008555660985e-07
3.274e-05	-3.535172611322885e-07
3.276e-05	-3.7499926558494183e-07
3.278e-05	-3.9500131925720436e-07
3.28e-05	-4.1344448318129177e-07
3.282e-05	-4.3025597061508783e-07
3.2840000000000004e-05	-4.4536943429811736e-07
3.286e-05	-4.5872522829390935e-07
3.2880000000000004e-05	-4.702706433852528e-07
3.29e-05	-4.799601150933701e-07
3.292e-05	-4.877554035001352e-07
3.294e-05	-4.936257441635314e-07
3.296e-05	-4.975479695308673e-07
3.298e-05	-4.995066003705086e-07
3.3e-05	-4.994939068613468e-07
3.302e-05	-4.975099390988632e-07
3.304e-05	-4.935625268974259e-07
3.306e-05	-4.876672488895965e-07
3.308e-05	-4.798473710443719e-07
3.31e-05	-4.701337548470485e-07
3.312e-05	-4.5856473550302377e-07
3.314e-05	-4.451859706462714e-07
3.316e-05	-4.3005026014949523e-07
3.318e-05	-4.1321733774719123e-07
3.32e-05	-3.9475363529383993e-07
3.3220000000000004e-05	-3.7473202058776e-07
3.324e-05	-3.532315097952051e-07
3.3260000000000003e-05	-3.303369556096101e-07
3.328e-05	-3.0613871237682897e-07
3.33e-05	-2.8073227950775915e-07
3.332e-05	-2.542179245858625e-07
3.334e-05	-2.2670028765674175e-07
3.336e-05	-1.9828796826175597e-07
3.338e-05	-1.6909309684518366e-07
3.34e-05	-1.3923089222666442e-07
3.342e-05	-1.0881920688506389e-07
3.344e-05	-7.797806184866167e-08
3.346e-05	-4.682917302691651e-08
3.348e-05	-1.5495470853462343e-08
3.35e-05	1.589938486425029e-08
3.352e-05	4.723149297363465e-08
3.354e-05	7.837719995828278e-08
3.3560000000000004e-05	1.0921358794182509e-07
3.358e-05	1.396189597886964e-07
3.3600000000000004e-05	1.6947331938713063e-07
3.362e-05	1.9865884521892525e-07
3.364e-05	2.270603553472407e-07
3.366e-05	2.545657619870034e-07
3.368e-05	2.8106651386424367e-07
3.37e-05	3.064580246183319e-07
3.372e-05	3.3064008555661647e-07
3.374e-05	3.535172611322848e-07
3.376e-05	3.7499926558494294e-07
3.378e-05	3.950013192572011e-07
3.38e-05	4.134444831812967e-07
3.382e-05	4.302559706150851e-07
3.384e-05	4.453694342981148e-07
3.386e-05	4.5872522829390723e-07
3.388e-05	4.7027064338525096e-07
3.3900000000000004e-05	4.799601150933706e-07
3.392e-05	4.877554035001339e-07
3.3940000000000004e-05	4.936257441635328e-07
3.396e-05	4.975479695308667e-07
3.398e-05	4.995066003705087e-07
3.4e-05	4.99493906861347e-07
3.402e-05	4.975099390988624e-07
3.404e-05	4.935625268974268e-07
3.406e-05	4.87667248889596e-07
3.408e-05	4.798473710443733e-07
3.41e-05	4.701337548470455e-07
3.412e-05	4.58564735503023e-07
3.414e-05	4.451859706462674e-07
3.416e-05	4.3005026014949804e-07
3.418e-05	4.132173377471863e-07
3.42e-05	3.9475363529383887e-07
3.422e-05	3.7473202058776367e-07
3.424e-05	3.532315097952089e-07
3.426e-05	3.303369556096141e-07
3.4280000000000004e-05	3.061387123768221e-07
3.43e-05	2.807322795077636e-07
3.4320000000000003e-05	2.542179245858611e-07
3.434e-05	2.2670028765674654e-07
3.436e-05	1.9828796826174784e-07
3.438e-05	1.6909309684518874e-07
3.44e-05	1.3923089222666278e-07
3.442e-05	1.0881920688506914e-07
3.444e-05	7.797806184865296e-08
3.446e-05	4.682917302692188e-08
3.448e-05	1.5495470853460625e-08
3.45e-05	-1.5899384864244904e-08
3.452e-05	-4.723149297364342e-08
3.454e-05	-7.837719995827746e-08
3.456e-05	-1.0921358794181984e-07
3.458e-05	-1.3961895978869126e-07
3.46e-05	-1.6947331938712557e-07
3.4620000000000004e-05	-1.9865884521892686e-07
3.464e-05	-2.270603553472359e-07
3.4660000000000004e-05	-2.54565761987011e-07
3.468e-05	-2.810665138642451e-07
3.47e-05	-3.064580246183389e-07
3.472e-05	-3.306400855566124e-07
3.474e-05	-3.5351726113229095e-07
3.476e-05	-3.749992655849441e-07
3.478e-05	-3.950013192572065e-07
3.48e-05	-4.134444831812937e-07
3.482e-05	-4.302559706150859e-07
3.484e-05	-4.453694342981125e-07
3.486e-05	-4.587252282939107e-07
3.488e-05	-4.7027064338524916e-07
3.49e-05	-4.799601150933691e-07
3.492e-05	-4.877554035001328e-07
3.494e-05	-4.936257441635318e-07
3.4960000000000004e-05	-4.975479695308669e-07
3.498e-05	-4.995066003705085e-07
3.5000000000000004e-05	-4.994939068613467e-07
3.502e-05	-4.975099390988629e-07
3.504e-05	-4.935625268974265e-07
3.506e-05	-4.876672488895972e-07
3.508e-05	-4.798473710443709e-07
3.51e-05	-4.701337548470473e-07
3.512e-05	-4.5856473550302234e-07
3.514e-05	-4.4518597064626986e-07
3.516e-05	-4.3005026014949354e-07
3.518e-05	-4.132173377471894e-07
3.52e-05	-3.9475363529383786e-07
3.522e-05	-3.747320205877672e-07
3.524e-05	-3.5323150979520265e-07
3.526e-05	-3.303369556096128e-07
3.528e-05	-3.061387123768262e-07
3.53e-05	-2.8073227950776804e-07
3.532e-05	-2.5421792458585955e-07
3.5340000000000004e-05	-2.2670028765673868e-07
3.536e-05	-1.982879682617528e-07
3.5380000000000003e-05	-1.6909309684518713e-07
3.54e-05	-1.3923089222666794e-07
3.542e-05	-1.0881920688506055e-07
3.544e-05	-7.797806184865829e-08
3.546e-05	-4.6829173026920184e-08
3.548e-05	-1.549547085346601e-08
3.55e-05	1.5899384864253715e-08
3.552e-05	4.723149297363806e-08
3.554e-05	7.837719995827914e-08
3.556e-05	1.0921358794181458e-07
3.558e-05	1.396189597886997e-07
3.56e-05	1.694733193871205e-07
3.562e-05	1.9865884521892188e-07
3.564e-05	2.2706035534723114e-07
3.566e-05	2.5456576198700637e-07
3.5680000000000004e-05	2.8106651386424653e-07
3.57e-05	3.064580246183346e-07
3.5720000000000004e-05	3.3064008555661906e-07
3.574e-05	3.5351726113228714e-07
3.576e-05	3.7499926558494517e-07
3.578e-05	3.9500131925720314e-07
3.58e-05	4.1344448318129865e-07
3.582e-05	4.302559706150868e-07
3.584e-05	4.453694342981164e-07
3.586e-05	4.5872522829390866e-07
3.588e-05	4.702706433852521e-07
3.59e-05	4.799601150933696e-07
3.592e-05	4.877554035001348e-07
3.594e-05	4.936257441635311e-07
3.596e-05	4.975479695308663e-07
3.598e-05	4.995066003705084e-07
3.6e-05	4.994939068613469e-07
3.6020000000000004e-05	4.975099390988628e-07
3.604e-05	4.935625268974273e-07
3.6060000000000004e-05	4.876672488895953e-07
3.608e-05	4.798473710443723e-07
3.61e-05	4.7013375484704677e-07
3.612e-05	4.585647355030245e-07
3.614e-05	4.451859706462659e-07
3.616e-05	4.300502601494963e-07
3.618e-05	4.132173377471885e-07
3.62e-05	3.9475363529384114e-07
3.622e-05	3.7473202058776134e-07
3.624e-05	3.532315097952065e-07
3.626e-05	3.303369556096115e-07
3.628e-05	3.061387123768305e-07
3.63e-05	2.8073227950776074e-07
3.632e-05	2.542179245858642e-07
3.634e-05	2.2670028765674342e-07
3.636e-05	1.9828796826175777e-07
3.638e-05	1.690930968451855e-07
3.6400000000000004e-05	1.3923089222665952e-07
3.642e-05	1.0881920688506583e-07
3.6440000000000003e-05	7.797806184864956e-08
3.646e-05	4.6829173026918476e-08
3.648e-05	1.54954708534572e-08
3.65e-05	-1.5899384864248332e-08
3.652e-05	-4.7231492973639775e-08
3.654e-05	-7.837719995827383e-08
3.656e-05	-1.0921358794182319e-07
3.658e-05	-1.3961895978869452e-07
3.66e-05	-1.6947331938712208e-07
3.662e-05	-1.9865884521891693e-07
3.664e-05	-2.2706035534723897e-07
3.666e-05	-2.5456576198700176e-07
3.668e-05	-2.8106651386424203e-07
3.67e-05	-3.064580246183304e-07
3.672e-05	-3.3064008555661504e-07
3.6740000000000004e-05	-3.5351726113228836e-07
3.676e-05	-3.749992655849416e-07
3.6780000000000004e-05	-3.9500131925720854e-07
3.68e-05	-4.1344448318129563e-07
3.682e-05	-4.302559706150878e-07
3.684e-05	-4.45369434298114e-07
3.686e-05	-4.5872522829391205e-07
3.688e-05	-4.702706433852503e-07
3.69e-05	-4.7996011509337e-07
3.692e-05	-4.877554035001336e-07
3.694e-05	-4.936257441635324e-07
3.696e-05	-4.975479695308665e-07
3.698e-05	-4.995066003705086e-07
3.7e-05	-4.99493906861347e-07
3.702e-05	-4.975099390988626e-07
3.704e-05	-4.935625268974272e-07
3.706e-05	-4.876672488895965e-07
3.7080000000000004e-05	-4.79847371044372e-07
3.71e-05	-4.701337548470486e-07
3.7120000000000004e-05	-4.5856473550302097e-07
3.714e-05	-4.4518597064626827e-07
3.716e-05	-4.300502601494954e-07
3.718e-05	-4.132173377471915e-07
3.72e-05	-3.9475363529383564e-07
3.722e-05	-3.7473202058776494e-07
3.724e-05	-3.5323150979520524e-07
3.726e-05	-3.303369556096156e-07
3.728e-05	-3.061387123768236e-07
3.73e-05	-2.807322795077652e-07
3.732e-05	-2.5421792458586267e-07
3.734e-05	-2.2670028765674823e-07
3.736e-05	-1.9828796826174967e-07
3.738e-05	-1.690930968451906e-07
3.74e-05	-1.3923089222666463e-07
3.742e-05	-1.0881920688507109e-07
3.744e-05	-7.797806184865488e-08
3.7460000000000004e-05	-4.6829173026916756e-08
3.748e-05	-1.549547085346258e-08
3.7500000000000003e-05	1.5899384864257143e-08
3.752e-05	4.7231492973641476e-08
3.754e-05	7.837719995828254e-08
3.756e-05	1.0921358794181793e-07
3.758e-05	1.3961895978870296e-07
3.76e-05	1.6947331938712367e-07
3.762e-05	1.9865884521892503e-07
3.764e-05	2.2706035534723416e-07
3.766e-05	2.545657619870032e-07
3.768e-05	2.810665138642376e-07
3.77e-05	3.064580246183374e-07
3.772e-05	3.3064008555661096e-07
3.774e-05	3.5351726113228465e-07
3.776e-05	3.7499926558493813e-07
3.778e-05	3.950013192572052e-07
3.7800000000000004e-05	4.1344448318129653e-07
3.782e-05	4.30255970615085e-07
3.7840000000000004e-05	4.4536943429811805e-07
3.786e-05	4.5872522829391e-07
3.788e-05	4.7027064338525085e-07
3.79e-05	4.799601150933686e-07
3.792e-05	4.877554035001354e-07
3.794e-05	4.936257441635316e-07
3.796e-05	4.975479695308666e-07
3.798e-05	4.995066003705085e-07
3.8e-05	4.994939068613468e-07
3.802e-05	4.975099390988631e-07
3.804e-05	4.935625268974269e-07
3.806e-05	4.876672488895977e-07
3.808e-05	4.798473710443714e-07
3.81e-05	4.7013375484704793e-07
3.812e-05	4.585647355030231e-07
3.8140000000000004e-05	4.4518597064626435e-07
3.816e-05	4.3005026014949455e-07
3.8180000000000004e-05	4.132173377471864e-07
3.82e-05	3.9475363529383903e-07
3.822e-05	3.7473202058776383e-07
3.824e-05	3.5323150979520905e-07
3.826e-05	3.303369556096089e-07
3.828e-05	3.061387123768278e-07
3.83e-05	2.807322795077638e-07
3.832e-05	2.5421792458586733e-07
3.834e-05	2.267002876567404e-07
3.836e-05	1.9828796826175462e-07
3.838e-05	1.6909309684518898e-07
3.84e-05	1.3923089222666982e-07
3.842e-05	1.0881920688506245e-07
3.844e-05	7.79780618486602e-08
3.846e-05	4.682917302692213e-08
3.848e-05	1.5495470853467964e-08
3.85e-05	-1.5899384864251756e-08
3.8520000000000004e-05	-4.7231492973643176e-08
3.854e-05	-7.837719995827722e-08
3.8560000000000004e-05	-1.0921358794182652e-07
3.858e-05	-1.396189597886978e-07
3.86e-05	-1.694733193871253e-07
3.862e-05	-1.9865884521892008e-07
3.864e-05	-2.2706035534724204e-07
3.866e-05	-2.545657619870047e-07
3.868e-05	-2.8106651386424483e-07
3.87e-05	-3.0645802461833314e-07
3.872e-05	-3.3064008555661753e-07
3.874e-05	-3.5351726113228576e-07
3.876e-05	-3.749992655849439e-07
3.878e-05	-3.95001319257202e-07
3.88e-05	-4.1344448318129357e-07
3.882e-05	-4.302559706150822e-07
3.884e-05	-4.453694342981155e-07
3.8860000000000004e-05	-4.587252282939106e-07
3.888e-05	-4.7027064338524905e-07
3.8900000000000004e-05	-4.79960115093371e-07
3.892e-05	-4.877554035001343e-07
3.894e-05	-4.936257441635318e-07
3.896e-05	-4.975479695308662e-07
3.898e-05	-4.995066003705087e-07
3.9e-05	-4.994939068613469e-07
3.902e-05	-4.975099390988629e-07
3.904e-05	-4.935625268974277e-07
3.906e-05	-4.876672488895957e-07
3.908e-05	-4.798473710443729e-07
3.91e-05	-4.701337548470474e-07
3.912e-05	-4.585647355030253e-07
3.914e-05	-4.4518597064626673e-07
3.916e-05	-4.300502601494973e-07
3.918e-05	-4.132173377471895e-07
3.9200000000000004e-05	-3.9475363529383363e-07
3.922e-05	-3.7473202058776266e-07
3.9240000000000004e-05	-3.532315097952028e-07
3.926e-05	-3.30336955609613e-07
3.9280000000000003e-05	-3.0613871237682087e-07
3.93e-05	-2.807322795077623e-07
3.932e-05	-2.5421792458585976e-07
3.934e-05	-2.2670028765674522e-07
3.936e-05	-1.9828796826174652e-07
3.938e-05	-1.6909309684519403e-07
3.94e-05	-1.3923089222666135e-07
3.942e-05	-1.088192068850677e-07
3.944e-05	-7.797806184865853e-08
3.946e-05	-4.682917302692749e-08
3.948e-05	-1.5495470853459163e-08
3.95e-05	1.5899384864246373e-08
3.952e-05	4.7231492973637816e-08
3.954e-05	7.83771999582719e-08
3.956e-05	1.0921358794182128e-07
3.9580000000000004e-05	1.3961895978869947e-07
3.96e-05	1.6947331938712028e-07
3.9620000000000004e-05	1.9865884521892818e-07
3.964e-05	2.270603553472372e-07
3.966e-05	2.545657619870061e-07
3.968e-05	2.8106651386424033e-07
3.97e-05	3.0645802461834e-07
3.972e-05	3.306400855566135e-07
3.974e-05	3.53517261132287e-07
3.976e-05	3.7499926558494035e-07
3.978e-05	3.950013192572074e-07
3.98e-05	4.134444831812946e-07
3.982e-05	4.302559706150867e-07
3.984e-05	4.4536943429811307e-07
3.986e-05	4.587252282939113e-07
3.988e-05	4.7027064338524963e-07
3.99e-05	4.799601150933695e-07
3.9920000000000004e-05	4.877554035001361e-07
3.994e-05	4.936257441635311e-07
3.9960000000000004e-05	4.975479695308669e-07
3.998e-05	4.995066003705085e-07
4e-05	4.994939068613469e-07
