0.0001	8.969416235129258e-11	-8.969416235129258e-11	-8.96941623512992e-11
0.0002	2.7688251993164514e-10	-2.7688251993164514e-10	-2.7688251993165176e-10
0.00030000000000000003	4.718734375296561e-10	-4.718734375296561e-10	-4.718734375296627e-10
0.0004	6.658107488689488e-10	-6.658107488689488e-10	-6.658107488689554e-10
0.0005	8.571939241461495e-10	-8.571939241461495e-10	-8.571939241461561e-10
0.0006000000000000001	1.0452008297815642e-09	-1.0452008297815642e-09	-1.0452008297815708e-09
0.0007	1.2290834128088528e-09	-1.2290834128088528e-09	-1.2290834128088594e-09
0.0008	1.4081154203533436e-09	-1.4081154203533436e-09	-1.4081154203533502e-09
0.0009000000000000001	1.5815902446615978e-09	-1.5815902446615978e-09	-1.5815902446616044e-09
0.001	1.7488232552904937e-09	-1.7488232552904937e-09	-1.7488232552904937e-09
0.0011	1.909154459533602e-09	-1.909154459533602e-09	-1.9091544595336085e-09
0.0012000000000000001	2.0619511033383933e-09	-2.0619511033383933e-09	-2.0619511033384e-09
0.0013000000000000002	2.2066101681545317e-09	-2.2066101681545317e-09	-2.2066101681545384e-09
0.0014	2.342560750741271e-09	-2.342560750741271e-09	-2.3425607507412742e-09
0.0015	2.4692663162590466e-09	-2.4692663162590466e-09	-2.469266316259053e-09
0.0016	2.5862268157270265e-09	-2.5862268157270265e-09	-2.5862268157270298e-09
0.0017000000000000001	2.6929806594879777e-09	-2.6929806594879777e-09	-2.692980659487981e-09
0.0018000000000000002	2.789106538891758e-09	-2.789106538891758e-09	-2.789106538891761e-09
0.0019	2.874225089008097e-09	-2.874225089008097e-09	-2.8742250890081e-09
0.002	2.9480003858066588e-09	-2.9480003858066588e-09	-2.9480003858066604e-09
0.0021000000000000003	3.010141271895737e-09	-3.010141271895737e-09	-3.0101412718957385e-09
0.0022	3.0604025055873386e-09	-3.0604025055873386e-09	-3.06040250558734e-09
0.0023	3.0985857287543164e-09	-3.0985857287543164e-09	-3.0985857287543172e-09
0.0024000000000000002	3.1245402496590723e-09	-3.1245402496590723e-09	-3.1245402496590727e-09
0.0025	3.138163637665062e-09	-3.138163637665062e-09	-3.138163637665062e-09
0.0026000000000000003	3.139402127483809e-09	-3.139402127483809e-09	-3.1394021274838087e-09
0.0027	3.1282508313617444e-09	-3.1282508313617444e-09	-3.1282508313617436e-09
0.0028	3.1047537583701683e-09	-3.1047537583701683e-09	-3.1047537583701666e-09
0.0029000000000000002	3.0690036407213906e-09	-3.0690036407213906e-09	-3.069003640721389e-09
0.003	3.021141567797068e-09	-3.021141567797068e-09	-3.0211415677970645e-09
0.0031000000000000003	2.9613564293329465e-09	-2.9613564293329465e-09	-2.961356429332943e-09
0.0032	2.889884169957294e-09	-2.889884169957294e-09	-2.8898841699572907e-09
0.0033	2.8070068580253258e-09	-2.8070068580253258e-09	-2.8070068580253225e-09
0.0034000000000000002	2.713051572424183e-09	-2.713051572424183e-09	-2.7130515724241798e-09
0.0035	2.60838911174203e-09	-2.60838911174203e-09	-2.6083891117420265e-09
0.0036000000000000003	2.4934325308954987e-09	-2.4934325308954987e-09	-2.4934325308954954e-09
0.0037	2.3686355109904485e-09	-2.3686355109904485e-09	-2.368635510990442e-09
0.0038	2.2344905688501777e-09	-2.2344905688501777e-09	-2.234490568850171e-09
0.0039000000000000003	2.0915271132762716e-09	-2.0915271132762716e-09	-2.0915271132762716e-09
0.004	1.940309355714112e-09	-1.940309355714112e-09	-1.9403093557141055e-09
0.0041	1.7814340835680064e-09	-1.7814340835680064e-09	-1.7814340835679998e-09
0.004200000000000001	1.6155283049538387e-09	-1.6155283049538387e-09	-1.6155283049538387e-09
0.0043	1.4432467741847e-09	-1.4432467741847e-09	-1.4432467741846933e-09
0.0044	1.265269407754608e-09	-1.265269407754608e-09	-1.2652694077546014e-09
0.0045000000000000005	1.0822986010187046e-09	-1.0822986010187046e-09	-1.082298601018698e-09
0.0046	8.950564561597738e-10	-8.950564561597738e-10	-8.950564561597672e-10
0.0047	7.042819323807789e-10	-7.042819323807789e-10	-7.042819323807723e-10
0.0048000000000000004	5.10727929570484e-10	-5.10727929570484e-10	-5.107279295704774e-10
0.0049	3.1515831695157344e-10	-3.1515831695157344e-10	-3.151583169515668e-10
0.005	1.1834491843779685e-10	-1.1834491843779685e-10	-1.1834491843779024e-10
0.0051	-7.893553340240136e-11	7.893553340240136e-11	7.893553340240798e-11
0.005200000000000001	-2.759044627544786e-10	2.759044627544786e-10	2.7590446275448524e-10
0.0053	-4.717845232408222e-10	4.717845232408222e-10	4.717845232408288e-10
0.0054	-6.658026657517803e-10	6.658026657517803e-10	6.658026657517869e-10
0.0055000000000000005	-8.571931893173274e-10	8.571931893173274e-10	8.57193189317334e-10
0.0056	-1.0452007629789344e-09	1.0452007629789344e-09	1.045200762978941e-09
0.0057	-1.2290834067358979e-09	1.2290834067358979e-09	1.2290834067359045e-09
0.0058000000000000005	-1.4081154198012634e-09	1.4081154198012634e-09	1.40811541980127e-09
0.0059	-1.5815902446113979e-09	1.5815902446113979e-09	1.5815902446113979e-09
0.006	-1.7488232552859343e-09	1.7488232552859343e-09	1.748823255285941e-09
0.0061	-1.9091544595331783e-09	1.9091544595331783e-09	1.9091544595331783e-09
0.006200000000000001	-2.0619511033383668e-09	2.0619511033383668e-09	2.0619511033383734e-09
0.0063	-2.2066101681545053e-09	2.2066101681545053e-09	2.206610168154512e-09
0.0064	-2.3425607507412676e-09	2.3425607507412676e-09	2.342560750741271e-09
0.006500000000000001	-2.469266316259073e-09	2.469266316259073e-09	2.4692663162590763e-09
0.0066	-2.5862268157270165e-09	2.5862268157270165e-09	2.58622681572702e-09
0.0067	-2.6929806594879545e-09	2.6929806594879545e-09	2.692980659487958e-09
0.0068000000000000005	-2.7891065388917744e-09	2.7891065388917744e-09	2.7891065388917777e-09
0.006900000000000001	-2.874225089008087e-09	2.874225089008087e-09	2.8742250890080903e-09
0.007	-2.948000385806652e-09	2.948000385806652e-09	2.9480003858066555e-09
0.0071	-3.010141271895745e-09	3.010141271895745e-09	3.0101412718957468e-09
0.007200000000000001	-3.0604025055873683e-09	3.0604025055873683e-09	3.0604025055873683e-09
0.0073	-3.0985857287542668e-09	3.0985857287542668e-09	3.0985857287542676e-09
0.0074	-3.1245402496590892e-09	3.1245402496590892e-09	3.1245402496590896e-09
0.007500000000000001	-3.1381636376650936e-09	3.1381636376650936e-09	3.1381636376650936e-09
0.0076	-3.139402127483782e-09	3.139402127483782e-09	3.1394021274837814e-09
0.0077	-3.12825083136173e-09	3.12825083136173e-09	3.128250831361729e-09
0.0078000000000000005	-3.104753758370198e-09	3.104753758370198e-09	3.1047537583701964e-09
0.0079	-3.0690036407213757e-09	3.0690036407213757e-09	3.069003640721374e-09
0.008	-3.021141567797048e-09	3.021141567797048e-09	3.0211415677970463e-09
0.0081	-2.961356429332925e-09	2.961356429332925e-09	2.9613564293329217e-09
0.0082	-2.889884169957357e-09	2.889884169957357e-09	2.8898841699573536e-09
0.0083	-2.807006858025319e-09	2.807006858025319e-09	2.807006858025316e-09
0.008400000000000001	-2.7130515724241996e-09	2.7130515724241996e-09	2.7130515724241963e-09
0.0085	-2.60838911174203e-09	2.60838911174203e-09	2.6083891117420265e-09
0.0086	-2.493432530895469e-09	2.493432530895469e-09	2.4934325308954657e-09
0.008700000000000001	-2.3686355109904618e-09	2.3686355109904618e-09	2.3686355109904618e-09
0.0088	-2.2344905688501644e-09	2.2344905688501644e-09	2.234490568850158e-09
0.0089	-2.0915271132762716e-09	2.0915271132762716e-09	2.091527113276265e-09
0.009000000000000001	-1.9403093557141385e-09	1.9403093557141385e-09	1.9403093557141385e-09
0.0091	-1.7814340835679932e-09	1.7814340835679932e-09	1.7814340835679866e-09
0.0092	-1.615528304953832e-09	1.615528304953832e-09	1.6155283049538254e-09
0.009300000000000001	-1.4432467741847264e-09	1.4432467741847264e-09	1.4432467741847198e-09
0.0094	-1.2652694077546014e-09	1.2652694077546014e-09	1.2652694077545948e-09
0.0095	-1.082298601018698e-09	1.082298601018698e-09	1.0822986010186914e-09
0.009600000000000001	-8.950564561597805e-10	8.950564561597805e-10	8.950564561597738e-10
0.0097	-7.042819323807789e-10	7.042819323807789e-10	7.042819323807723e-10
0.0098	-5.107279295704774e-10	5.107279295704774e-10	5.107279295704708e-10
0.0099	-3.1515831695158006e-10	3.1515831695158006e-10	3.1515831695157344e-10
0.01	-1.1834491843779685e-10	1.1834491843779685e-10	1.1834491843779024e-10
0.010100000000000001	7.893553340240798e-11	-7.893553340240798e-11	-7.893553340241459e-11
0.0102	2.759044627544786e-10	-2.759044627544786e-10	-2.7590446275448524e-10
0.0103	4.717845232408222e-10	-4.717845232408222e-10	-4.717845232408288e-10
0.010400000000000001	6.658026657517935e-10	-6.658026657517935e-10	-6.658026657517935e-10
0.0105	8.571931893173208e-10	-8.571931893173208e-10	-8.571931893173274e-10
0.0106	1.045200762978941e-09	-1.045200762978941e-09	-1.0452007629789476e-09
0.010700000000000001	1.2290834067359111e-09	-1.2290834067359111e-09	-1.2290834067359177e-09
0.0108	1.4081154198012502e-09	-1.4081154198012502e-09	-1.4081154198012568e-09
0.0109	1.5815902446113912e-09	-1.5815902446113912e-09	-1.5815902446113979e-09
0.011000000000000001	1.7488232552859475e-09	-1.7488232552859475e-09	-1.7488232552859475e-09
0.0111	1.9091544595331783e-09	-1.9091544595331783e-09	-1.9091544595331783e-09
0.0112	2.061951103338347e-09	-2.061951103338347e-09	-2.0619511033383535e-09
0.011300000000000001	2.206610168154545e-09	-2.206610168154545e-09	-2.206610168154545e-09
0.0114	2.342560750741261e-09	-2.342560750741261e-09	-2.3425607507412643e-09
0.0115	2.4692663162590333e-09	-2.4692663162590333e-09	-2.46926631625904e-09
0.011600000000000001	2.5862268157270463e-09	-2.5862268157270463e-09	-2.5862268157270496e-09
0.0117	2.692980659487961e-09	-2.692980659487961e-09	-2.6929806594879644e-09
0.0118	2.7891065388917314e-09	-2.7891065388917314e-09	-2.7891065388917347e-09
0.0119	2.8742250890081564e-09	-2.8742250890081564e-09	-2.8742250890081564e-09
0.012	2.9480003858066604e-09	-2.9480003858066604e-09	-2.948000385806662e-09
0.012100000000000001	3.0101412718957517e-09	-3.0101412718957517e-09	-3.0101412718957534e-09
0.0122	3.0604025055873336e-09	-3.0604025055873336e-09	-3.0604025055873336e-09
0.0123	3.098585728754305e-09	-3.098585728754305e-09	-3.0985857287543057e-09
0.012400000000000001	3.124540249659091e-09	-3.124540249659091e-09	-3.1245402496590913e-09
0.0125	3.1381636376650548e-09	-3.1381636376650548e-09	-3.1381636376650548e-09
0.0126	3.139402127483778e-09	-3.139402127483778e-09	-3.1394021274837777e-09
0.012700000000000001	3.1282508313617713e-09	-3.1282508313617713e-09	-3.1282508313617705e-09
0.0128	3.1047537583701625e-09	-3.1047537583701625e-09	-3.104753758370161e-09
0.0129	3.0690036407213674e-09	-3.0690036407213674e-09	-3.0690036407213657e-09
0.013000000000000001	3.0211415677971224e-09	-3.0211415677971224e-09	-3.0211415677971208e-09
0.0131	2.9613564293329283e-09	-2.9613564293329283e-09	-2.9613564293329283e-09
0.0132	2.8898841699572808e-09	-2.8898841699572808e-09	-2.8898841699572775e-09
0.013300000000000001	2.8070068580253125e-09	-2.8070068580253125e-09	-2.8070068580253092e-09
0.0134	2.7130515724241665e-09	-2.7130515724241665e-09	-2.7130515724241632e-09
0.0135	2.6083891117420232e-09	-2.6083891117420232e-09	-2.60838911174202e-09
0.013600000000000001	2.493432530895535e-09	-2.493432530895535e-09	-2.493432530895532e-09
0.0137	2.3686355109904452e-09	-2.3686355109904452e-09	-2.3686355109904386e-09
0.013800000000000002	2.234490568850158e-09	-2.234490568850158e-09	-2.234490568850158e-09
0.013900000000000001	2.091527113276265e-09	-2.091527113276265e-09	-2.0915271132762584e-09
0.014	1.940309355714112e-09	-1.940309355714112e-09	-1.9403093557141055e-09
0.014100000000000001	1.7814340835680263e-09	-1.7814340835680263e-09	-1.7814340835680263e-09
0.0142	1.615528304953832e-09	-1.615528304953832e-09	-1.6155283049538254e-09
0.0143	1.4432467741847066e-09	-1.4432467741847066e-09	-1.4432467741847e-09
0.014400000000000001	1.265269407754628e-09	-1.265269407754628e-09	-1.2652694077546213e-09
0.0145	1.082298601018665e-09	-1.082298601018665e-09	-1.0822986010186583e-09
0.0146	8.950564561597672e-10	-8.950564561597672e-10	-8.950564561597606e-10
0.014700000000000001	7.042819323807988e-10	-7.042819323807988e-10	-7.042819323807922e-10
0.0148	5.10727929570484e-10	-5.10727929570484e-10	-5.107279295704774e-10
0.0149	3.1515831695157344e-10	-3.1515831695157344e-10	-3.151583169515668e-10
0.015000000000000001	1.1834491843779685e-10	-1.1834491843779685e-10	-1.1834491843779024e-10
0.0151	-7.893553340240798e-11	7.893553340240798e-11	7.893553340241459e-11
0.0152	-2.759044627544786e-10	2.759044627544786e-10	2.7590446275448524e-10
0.015300000000000001	-4.717845232408222e-10	4.717845232408222e-10	4.717845232408288e-10
0.0154	-6.658026657517803e-10	6.658026657517803e-10	6.658026657517869e-10
0.0155	-8.571931893173141e-10	8.571931893173141e-10	8.571931893173208e-10
0.015600000000000001	-1.0452007629789608e-09	1.0452007629789608e-09	1.0452007629789675e-09
0.015700000000000002	-1.2290834067358913e-09	1.2290834067358913e-09	1.2290834067358979e-09
0.0158	-1.4081154198012436e-09	1.4081154198012436e-09	1.4081154198012502e-09
0.0159	-1.5815902446113979e-09	1.5815902446113979e-09	1.5815902446114045e-09
0.016	-1.7488232552859145e-09	1.7488232552859145e-09	1.748823255285921e-09
0.0161	-1.9091544595331717e-09	1.9091544595331717e-09	1.9091544595331783e-09
0.0162	-2.0619511033383535e-09	2.0619511033383535e-09	2.0619511033383535e-09
0.016300000000000002	-2.2066101681546244e-09	2.2066101681546244e-09	2.206610168154631e-09
0.0164	-2.342560750741271e-09	2.342560750741271e-09	2.3425607507412742e-09
0.0165	-2.46926631625904e-09	2.46926631625904e-09	2.4692663162590433e-09
0.0166	-2.5862268157270165e-09	2.5862268157270165e-09	2.58622681572702e-09
0.0167	-2.692980659487958e-09	2.692980659487958e-09	2.692980659487961e-09
0.016800000000000002	-2.7891065388918075e-09	2.7891065388918075e-09	2.789106538891811e-09
0.016900000000000002	-2.8742250890080903e-09	2.8742250890080903e-09	2.8742250890080903e-09
0.017	-2.9480003858066555e-09	2.9480003858066555e-09	2.948000385806657e-09
0.0171	-3.0101412718957104e-09	3.0101412718957104e-09	3.010141271895712e-09
0.0172	-3.0604025055873286e-09	3.0604025055873286e-09	3.0604025055873286e-09
0.0173	-3.098585728754303e-09	3.098585728754303e-09	3.098585728754304e-09
0.017400000000000002	-3.1245402496591306e-09	3.1245402496591306e-09	3.124540249659131e-09
0.0175	-3.138163637665058e-09	3.138163637665058e-09	3.138163637665058e-09
0.0176	-3.139402127483778e-09	3.139402127483778e-09	3.1394021274837777e-09
0.0177	-3.1282508313617316e-09	3.1282508313617316e-09	3.1282508313617308e-09
0.0178	-3.1047537583701575e-09	3.1047537583701575e-09	3.104753758370156e-09
0.0179	-3.0690036407213674e-09	3.0690036407213674e-09	3.0690036407213657e-09
0.018000000000000002	-3.021141567797124e-09	3.021141567797124e-09	3.0211415677971224e-09
0.0181	-2.9613564293329283e-09	2.9613564293329283e-09	2.961356429332925e-09
0.0182	-2.8898841699572808e-09	2.8898841699572808e-09	2.8898841699572775e-09
0.0183	-2.8070068580253092e-09	2.8070068580253092e-09	2.807006858025306e-09
0.0184	-2.71305157242417e-09	2.71305157242417e-09	2.7130515724241665e-09
0.018500000000000003	-2.6083891117420894e-09	2.6083891117420894e-09	2.608389111742086e-09
0.018600000000000002	-2.493432530895479e-09	2.493432530895479e-09	2.4934325308954723e-09
0.0187	-2.3686355109904386e-09	2.3686355109904386e-09	2.368635510990432e-09
0.0188	-2.234490568850158e-09	2.234490568850158e-09	2.234490568850158e-09
0.0189	-2.0915271132762584e-09	2.0915271132762584e-09	2.0915271132762517e-09
0.019	-1.9403093557141253e-09	1.9403093557141253e-09	1.9403093557141187e-09
0.019100000000000002	-1.7814340835680263e-09	1.7814340835680263e-09	1.7814340835680263e-09
0.019200000000000002	-1.615528304953832e-09	1.615528304953832e-09	1.6155283049538254e-09
0.0193	-1.4432467741847e-09	1.4432467741847e-09	1.4432467741846933e-09
0.0194	-1.2652694077546014e-09	1.2652694077546014e-09	1.2652694077545948e-09
0.0195	-1.0822986010186914e-09	1.0822986010186914e-09	1.0822986010186848e-09
0.0196	-8.950564561597672e-10	8.950564561597672e-10	8.950564561597672e-10
0.019700000000000002	-7.042819323808186e-10	7.042819323808186e-10	7.04281932380812e-10
0.0198	-5.107279295704708e-10	5.107279295704708e-10	5.107279295704642e-10
0.0199	-3.1515831695157344e-10	3.1515831695157344e-10	3.151583169515668e-10
0.02	-1.1834491843779685e-10	1.1834491843779685e-10	1.1834491843779024e-10
0.0201	7.893553340239474e-11	-7.893553340239474e-11	-7.893553340240136e-11
0.020200000000000003	2.7590446275449186e-10	-2.7590446275449186e-10	-2.759044627544985e-10
0.020300000000000002	4.717845232408288e-10	-4.717845232408288e-10	-4.717845232408354e-10
0.0204	6.658026657517803e-10	-6.658026657517803e-10	-6.658026657517869e-10
0.0205	8.571931893173141e-10	-8.571931893173141e-10	-8.571931893173208e-10
0.0206	1.0452007629789344e-09	-1.0452007629789344e-09	-1.045200762978941e-09
0.0207	1.2290834067358913e-09	-1.2290834067358913e-09	-1.2290834067358979e-09
0.020800000000000003	1.4081154198012965e-09	-1.4081154198012965e-09	-1.4081154198013031e-09
0.020900000000000002	1.5815902446113979e-09	-1.5815902446113979e-09	-1.5815902446114045e-09
0.021	1.748823255285921e-09	-1.748823255285921e-09	-1.7488232552859277e-09
0.0211	1.9091544595331783e-09	-1.9091544595331783e-09	-1.9091544595331783e-09
0.0212	2.061951103338347e-09	-2.061951103338347e-09	-2.0619511033383535e-09
0.0213	2.206610168154512e-09	-2.206610168154512e-09	-2.2066101681545185e-09
0.021400000000000002	2.3425607507413106e-09	-2.3425607507413106e-09	-2.3425607507413173e-09
0.021500000000000002	2.46926631625904e-09	-2.46926631625904e-09	-2.4692663162590433e-09
0.0216	2.58622681572701e-09	-2.58622681572701e-09	-2.5862268157270132e-09
0.0217	2.6929806594879545e-09	-2.6929806594879545e-09	-2.692980659487958e-09
0.0218	2.789106538891738e-09	-2.789106538891738e-09	-2.7891065388917413e-09
0.0219	2.8742250890080836e-09	-2.8742250890080836e-09	-2.874225089008087e-09
0.022000000000000002	2.94800038580673e-09	-2.94800038580673e-09	-2.9480003858067316e-09
0.0221	3.010141271895717e-09	-3.010141271895717e-09	-3.0101412718957187e-09
0.0222	3.0604025055873286e-09	-3.0604025055873286e-09	-3.0604025055873303e-09
0.0223	3.0985857287543023e-09	-3.0985857287543023e-09	-3.098585728754303e-09
0.0224	3.1245402496590516e-09	-3.1245402496590516e-09	-3.124540249659052e-09
0.022500000000000003	3.1381636376651313e-09	-3.1381636376651313e-09	-3.1381636376651313e-09
0.022600000000000002	3.1394021274837847e-09	-3.1394021274837847e-09	-3.1394021274837843e-09
0.0227	3.128250831361731e-09	-3.128250831361731e-09	-3.1282508313617304e-09
0.0228	3.1047537583701583e-09	-3.1047537583701583e-09	-3.1047537583701567e-09
0.0229	3.069003640721369e-09	-3.069003640721369e-09	-3.0690036407213674e-09
0.023	3.0211415677970496e-09	-3.0211415677970496e-09	-3.021141567797048e-09
0.023100000000000002	2.961356429332996e-09	-2.961356429332996e-09	-2.961356429332996e-09
0.023200000000000002	2.8898841699572907e-09	-2.8898841699572907e-09	-2.8898841699572874e-09
0.0233	2.8070068580253125e-09	-2.8070068580253125e-09	-2.8070068580253092e-09
0.0234	2.7130515724241665e-09	-2.7130515724241665e-09	-2.7130515724241632e-09
0.0235	2.6083891117420265e-09	-2.6083891117420265e-09	-2.6083891117420232e-09
0.0236	2.4934325308954756e-09	-2.4934325308954756e-09	-2.493432530895469e-09
0.023700000000000002	2.368635510990551e-09	-2.368635510990551e-09	-2.368635510990551e-09
0.0238	2.2344905688501644e-09	-2.2344905688501644e-09	-2.2344905688501644e-09
0.0239	2.0915271132762584e-09	-2.0915271132762584e-09	-2.0915271132762517e-09
0.024	1.940309355714112e-09	-1.940309355714112e-09	-1.9403093557141055e-09
0.0241	1.7814340835679866e-09	-1.7814340835679866e-09	-1.78143408356798e-09
0.024200000000000003	1.6155283049538718e-09	-1.6155283049538718e-09	-1.6155283049538651e-09
0.024300000000000002	1.4432467741847e-09	-1.4432467741847e-09	-1.4432467741846933e-09
0.0244	1.2652694077545948e-09	-1.2652694077545948e-09	-1.2652694077545882e-09
0.0245	1.0822986010186914e-09	-1.0822986010186914e-09	-1.0822986010186848e-09
0.0246	8.950564561597606e-10	-8.950564561597606e-10	-8.95056456159754e-10
0.0247	7.042819323807723e-10	-7.042819323807723e-10	-7.042819323807657e-10
0.024800000000000003	5.107279295704973e-10	-5.107279295704973e-10	-5.107279295704906e-10
0.024900000000000002	3.1515831695157344e-10	-3.1515831695157344e-10	-3.151583169515668e-10
0.025	1.1834491843779685e-10	-1.1834491843779685e-10	-1.1834491843779024e-10
0.0251	-7.893553340240136e-11	7.893553340240136e-11	7.893553340240798e-11
0.0252	-2.759044627544786e-10	2.759044627544786e-10	2.7590446275448524e-10
0.0253	-4.717845232408222e-10	4.717845232408222e-10	4.717845232408288e-10
0.025400000000000002	-6.658026657517935e-10	6.658026657517935e-10	6.658026657518002e-10
0.025500000000000002	-8.571931893173141e-10	8.571931893173141e-10	8.571931893173208e-10
0.0256	-1.0452007629789344e-09	1.0452007629789344e-09	1.045200762978941e-09
0.0257	-1.2290834067358913e-09	1.2290834067358913e-09	1.2290834067358979e-09
0.0258	-1.4081154198012502e-09	1.4081154198012502e-09	1.4081154198012568e-09
0.025900000000000003	-1.5815902446114905e-09	1.5815902446114905e-09	1.5815902446114905e-09
0.026000000000000002	-1.7488232552859343e-09	1.7488232552859343e-09	1.748823255285941e-09
0.0261	-1.9091544595331717e-09	1.9091544595331717e-09	1.9091544595331717e-09
0.0262	-2.0619511033383668e-09	2.0619511033383668e-09	2.0619511033383734e-09
0.0263	-2.2066101681545185e-09	2.2066101681545185e-09	2.206610168154525e-09
0.0264	-2.3425607507412643e-09	2.3425607507412643e-09	2.342560750741271e-09
0.026500000000000003	-2.4692663162590366e-09	2.4692663162590366e-09	2.46926631625904e-09
0.026600000000000002	-2.5862268157270132e-09	2.5862268157270132e-09	2.5862268157270165e-09
0.0267	-2.692980659487958e-09	2.692980659487958e-09	2.692980659487961e-09
0.0268	-2.7891065388917347e-09	2.7891065388917347e-09	2.789106538891738e-09
0.0269	-2.8742250890080836e-09	2.8742250890080836e-09	2.8742250890080836e-09
0.027	-2.948000385806654e-09	2.948000385806654e-09	2.9480003858066555e-09
0.027100000000000003	-3.0101412718958642e-09	3.0101412718958642e-09	3.010141271895866e-09
0.027200000000000002	-3.0604025055873435e-09	3.0604025055873435e-09	3.060402505587345e-09
0.0273	-3.098585728754305e-09	3.098585728754305e-09	3.0985857287543057e-09
0.0274	-3.124540249659049e-09	3.124540249659049e-09	3.1245402496590495e-09
0.0275	-3.1381636376650506e-09	3.1381636376650506e-09	3.1381636376650506e-09
0.027600000000000003	-3.1394021274837777e-09	3.1394021274837777e-09	3.1394021274837773e-09
0.027700000000000002	-3.128250831361731e-09	3.128250831361731e-09	3.1282508313617304e-09
0.027800000000000002	-3.1047537583701583e-09	3.1047537583701583e-09	3.1047537583701567e-09
0.0279	-3.0690036407213707e-09	3.0690036407213707e-09	3.069003640721369e-09
0.028	-3.021141567797048e-09	3.021141567797048e-09	3.0211415677970463e-09
0.0281	-2.9613564293329233e-09	2.9613564293329233e-09	2.96135642933292e-09
0.028200000000000003	-2.8898841699574297e-09	2.8898841699574297e-09	2.8898841699574264e-09
0.028300000000000002	-2.8070068580253258e-09	2.8070068580253258e-09	2.8070068580253225e-09
0.0284	-2.7130515724241632e-09	2.7130515724241632e-09	2.71305157242416e-09
0.0285	-2.6083891117420232e-09	2.6083891117420232e-09	2.60838911174202e-09
0.0286	-2.493432530895469e-09	2.493432530895469e-09	2.4934325308954657e-09
0.0287	-2.3686355109904386e-09	2.3686355109904386e-09	2.3686355109904386e-09
0.028800000000000003	-2.2344905688502703e-09	2.2344905688502703e-09	2.2344905688502637e-09
0.028900000000000002	-2.091527113276159e-09	2.091527113276159e-09	2.091527113276159e-09
0.029	-1.940309355714099e-09	1.940309355714099e-09	1.940309355714099e-09
0.0291	-1.7814340835679866e-09	1.7814340835679866e-09	1.78143408356798e-09
0.0292	-1.6155283049538254e-09	1.6155283049538254e-09	1.6155283049538188e-09
0.029300000000000003	-1.4432467741847661e-09	1.4432467741847661e-09	1.4432467741847661e-09
0.029400000000000003	-1.2652694077546014e-09	1.2652694077546014e-09	1.2652694077545948e-09
0.029500000000000002	-1.0822986010186914e-09	1.0822986010186914e-09	1.0822986010186848e-09
0.0296	-8.950564561597672e-10	8.950564561597672e-10	8.950564561597606e-10
0.0297	-7.042819323807723e-10	7.042819323807723e-10	7.042819323807657e-10
0.0298	-5.10727929570484e-10	5.10727929570484e-10	5.107279295704774e-10
0.029900000000000003	-3.1515831695158006e-10	3.1515831695158006e-10	3.1515831695157344e-10
0.030000000000000002	-1.1834491843779685e-10	1.1834491843779685e-10	1.1834491843779024e-10
0.030100000000000002	7.893553340240798e-11	-7.893553340240798e-11	-7.893553340241459e-11
0.0302	2.7590446275448524e-10	-2.7590446275448524e-10	-2.7590446275449186e-10
0.0303	4.717845232408222e-10	-4.717845232408222e-10	-4.717845232408288e-10
0.0304	6.658026657517869e-10	-6.658026657517869e-10	-6.658026657517935e-10
0.030500000000000003	8.571931893173141e-10	-8.571931893173141e-10	-8.571931893173208e-10
0.030600000000000002	1.0452007629789344e-09	-1.0452007629789344e-09	-1.045200762978941e-09
0.0307	1.2290834067358913e-09	-1.2290834067358913e-09	-1.2290834067358979e-09
0.0308	1.4081154198012436e-09	-1.4081154198012436e-09	-1.4081154198012502e-09
0.0309	1.5815902446114045e-09	-1.5815902446114045e-09	-1.581590244611411e-09
0.031	1.7488232552859145e-09	-1.7488232552859145e-09	-1.7488232552859145e-09
0.031100000000000003	1.909154459533271e-09	-1.909154459533271e-09	-1.909154459533271e-09
0.031200000000000002	2.0619511033383668e-09	-2.0619511033383668e-09	-2.0619511033383734e-09
0.0313	2.2066101681545185e-09	-2.2066101681545185e-09	-2.206610168154525e-09
0.031400000000000004	2.3425607507412676e-09	-2.3425607507412676e-09	-2.342560750741271e-09
0.0315	2.4692663162590366e-09	-2.4692663162590366e-09	-2.46926631625904e-09
0.0316	2.5862268157270066e-09	-2.5862268157270066e-09	-2.58622681572701e-09
0.0317	2.692980659487958e-09	-2.692980659487958e-09	-2.692980659487961e-09
0.0318	2.7891065388917347e-09	-2.7891065388917347e-09	-2.789106538891738e-09
0.031900000000000005	2.8742250890082325e-09	-2.8742250890082325e-09	-2.874225089008236e-09
0.032	2.9480003858065165e-09	-2.9480003858065165e-09	-2.948000385806518e-09
0.032100000000000004	3.010141271895851e-09	-3.010141271895851e-09	-3.0101412718958527e-09
0.0322	3.0604025055871814e-09	-3.0604025055871814e-09	-3.0604025055871814e-09
0.0323	3.0985857287544496e-09	-3.0985857287544496e-09	-3.0985857287544504e-09
0.0324	3.124540249658903e-09	-3.124540249658903e-09	-3.1245402496589035e-09
0.0325	3.1381636376651974e-09	-3.1381636376651974e-09	-3.1381636376651974e-09
0.032600000000000004	3.1394021274839526e-09	-3.1394021274839526e-09	-3.1394021274839522e-09
0.0327	3.1282508313615844e-09	-3.1282508313615844e-09	-3.1282508313615835e-09
0.0328	3.104753758370303e-09	-3.104753758370303e-09	-3.1047537583703014e-09
0.0329	3.0690036407212268e-09	-3.0690036407212268e-09	-3.069003640721225e-09
0.033	3.021141567797187e-09	-3.021141567797187e-09	-3.0211415677971853e-09
0.033100000000000004	2.96135642933293e-09	-2.96135642933293e-09	-2.9613564293329266e-09
0.0332	2.8898841699572808e-09	-2.8898841699572808e-09	-2.8898841699572775e-09
0.0333	2.8070068580253125e-09	-2.8070068580253125e-09	-2.8070068580253092e-09
0.0334	2.7130515724241665e-09	-2.7130515724241665e-09	-2.71305157242416e-09
0.0335	2.6083891117420265e-09	-2.6083891117420265e-09	-2.6083891117420232e-09
0.033600000000000005	2.4934325308956046e-09	-2.4934325308956046e-09	-2.493432530895598e-09
0.0337	2.368635510990323e-09	-2.368635510990323e-09	-2.368635510990323e-09
0.033800000000000004	2.2344905688502504e-09	-2.2344905688502504e-09	-2.234490568850244e-09
0.0339	2.0915271132761723e-09	-2.0915271132761723e-09	-2.0915271132761657e-09
0.034	1.9403093557142047e-09	-1.9403093557142047e-09	-1.940309355714198e-09
0.0341	1.7814340835679006e-09	-1.7814340835679006e-09	-1.781434083567894e-09
0.0342	1.6155283049539048e-09	-1.6155283049539048e-09	-1.6155283049538982e-09
0.034300000000000004	1.4432467741847e-09	-1.4432467741847e-09	-1.4432467741847e-09
0.0344	1.2652694077545948e-09	-1.2652694077545948e-09	-1.2652694077545882e-09
0.0345	1.0822986010186848e-09	-1.0822986010186848e-09	-1.0822986010186781e-09
0.0346	8.950564561597606e-10	-8.950564561597606e-10	-8.95056456159754e-10
0.0347	7.042819323807723e-10	-7.042819323807723e-10	-7.042819323807657e-10
0.034800000000000005	5.107279295704973e-10	-5.107279295704973e-10	-5.107279295704906e-10
0.0349	3.151583169515668e-10	-3.151583169515668e-10	-3.151583169515602e-10
0.035	1.1834491843779685e-10	-1.1834491843779685e-10	-1.1834491843779024e-10
0.0351	-7.893553340239474e-11	7.893553340239474e-11	7.893553340240136e-11
0.0352	-2.7590446275449186e-10	2.7590446275449186e-10	2.759044627544985e-10
0.035300000000000005	-4.717845232408222e-10	4.717845232408222e-10	4.717845232408288e-10
0.0354	-6.658026657517869e-10	6.658026657517869e-10	6.658026657517935e-10
0.035500000000000004	-8.571931893173141e-10	8.571931893173141e-10	8.571931893173208e-10
0.0356	-1.0452007629789344e-09	1.0452007629789344e-09	1.045200762978941e-09
0.0357	-1.2290834067358913e-09	1.2290834067358913e-09	1.2290834067358979e-09
0.0358	-1.4081154198012502e-09	1.4081154198012502e-09	1.4081154198012568e-09
0.0359	-1.5815902446113979e-09	1.5815902446113979e-09	1.5815902446114045e-09
0.036000000000000004	-1.7488232552860137e-09	1.7488232552860137e-09	1.7488232552860203e-09
0.0361	-1.9091544595330857e-09	1.9091544595330857e-09	1.9091544595330857e-09
0.0362	-2.061951103338453e-09	2.061951103338453e-09	2.0619511033384594e-09
0.0363	-2.206610168154406e-09	2.206610168154406e-09	2.2066101681544126e-09
0.0364	-2.342560750741367e-09	2.342560750741367e-09	2.3425607507413735e-09
0.036500000000000005	-2.469266316259179e-09	2.469266316259179e-09	2.4692663162591822e-09
0.0366	-2.586226815726891e-09	2.586226815726891e-09	2.586226815726894e-09
0.0367	-2.6929806594880835e-09	2.6929806594880835e-09	2.692980659488087e-09
0.0368	-2.7891065388916057e-09	2.7891065388916057e-09	2.789106538891609e-09
0.0369	-2.8742250890082226e-09	2.8742250890082226e-09	2.8742250890082226e-09
0.037000000000000005	-2.9480003858066687e-09	2.9480003858066687e-09	2.9480003858066704e-09
0.0371	-3.0101412718957104e-09	3.0101412718957104e-09	3.010141271895712e-09
0.037200000000000004	-3.0604025055873303e-09	3.0604025055873303e-09	3.060402505587332e-09
0.0373	-3.098585728754305e-09	3.098585728754305e-09	3.0985857287543057e-09
0.0374	-3.1245402496590508e-09	3.1245402496590508e-09	3.124540249659051e-09
0.0375	-3.138163637665051e-09	3.138163637665051e-09	3.138163637665051e-09
0.0376	-3.139402127483778e-09	3.139402127483778e-09	3.1394021274837777e-09
0.037700000000000004	-3.1282508313618913e-09	3.1282508313618913e-09	3.1282508313618904e-09
0.0378	-3.1047537583700127e-09	3.1047537583700127e-09	3.104753758370011e-09
0.0379	-3.0690036407215113e-09	3.0690036407215113e-09	3.0690036407215097e-09
0.038	-3.021141567796904e-09	3.021141567796904e-09	3.0211415677969007e-09
0.0381	-2.9613564293330623e-09	2.9613564293330623e-09	2.961356429333059e-09
0.038200000000000005	-2.8898841699572907e-09	2.8898841699572907e-09	2.8898841699572907e-09
0.0383	-2.807006858025316e-09	2.807006858025316e-09	2.8070068580253125e-09
0.038400000000000004	-2.7130515724241665e-09	2.7130515724241665e-09	2.7130515724241632e-09
0.0385	-2.6083891117420265e-09	2.6083891117420265e-09	2.6083891117420232e-09
0.0386	-2.4934325308954723e-09	2.4934325308954723e-09	2.493432530895469e-09
0.038700000000000005	-2.368635510990561e-09	2.368635510990561e-09	2.3686355109905544e-09
0.0388	-2.2344905688500453e-09	2.2344905688500453e-09	2.2344905688500453e-09
0.038900000000000004	-2.0915271132763576e-09	2.0915271132763576e-09	2.091527113276351e-09
0.039	-1.9403093557140327e-09	1.9403093557140327e-09	1.940309355714026e-09
0.0391	-1.781434083568066e-09	1.781434083568066e-09	1.7814340835680594e-09
0.0392	-1.6155283049537593e-09	1.6155283049537593e-09	1.6155283049537526e-09
0.0393	-1.4432467741847661e-09	1.4432467741847661e-09	1.4432467741847595e-09
0.039400000000000004	-1.265269407754661e-09	1.265269407754661e-09	1.2652694077546544e-09
0.0395	-1.082298601018645e-09	1.082298601018645e-09	1.0822986010186384e-09
0.0396	-8.95056456159754e-10	8.95056456159754e-10	8.950564561597474e-10
0.0397	-7.042819323807789e-10	7.042819323807789e-10	7.042819323807723e-10
0.0398	-5.107279295704774e-10	5.107279295704774e-10	5.107279295704708e-10
0.039900000000000005	-3.151583169515867e-10	3.151583169515867e-10	3.1515831695158006e-10
0.04	-1.1834491843779685e-10	1.1834491843779685e-10	1.1834491843779024e-10
0.040100000000000004	7.893553340240798e-11	-7.893553340240798e-11	-7.893553340241459e-11
0.0402	2.759044627544654e-10	-2.759044627544654e-10	-2.75904462754472e-10
0.0403	4.71784523240842e-10	-4.71784523240842e-10	-4.717845232408486e-10
0.040400000000000005	6.658026657518266e-10	-6.658026657518266e-10	-6.658026657518332e-10
0.0405	8.571931893172877e-10	-8.571931893172877e-10	-8.571931893172943e-10
0.040600000000000004	1.045200762978994e-09	-1.045200762978994e-09	-1.045200762978994e-09
0.0407	1.2290834067358317e-09	-1.2290834067358317e-09	-1.2290834067358383e-09
0.0408	1.408115419801323e-09	-1.408115419801323e-09	-1.4081154198013296e-09
0.0409	1.581590244611325e-09	-1.581590244611325e-09	-1.5815902446113317e-09
0.041	1.7488232552860005e-09	-1.7488232552860005e-09	-1.748823255286007e-09
0.041100000000000005	1.909154459533185e-09	-1.909154459533185e-09	-1.9091544595331916e-09
0.0412	2.06195110333836e-09	-2.06195110333836e-09	-2.0619511033383668e-09
0.0413	2.206610168154512e-09	-2.206610168154512e-09	-2.2066101681545185e-09
0.0414	2.3425607507412577e-09	-2.3425607507412577e-09	-2.342560750741261e-09
0.0415	2.46926631625904e-09	-2.46926631625904e-09	-2.4692663162590433e-09
0.041600000000000005	2.586226815727152e-09	-2.586226815727152e-09	-2.5862268157271555e-09
0.0417	2.692980659487832e-09	-2.692980659487832e-09	-2.6929806594878354e-09
0.041800000000000004	2.7891065388918704e-09	-2.7891065388918704e-09	-2.7891065388918737e-09
0.0419	2.874225089007948e-09	-2.874225089007948e-09	-2.8742250890079513e-09
0.042	2.948000385806796e-09	-2.948000385806796e-09	-2.9480003858067978e-09
0.042100000000000005	3.0101412718957203e-09	-3.0101412718957203e-09	-3.010141271895722e-09
0.0422	3.060402505587327e-09	-3.060402505587327e-09	-3.0604025055873286e-09
0.042300000000000004	3.098585728754304e-09	-3.098585728754304e-09	-3.098585728754305e-09
0.0424	3.1245402496590508e-09	-3.1245402496590508e-09	-3.124540249659051e-09
0.0425	3.138163637665051e-09	-3.138163637665051e-09	-3.138163637665051e-09
0.0426	3.1394021274837777e-09	-3.1394021274837777e-09	-3.1394021274837773e-09
0.0427	3.1282508313617295e-09	-3.1282508313617295e-09	-3.1282508313617287e-09
0.042800000000000005	3.1047537583703163e-09	-3.1047537583703163e-09	-3.1047537583703147e-09
0.0429	3.069003640721225e-09	-3.069003640721225e-09	-3.0690036407212235e-09
0.043000000000000003	3.0211415677971886e-09	-3.0211415677971886e-09	-3.0211415677971853e-09
0.0431	2.961356429332781e-09	-2.961356429332781e-09	-2.961356429332781e-09
0.0432	2.889884169957423e-09	-2.889884169957423e-09	-2.8898841699574198e-09
0.043300000000000005	2.8070068580254647e-09	-2.8070068580254647e-09	-2.8070068580254614e-09
0.0434	2.713051572424041e-09	-2.713051572424041e-09	-2.713051572424034e-09
0.043500000000000004	2.608389111742139e-09	-2.608389111742139e-09	-2.6083891117421357e-09
0.0436	2.49343253089535e-09	-2.49343253089535e-09	-2.4934325308953465e-09
0.0437	2.3686355109905445e-09	-2.3686355109905445e-09	-2.3686355109905445e-09
0.0438	2.234490568850052e-09	-2.234490568850052e-09	-2.234490568850052e-09
0.0439	2.0915271132763576e-09	-2.0915271132763576e-09	-2.091527113276351e-09
0.044000000000000004	1.9403093557141187e-09	-1.9403093557141187e-09	-1.940309355714112e-09
0.0441	1.78143408356798e-09	-1.78143408356798e-09	-1.7814340835679734e-09
0.0442	1.615528304953832e-09	-1.615528304953832e-09	-1.6155283049538254e-09
0.0443	1.4432467741846205e-09	-1.4432467741846205e-09	-1.443246774184614e-09
0.0444	1.2652694077546544e-09	-1.2652694077546544e-09	-1.2652694077546544e-09
0.044500000000000005	1.082298601018751e-09	-1.082298601018751e-09	-1.0822986010187443e-09
0.0446	8.950564561597275e-10	-8.950564561597275e-10	-8.950564561597209e-10
0.044700000000000004	7.042819323808054e-10	-7.042819323808054e-10	-7.042819323807988e-10
0.0448	5.107279295704576e-10	-5.107279295704576e-10	-5.107279295704509e-10
0.0449	3.151583169515867e-10	-3.151583169515867e-10	-3.1515831695158006e-10
0.045000000000000005	1.1834491843779685e-10	-1.1834491843779685e-10	-1.1834491843779024e-10
0.0451	-7.893553340240798e-11	7.893553340240798e-11	7.893553340241459e-11
0.045200000000000004	-2.759044627544786e-10	2.759044627544786e-10	2.7590446275448524e-10
0.0453	-4.717845232408288e-10	4.717845232408288e-10	4.717845232408354e-10
0.0454	-6.658026657517869e-10	6.658026657517869e-10	6.658026657517869e-10
0.0455	-8.571931893173208e-10	8.571931893173208e-10	8.571931893173274e-10
0.0456	-1.045200762978941e-09	1.045200762978941e-09	1.0452007629789476e-09
0.045700000000000005	-1.229083406735964e-09	1.229083406735964e-09	1.2290834067359707e-09
0.0458	-1.4081154198011906e-09	1.4081154198011906e-09	1.4081154198011906e-09
0.0459	-1.5815902446114839e-09	1.5815902446114839e-09	1.5815902446114905e-09
0.046	-1.7488232552858284e-09	1.7488232552858284e-09	1.748823255285835e-09
0.0461	-1.9091544595332577e-09	1.9091544595332577e-09	1.9091544595332644e-09
0.046200000000000005	-2.0619511033383668e-09	2.0619511033383668e-09	2.0619511033383668e-09
0.0463	-2.2066101681545185e-09	2.2066101681545185e-09	2.206610168154525e-09
0.046400000000000004	-2.3425607507412643e-09	2.3425607507412643e-09	2.3425607507412676e-09
0.0465	-2.4692663162590333e-09	2.4692663162590333e-09	2.4692663162590366e-09
0.0466	-2.5862268157270132e-09	2.5862268157270132e-09	2.5862268157270165e-09
0.046700000000000005	-2.6929806594880968e-09	2.6929806594880968e-09	2.6929806594881e-09
0.0468	-2.7891065388916057e-09	2.7891065388916057e-09	2.789106538891609e-09
0.046900000000000004	-2.8742250890082193e-09	2.8742250890082193e-09	2.8742250890082226e-09
0.047	-2.948000385806515e-09	2.948000385806515e-09	2.9480003858065165e-09
0.0471	-3.010141271895851e-09	3.010141271895851e-09	3.0101412718958527e-09
0.0472	-3.060402505587183e-09	3.060402505587183e-09	3.0604025055871847e-09
0.0473	-3.0985857287544496e-09	3.0985857287544496e-09	3.0985857287544504e-09
0.047400000000000005	-3.124540249659225e-09	3.124540249659225e-09	3.1245402496592253e-09
0.0475	-3.1381636376649055e-09	3.1381636376649055e-09	3.1381636376649055e-09
0.0476	-3.139402127483926e-09	3.139402127483926e-09	3.1394021274839253e-09
0.0477	-3.1282508313615823e-09	3.1282508313615823e-09	3.1282508313615815e-09
0.0478	-3.104753758370303e-09	3.104753758370303e-09	3.1047537583703014e-09
0.047900000000000005	-3.0690036407213823e-09	3.0690036407213823e-09	3.0690036407213806e-09
0.048	-3.0211415677970447e-09	3.0211415677970447e-09	3.021141567797043e-09
0.048100000000000004	-2.96135642933292e-09	2.96135642933292e-09	2.9613564293329167e-09
0.0482	-2.889884169957284e-09	2.889884169957284e-09	2.8898841699572808e-09
0.0483	-2.807006858025316e-09	2.807006858025316e-09	2.8070068580253125e-09
0.048400000000000006	-2.713051572424299e-09	2.713051572424299e-09	2.7130515724242956e-09
0.0485	-2.608389111741901e-09	2.608389111741901e-09	2.6083891117418975e-09
0.048600000000000004	-2.493432530895578e-09	2.493432530895578e-09	2.493432530895575e-09
0.0487	-2.368635510990326e-09	2.368635510990326e-09	2.3686355109903195e-09
0.0488	-2.234490568850257e-09	2.234490568850257e-09	2.234490568850257e-09
0.0489	-2.0915271132761657e-09	2.0915271132761657e-09	2.091527113276159e-09
0.049	-1.9403093557142047e-09	1.9403093557142047e-09	1.940309355714198e-09
0.049100000000000005	-1.7814340835679932e-09	1.7814340835679932e-09	1.7814340835679866e-09
0.0492	-1.6155283049538254e-09	1.6155283049538254e-09	1.6155283049538188e-09
0.049300000000000004	-1.4432467741846933e-09	1.4432467741846933e-09	1.4432467741846867e-09
0.0494	-1.2652694077545948e-09	1.2652694077545948e-09	1.2652694077545948e-09
0.0495	-1.082298601018698e-09	1.082298601018698e-09	1.082298601018698e-09
0.049600000000000005	-8.950564561598135e-10	8.950564561598135e-10	8.950564561598069e-10
0.0497	-7.042819323807326e-10	7.042819323807326e-10	7.04281932380726e-10
0.049800000000000004	-5.107279295704973e-10	5.107279295704973e-10	5.107279295704906e-10
0.0499	-3.151583169515668e-10	3.151583169515668e-10	3.151583169515602e-10
0.05	-1.1834491843779685e-10	1.1834491843779685e-10	1.1834491843779024e-10
0.050100000000000006	7.893553340240798e-11	-7.893553340240798e-11	-7.893553340241459e-11
0.0502	2.759044627544786e-10	-2.759044627544786e-10	-2.7590446275448524e-10
0.050300000000000004	4.717845232408288e-10	-4.717845232408288e-10	-4.717845232408288e-10
0.0504	6.658026657517869e-10	-6.658026657517869e-10	-6.658026657517869e-10
0.0505	8.571931893173208e-10	-8.571931893173208e-10	-8.571931893173274e-10
0.0506	1.045200762978941e-09	-1.045200762978941e-09	-1.0452007629789476e-09
0.0507	1.2290834067358913e-09	-1.2290834067358913e-09	-1.2290834067358979e-09
0.050800000000000005	1.4081154198013296e-09	-1.4081154198013296e-09	-1.4081154198013362e-09
0.0509	1.581590244611325e-09	-1.581590244611325e-09	-1.5815902446113317e-09
0.051000000000000004	1.748823255286007e-09	-1.748823255286007e-09	-1.7488232552860137e-09
0.0511	1.9091544595330857e-09	-1.9091544595330857e-09	-1.9091544595330923e-09
0.0512	2.061951103338453e-09	-2.061951103338453e-09	-2.061951103338453e-09
0.051300000000000005	2.2066101681546442e-09	-2.2066101681546442e-09	-2.2066101681546442e-09
0.0514	2.342560750741155e-09	-2.342560750741155e-09	-2.3425607507411584e-09
0.051500000000000004	2.4692663162591558e-09	-2.4692663162591558e-09	-2.469266316259159e-09
0.0516	2.586226815726894e-09	-2.586226815726894e-09	-2.5862268157268974e-09
0.0517	2.69298065948809e-09	-2.69298065948809e-09	-2.6929806594880935e-09
0.051800000000000006	2.7891065388919e-09	-2.7891065388919e-09	-2.7891065388919035e-09
0.0519	2.8742250890079546e-09	-2.8742250890079546e-09	-2.8742250890079546e-09
0.052000000000000005	2.9480003858067944e-09	-2.9480003858067944e-09	-2.948000385806796e-09
0.0521	3.0101412718955714e-09	-3.0101412718955714e-09	-3.010141271895573e-09
0.0522	3.0604025055874742e-09	-3.0604025055874742e-09	-3.060402505587476e-09
0.0523	3.09858572875416e-09	-3.09858572875416e-09	-3.098585728754161e-09
0.0524	3.1245402496591976e-09	-3.1245402496591976e-09	-3.124540249659198e-09
0.052500000000000005	3.138163637664903e-09	-3.138163637664903e-09	-3.138163637664903e-09
0.0526	3.1394021274839253e-09	-3.1394021274839253e-09	-3.1394021274839253e-09
0.052700000000000004	3.128250831361583e-09	-3.128250831361583e-09	-3.1282508313615823e-09
0.0528	3.1047537583703047e-09	-3.1047537583703047e-09	-3.104753758370303e-09
0.0529	3.0690036407212235e-09	-3.0690036407212235e-09	-3.069003640721222e-09
0.053000000000000005	3.0211415677971886e-09	-3.0211415677971886e-09	-3.021141567797187e-09
0.0531	2.9613564293327827e-09	-2.9613564293327827e-09	-2.9613564293327827e-09
0.053200000000000004	2.8898841699574198e-09	-2.8898841699574198e-09	-2.8898841699574165e-09
0.0533	2.8070068580251835e-09	-2.8070068580251835e-09	-2.80700685802518e-09
0.0534	2.7130515724242956e-09	-2.7130515724242956e-09	-2.7130515724242923e-09
0.053500000000000006	2.6083891117421655e-09	-2.6083891117421655e-09	-2.608389111742162e-09
0.0536	2.49343253089535e-09	-2.49343253089535e-09	-2.4934325308953465e-09
0.053700000000000005	2.368635510990548e-09	-2.368635510990548e-09	-2.368635510990541e-09
0.0538	2.234490568850052e-09	-2.234490568850052e-09	-2.2344905688500453e-09
0.0539	2.0915271132763576e-09	-2.0915271132763576e-09	-2.0915271132763576e-09
0.054	1.9403093557140194e-09	-1.9403093557140194e-09	-1.940309355714013e-09
0.0541	1.781434083568066e-09	-1.781434083568066e-09	-1.781434083568066e-09
0.054200000000000005	1.615528304953918e-09	-1.615528304953918e-09	-1.6155283049539115e-09
0.0543	1.4432467741846271e-09	-1.4432467741846271e-09	-1.4432467741846205e-09
0.054400000000000004	1.2652694077546478e-09	-1.2652694077546478e-09	-1.2652694077546412e-09
0.0545	1.0822986010186384e-09	-1.0822986010186384e-09	-1.0822986010186384e-09
0.0546	8.950564561598003e-10	-8.950564561598003e-10	-8.950564561597937e-10
0.054700000000000006	7.042819323807922e-10	-7.042819323807922e-10	-7.042819323807855e-10
0.0548	5.107279295704443e-10	-5.107279295704443e-10	-5.107279295704377e-10
0.054900000000000004	3.1515831695157344e-10	-3.1515831695157344e-10	-3.151583169515668e-10
0.055	1.1834491843778362e-10	-1.1834491843778362e-10	-1.18344918437777e-10
0.0551	-7.893553340241459e-11	7.893553340241459e-11	7.893553340242121e-11
0.055200000000000006	-2.75904462754472e-10	2.75904462754472e-10	2.759044627544786e-10
0.0553	-4.717845232408553e-10	4.717845232408553e-10	4.717845232408619e-10
0.055400000000000005	-6.658026657517538e-10	6.658026657517538e-10	6.658026657517605e-10
0.0555	-8.571931893173671e-10	8.571931893173671e-10	8.571931893173737e-10
0.055600000000000004	-1.0452007629789013e-09	1.0452007629789013e-09	1.045200762978908e-09
0.0557	-1.2290834067359508e-09	1.2290834067359508e-09	1.2290834067359575e-09
0.0558	-1.408115419801184e-09	1.408115419801184e-09	1.4081154198011906e-09
0.055900000000000005	-1.5815902446114773e-09	1.5815902446114773e-09	1.5815902446114773e-09
0.056	-1.7488232552858284e-09	1.7488232552858284e-09	1.748823255285835e-09
0.056100000000000004	-1.9091544595332644e-09	1.9091544595332644e-09	1.909154459533271e-09
0.0562	-2.0619511033382543e-09	2.0619511033382543e-09	2.061951103338261e-09
0.0563	-2.2066101681546045e-09	2.2066101681546045e-09	2.2066101681546045e-09
0.056400000000000006	-2.3425607507413934e-09	2.3425607507413934e-09	2.3425607507414e-09
0.0565	-2.4692663162589274e-09	2.4692663162589274e-09	2.4692663162589308e-09
0.056600000000000004	-2.5862268157271357e-09	2.5862268157271357e-09	2.586226815727139e-09
0.0567	-2.6929806594878288e-09	2.6929806594878288e-09	2.692980659487832e-09
0.0568	-2.7891065388918704e-09	2.7891065388918704e-09	2.7891065388918737e-09
0.056900000000000006	-2.874225089008249e-09	2.874225089008249e-09	2.8742250890082524e-09
0.057	-2.9480003858065215e-09	2.9480003858065215e-09	2.9480003858065248e-09
0.057100000000000005	-3.0101412718958543e-09	3.0101412718958543e-09	3.010141271895856e-09
0.0572	-3.0604025055871847e-09	3.0604025055871847e-09	3.0604025055871863e-09
0.057300000000000004	-3.0985857287544512e-09	3.0985857287544512e-09	3.098585728754452e-09
0.0574	-3.1245402496589043e-09	3.1245402496589043e-09	3.1245402496589048e-09
0.0575	-3.1381636376651983e-09	3.1381636376651983e-09	3.1381636376651983e-09
0.057600000000000005	-3.1394021274839522e-09	3.1394021274839522e-09	3.139402127483952e-09
0.0577	-3.1282508313615835e-09	3.1282508313615835e-09	3.1282508313615827e-09
0.057800000000000004	-3.1047537583699854e-09	3.1047537583699854e-09	3.1047537583699838e-09
0.0579	-3.0690036407215097e-09	3.0690036407215097e-09	3.069003640721508e-09
0.058	-3.0211415677969057e-09	3.0211415677969057e-09	3.021141567796904e-09
0.058100000000000006	-2.9613564293330573e-09	2.9613564293330573e-09	2.9613564293330573e-09
0.0582	-2.889884169957145e-09	2.889884169957145e-09	2.889884169957142e-09
0.058300000000000005	-2.8070068580254416e-09	2.8070068580254416e-09	2.8070068580254383e-09
0.0584	-2.713051572424044e-09	2.713051572424044e-09	2.713051572424041e-09
0.0585	-2.6083891117421457e-09	2.6083891117421457e-09	2.608389111742139e-09
0.058600000000000006	-2.4934325308956112e-09	2.4934325308956112e-09	2.493432530895608e-09
0.0587	-2.368635510990326e-09	2.368635510990326e-09	2.368635510990326e-09
0.058800000000000005	-2.2344905688502703e-09	2.2344905688502703e-09	2.2344905688502637e-09
0.0589	-2.0915271132761657e-09	2.0915271132761657e-09	2.0915271132761657e-09
0.059000000000000004	-1.9403093557142047e-09	1.9403093557142047e-09	1.940309355714198e-09
0.0591	-1.7814340835679072e-09	1.7814340835679072e-09	1.7814340835679006e-09
0.0592	-1.6155283049539048e-09	1.6155283049539048e-09	1.6155283049539048e-09
0.059300000000000005	-1.4432467741847793e-09	1.4432467741847793e-09	1.4432467741847727e-09
0.0594	-1.2652694077545353e-09	1.2652694077545353e-09	1.2652694077545287e-09
0.059500000000000004	-1.082298601018731e-09	1.082298601018731e-09	1.0822986010187245e-09
0.0596	-8.950564561597209e-10	8.950564561597209e-10	8.950564561597143e-10
0.0597	-7.042819323808054e-10	7.042819323808054e-10	7.042819323807988e-10
0.059800000000000006	-5.107279295705039e-10	5.107279295705039e-10	5.107279295704973e-10
0.0599	-3.1515831695154697e-10	3.1515831695154697e-10	3.1515831695154035e-10
0.060000000000000005	-1.1834491843779685e-10	1.1834491843779685e-10	1.1834491843779024e-10
0.0601	7.893553340240798e-11	-7.893553340240798e-11	-7.893553340241459e-11
0.060200000000000004	2.759044627544985e-10	-2.759044627544985e-10	-2.759044627545051e-10
0.0603	4.717845232408089e-10	-4.717845232408089e-10	-4.717845232408089e-10
0.0604	6.6580266575182e-10	-6.6580266575182e-10	-6.658026657518266e-10
0.060500000000000005	8.571931893172877e-10	-8.571931893172877e-10	-8.571931893172943e-10
0.0606	1.045200762978994e-09	-1.045200762978994e-09	-1.0452007629790005e-09
0.060700000000000004	1.2290834067358383e-09	-1.2290834067358383e-09	-1.229083406735845e-09
0.0608	1.408115419801323e-09	-1.408115419801323e-09	-1.4081154198013296e-09
0.0609	1.5815902446113317e-09	-1.5815902446113317e-09	-1.5815902446113317e-09
0.061000000000000006	1.748823255286007e-09	-1.748823255286007e-09	-1.7488232552860137e-09
0.0611	1.909154459533079e-09	-1.909154459533079e-09	-1.9091544595330857e-09
0.061200000000000004	2.061951103338453e-09	-2.061951103338453e-09	-2.0619511033384594e-09
0.0613	2.206610168154406e-09	-2.206610168154406e-09	-2.2066101681544126e-09
0.0614	2.3425607507413636e-09	-2.3425607507413636e-09	-2.342560750741367e-09
0.061500000000000006	2.469266316259179e-09	-2.469266316259179e-09	-2.4692663162591822e-09
0.0616	2.586226815726894e-09	-2.586226815726894e-09	-2.5862268157268974e-09
0.061700000000000005	2.692980659488087e-09	-2.692980659488087e-09	-2.692980659488087e-09
0.0618	2.7891065388916057e-09	-2.7891065388916057e-09	-2.7891065388916057e-09
0.061900000000000004	2.8742250890082193e-09	-2.8742250890082193e-09	-2.8742250890082226e-09
0.062	2.9480003858065165e-09	-2.9480003858065165e-09	-2.948000385806518e-09
0.0621	3.0101412718958493e-09	-3.0101412718958493e-09	-3.010141271895851e-09
0.062200000000000005	3.0604025055875007e-09	-3.0604025055875007e-09	-3.0604025055875023e-09
0.0623	3.0985857287541617e-09	-3.0985857287541617e-09	-3.0985857287541626e-09
0.062400000000000004	3.1245402496591984e-09	-3.1245402496591984e-09	-3.124540249659199e-09
0.0625	3.1381636376649026e-09	-3.1381636376649026e-09	-3.1381636376649026e-09
0.0626	3.1394021274839258e-09	-3.1394021274839258e-09	-3.1394021274839253e-09
0.0627	3.1282508313619033e-09	-3.1282508313619033e-09	-3.1282508313619024e-09
0.06280000000000001	3.1047537583700136e-09	-3.1047537583700136e-09	-3.104753758370012e-09
0.0629	3.069003640721197e-09	-3.069003640721197e-09	-3.0690036407211953e-09
0.063	3.021141567797187e-09	-3.021141567797187e-09	-3.0211415677971853e-09
0.0631	2.961356429333082e-09	-2.961356429333082e-09	-2.961356429333079e-09
0.0632	2.889884169957145e-09	-2.889884169957145e-09	-2.889884169957142e-09
0.06330000000000001	2.8070068580254383e-09	-2.8070068580254383e-09	-2.807006858025435e-09
0.0634	2.713051572424031e-09	-2.713051572424031e-09	-2.7130515724240276e-09
0.0635	2.6083891117421423e-09	-2.6083891117421423e-09	-2.608389111742139e-09
0.0636	2.4934325308953565e-09	-2.4934325308953565e-09	-2.493432530895353e-09
0.0637	2.368635510990541e-09	-2.368635510990541e-09	-2.3686355109905346e-09
0.06380000000000001	2.234490568850277e-09	-2.234490568850277e-09	-2.2344905688502703e-09
0.0639	2.0915271132761657e-09	-2.0915271132761657e-09	-2.091527113276159e-09
0.064	1.9403093557139996e-09	-1.9403093557139996e-09	-1.940309355713993e-09
0.0641	1.781434083568066e-09	-1.781434083568066e-09	-1.7814340835680594e-09
0.06420000000000001	1.615528304953918e-09	-1.615528304953918e-09	-1.6155283049539115e-09
0.06430000000000001	1.4432467741847727e-09	-1.4432467741847727e-09	-1.4432467741847661e-09
0.0644	1.265269407754403e-09	-1.265269407754403e-09	-1.2652694077543963e-09
0.0645	1.0822986010187377e-09	-1.0822986010187377e-09	-1.082298601018731e-09
0.0646	8.950564561598135e-10	-8.950564561598135e-10	-8.950564561598069e-10
0.06470000000000001	7.042819323807988e-10	-7.042819323807988e-10	-7.042819323807922e-10
0.0648	5.107279295704046e-10	-5.107279295704046e-10	-5.10727929570398e-10
0.0649	3.151583169515933e-10	-3.151583169515933e-10	-3.151583169515867e-10
0.065	1.1834491843780347e-10	-1.1834491843780347e-10	-1.1834491843779685e-10
0.0651	-7.893553340241459e-11	7.893553340241459e-11	7.893553340242121e-11
0.06520000000000001	-2.759044627545117e-10	2.759044627545117e-10	2.7590446275451833e-10
0.0653	-4.717845232407494e-10	4.717845232407494e-10	4.71784523240756e-10
0.0654	-6.658026657518068e-10	6.658026657518068e-10	6.658026657518134e-10
0.0655	-8.571931893173737e-10	8.571931893173737e-10	8.571931893173803e-10
0.0656	-1.0452007629790072e-09	1.0452007629790072e-09	1.0452007629790138e-09
0.06570000000000001	-1.229083406735845e-09	1.229083406735845e-09	1.2290834067358516e-09
0.0658	-1.4081154198011774e-09	1.4081154198011774e-09	1.408115419801184e-09
0.0659	-1.5815902446114773e-09	1.5815902446114773e-09	1.5815902446114839e-09
0.066	-1.7488232552860336e-09	1.7488232552860336e-09	1.7488232552860336e-09
0.0661	-1.9091544595330857e-09	1.9091544595330857e-09	1.9091544595330857e-09
0.06620000000000001	-2.0619511033384594e-09	2.0619511033384594e-09	2.061951103338466e-09
0.0663	-2.2066101681544126e-09	2.2066101681544126e-09	2.2066101681544193e-09
0.0664	-2.342560750741377e-09	2.342560750741377e-09	2.3425607507413834e-09
0.0665	-2.4692663162589274e-09	2.4692663162589274e-09	2.4692663162589308e-09
0.0666	-2.586226815727139e-09	2.586226815727139e-09	2.5862268157271423e-09
0.06670000000000001	-2.69298065948811e-09	2.69298065948811e-09	2.6929806594881133e-09
0.0668	-2.789106538891609e-09	2.789106538891609e-09	2.7891065388916123e-09
0.0669	-2.8742250890079215e-09	2.8742250890079215e-09	2.874225089007925e-09
0.067	-2.948000385806788e-09	2.948000385806788e-09	2.9480003858067895e-09
0.0671	-3.0101412718958775e-09	3.0101412718958775e-09	3.010141271895879e-09
0.06720000000000001	-3.0604025055875073e-09	3.0604025055875073e-09	3.0604025055875073e-09
0.0673	-3.0985857287538433e-09	3.0985857287538433e-09	3.098585728753844e-09
0.0674	-3.1245402496591703e-09	3.1245402496591703e-09	3.1245402496591707e-09
0.0675	-3.1381636376652223e-09	3.1381636376652223e-09	3.1381636376652223e-09
0.06760000000000001	-3.1394021274839543e-09	3.1394021274839543e-09	3.1394021274839535e-09
0.06770000000000001	-3.128250831361904e-09	3.128250831361904e-09	3.1282508313619033e-09
0.0678	-3.1047537583696943e-09	3.1047537583696943e-09	3.1047537583696926e-09
0.0679	-3.0690036407214865e-09	3.0690036407214865e-09	3.069003640721485e-09
0.068	-3.02114156779721e-09	3.02114156779721e-09	3.0211415677972085e-09
0.06810000000000001	-2.9613564293330805e-09	2.9613564293330805e-09	2.9613564293330805e-09
0.0682	-2.8898841699568507e-09	2.8898841699568507e-09	2.8898841699568474e-09
0.0683	-2.8070068580254217e-09	2.8070068580254217e-09	2.8070068580254184e-09
0.0684	-2.713051572424312e-09	2.713051572424312e-09	2.713051572424309e-09
0.0685	-2.608389111741904e-09	2.608389111741904e-09	2.608389111741901e-09
0.06860000000000001	-2.493432530895578e-09	2.493432530895578e-09	2.493432530895575e-09
0.0687	-2.3686355109903327e-09	2.3686355109903327e-09	2.368635510990326e-09
0.0688	-2.234490568850257e-09	2.234490568850257e-09	2.2344905688502504e-09
0.0689	-2.0915271132761657e-09	2.0915271132761657e-09	2.091527113276159e-09
0.069	-1.940309355714198e-09	1.940309355714198e-09	1.9403093557141915e-09
0.06910000000000001	-1.7814340835680792e-09	1.7814340835680792e-09	1.7814340835680726e-09
0.0692	-1.6155283049537526e-09	1.6155283049537526e-09	1.615528304953746e-09
0.0693	-1.4432467741846271e-09	1.4432467741846271e-09	1.4432467741846271e-09
0.0694	-1.2652694077546544e-09	1.2652694077546544e-09	1.2652694077546478e-09
0.0695	-1.082298601018751e-09	1.082298601018751e-09	1.0822986010187443e-09
0.06960000000000001	-8.950564561598069e-10	8.950564561598069e-10	8.950564561598003e-10
0.0697	-7.04281932380673e-10	7.04281932380673e-10	7.042819323806664e-10
0.0698	-5.107279295705105e-10	5.107279295705105e-10	5.107279295705039e-10
0.0699	-3.151583169515999e-10	3.151583169515999e-10	3.151583169515933e-10
0.07	-1.1834491843779685e-10	1.1834491843779685e-10	1.1834491843779024e-10
0.07010000000000001	7.893553340242783e-11	-7.893553340242783e-11	-7.893553340243445e-11
0.0702	2.7590446275444554e-10	-2.7590446275444554e-10	-2.7590446275445216e-10
0.0703	4.71784523240842e-10	-4.71784523240842e-10	-4.71784523240842e-10
0.0704	6.6580266575182e-10	-6.6580266575182e-10	-6.658026657518266e-10
0.07050000000000001	8.571931893173803e-10	-8.571931893173803e-10	-8.571931893173869e-10
0.07060000000000001	1.0452007629788947e-09	-1.0452007629788947e-09	-1.0452007629789013e-09
0.0707	1.2290834067358251e-09	-1.2290834067358251e-09	-1.2290834067358317e-09
0.0708	1.4081154198013163e-09	-1.4081154198013163e-09	-1.408115419801323e-09
0.0709	1.5815902446115037e-09	-1.5815902446115037e-09	-1.5815902446115104e-09
0.07100000000000001	1.7488232552858417e-09	-1.7488232552858417e-09	-1.7488232552858483e-09
0.0711	1.909154459533066e-09	-1.909154459533066e-09	-1.9091544595330725e-09
0.0712	2.061951103338446e-09	-2.061951103338446e-09	-2.061951103338453e-09
0.0713	2.206610168154631e-09	-2.206610168154631e-09	-2.2066101681546376e-09
0.0714	2.342560750741152e-09	-2.342560750741152e-09	-2.342560750741155e-09
0.07150000000000001	2.4692663162591558e-09	-2.4692663162591558e-09	-2.469266316259159e-09
0.0716	2.586226815726894e-09	-2.586226815726894e-09	-2.5862268157268974e-09
0.0717	2.692980659488087e-09	-2.692980659488087e-09	-2.69298065948809e-09
0.0718	2.7891065388916057e-09	-2.7891065388916057e-09	-2.789106538891609e-09
0.0719	2.8742250890082226e-09	-2.8742250890082226e-09	-2.874225089008226e-09
0.07200000000000001	2.948000385806821e-09	-2.948000385806821e-09	-2.9480003858068226e-09
0.0721	3.0101412718955714e-09	-3.0101412718955714e-09	-3.010141271895573e-09
0.0722	3.0604025055871566e-09	-3.0604025055871566e-09	-3.0604025055871582e-09
0.0723	3.098585728754448e-09	-3.098585728754448e-09	-3.0985857287544488e-09
0.0724	3.1245402496592253e-09	-3.1245402496592253e-09	-3.1245402496592257e-09
0.07250000000000001	3.138163637665228e-09	-3.138163637665228e-09	-3.138163637665228e-09
0.0726	3.13940212748331e-09	-3.13940212748331e-09	-3.1394021274833095e-09
0.0727	3.128250831361849e-09	-3.128250831361849e-09	-3.1282508313618482e-09
0.0728	3.1047537583703296e-09	-3.1047537583703296e-09	-3.104753758370328e-09
0.0729	3.0690036407215394e-09	-3.0690036407215394e-09	-3.0690036407215378e-09
0.07300000000000001	3.0211415677972118e-09	-3.0211415677972118e-09	-3.02114156779721e-09
0.0731	2.96135642933248e-09	-2.96135642933248e-09	-2.9613564293324766e-09
0.0732	2.8898841699573933e-09	-2.8898841699573933e-09	-2.88988416995739e-09
0.0733	2.8070068580254614e-09	-2.8070068580254614e-09	-2.807006858025458e-09
0.0734	2.713051572424312e-09	-2.713051572424312e-09	-2.713051572424309e-09
0.07350000000000001	2.6083891117418975e-09	-2.6083891117418975e-09	-2.608389111741894e-09
0.0736	2.4934325308953267e-09	-2.4934325308953267e-09	-2.4934325308953234e-09
0.0737	2.368635510990548e-09	-2.368635510990548e-09	-2.368635510990548e-09
0.0738	2.2344905688502637e-09	-2.2344905688502637e-09	-2.2344905688502637e-09
0.07390000000000001	2.0915271132761657e-09	-2.0915271132761657e-09	-2.091527113276159e-09
0.07400000000000001	1.940309355714198e-09	-1.940309355714198e-09	-1.9403093557141915e-09
0.0741	1.781434083567894e-09	-1.781434083567894e-09	-1.7814340835678873e-09
0.0742	1.6155283049539048e-09	-1.6155283049539048e-09	-1.6155283049538982e-09
0.0743	1.4432467741846271e-09	-1.4432467741846271e-09	-1.4432467741846205e-09
0.07440000000000001	1.2652694077546412e-09	-1.2652694077546412e-09	-1.2652694077546345e-09
0.0745	1.0822986010186318e-09	-1.0822986010186318e-09	-1.0822986010186252e-09
0.0746	8.950564561598069e-10	-8.950564561598069e-10	-8.950564561598003e-10
0.0747	7.042819323807326e-10	-7.042819323807326e-10	-7.042819323807326e-10
0.0748	5.107279295705039e-10	-5.107279295705039e-10	-5.107279295704973e-10
0.07490000000000001	3.1515831695158006e-10	-3.1515831695158006e-10	-3.1515831695157344e-10
0.075	1.1834491843778362e-10	-1.1834491843778362e-10	-1.18344918437777e-10
0.0751	-7.893553340239474e-11	7.893553340239474e-11	7.893553340240136e-11
0.0752	-2.7590446275448524e-10	2.7590446275448524e-10	2.7590446275449186e-10
0.0753	-4.717845232408486e-10	4.717845232408486e-10	4.717845232408553e-10
0.07540000000000001	-6.658026657518332e-10	6.658026657518332e-10	6.658026657518399e-10
0.0755	-8.57193189317195e-10	8.57193189317195e-10	8.571931893172017e-10
0.0756	-1.045200762978974e-09	1.045200762978974e-09	1.0452007629789807e-09
0.0757	-1.2290834067359707e-09	1.2290834067359707e-09	1.2290834067359707e-09
0.0758	-1.4081154198013428e-09	1.4081154198013428e-09	1.4081154198013494e-09
0.07590000000000001	-1.5815902446115037e-09	1.5815902446115037e-09	1.5815902446115104e-09
0.076	-1.7488232552856696e-09	1.7488232552856696e-09	1.7488232552856762e-09
0.0761	-1.909154459533251e-09	1.909154459533251e-09	1.9091544595332577e-09
0.0762	-2.061951103338466e-09	2.061951103338466e-09	2.0619511033384727e-09
0.0763	-2.206610168154651e-09	2.206610168154651e-09	2.2066101681546575e-09
0.07640000000000001	-2.3425607507411617e-09	2.3425607507411617e-09	2.342560750741165e-09
0.0765	-2.469266316258901e-09	2.469266316258901e-09	2.4692663162589043e-09
0.0766	-2.5862268157271323e-09	2.5862268157271323e-09	2.5862268157271357e-09
0.0767	-2.6929806594881133e-09	2.6929806594881133e-09	2.6929806594881166e-09
0.07680000000000001	-2.7891065388916123e-09	2.7891065388916123e-09	2.7891065388916156e-09
0.07690000000000001	-2.874225089008226e-09	2.874225089008226e-09	2.8742250890082292e-09
0.077	-2.9480003858065132e-09	2.9480003858065132e-09	2.948000385806515e-09
0.0771	-3.0101412718958527e-09	3.0101412718958527e-09	3.0101412718958543e-09
0.0772	-3.0604025055871863e-09	3.0604025055871863e-09	3.060402505587188e-09
0.07730000000000001	-3.0985857287544496e-09	3.0985857287544496e-09	3.0985857287544504e-09
0.07740000000000001	-3.124540249659225e-09	3.124540249659225e-09	3.1245402496592253e-09
0.0775	-3.1381636376649055e-09	3.1381636376649055e-09	3.1381636376649055e-09
0.0776	-3.1394021274836027e-09	3.1394021274836027e-09	3.1394021274836023e-09
0.0777	-3.1282508313618755e-09	3.1282508313618755e-09	3.1282508313618747e-09
0.07780000000000001	-3.1047537583703296e-09	3.1047537583703296e-09	3.104753758370328e-09
0.0779	-3.0690036407209124e-09	3.0690036407209124e-09	3.0690036407209108e-09
0.078	-3.021141567797162e-09	3.021141567797162e-09	3.0211415677971605e-09
0.0781	-2.9613564293330854e-09	2.9613564293330854e-09	2.961356429333082e-09
0.0782	-2.889884169957443e-09	2.889884169957443e-09	2.8898841699574396e-09
0.07830000000000001	-2.8070068580254614e-09	2.8070068580254614e-09	2.807006858025458e-09
0.0784	-2.713051572423763e-09	2.713051572423763e-09	2.7130515724237596e-09
0.0785	-2.608389111742126e-09	2.608389111742126e-09	2.6083891117421225e-09
0.0786	-2.4934325308956013e-09	2.4934325308956013e-09	2.493432530895598e-09
0.0787	-2.368635510990571e-09	2.368635510990571e-09	2.3686355109905644e-09
0.07880000000000001	-2.2344905688502703e-09	2.2344905688502703e-09	2.2344905688502637e-09
0.0789	-2.0915271132759473e-09	2.0915271132759473e-09	2.0915271132759473e-09
0.079	-1.940309355714185e-09	1.940309355714185e-09	1.940309355714185e-09
0.0791	-1.7814340835680792e-09	1.7814340835680792e-09	1.7814340835680726e-09
0.0792	-1.615528304953746e-09	1.615528304953746e-09	1.6155283049537394e-09
0.07930000000000001	-1.4432467741847595e-09	1.4432467741847595e-09	1.4432467741847529e-09
0.0794	-1.2652694077545419e-09	1.2652694077545419e-09	1.2652694077545353e-09
0.0795	-1.082298601018751e-09	1.082298601018751e-09	1.0822986010187443e-09
0.0796	-8.950564561597209e-10	8.950564561597209e-10	8.950564561597143e-10
0.07970000000000001	-7.042819323807988e-10	7.042819323807988e-10	7.042819323807922e-10
0.07980000000000001	-5.107279295705039e-10	5.107279295705039e-10	5.107279295704973e-10
0.0799	-3.151583169515602e-10	3.151583169515602e-10	3.151583169515536e-10
0.08	-1.1834491843779685e-10	1.1834491843779685e-10	1.1834491843779024e-10
0.0801	7.893553340240798e-11	-7.893553340240798e-11	-7.893553340241459e-11
0.08020000000000001	2.759044627544985e-10	-2.759044627544985e-10	-2.759044627545051e-10
0.08030000000000001	4.717845232408685e-10	-4.717845232408685e-10	-4.717845232408751e-10
0.0804	6.65802665751681e-10	-6.65802665751681e-10	-6.658026657516877e-10
0.0805	8.571931893173406e-10	-8.571931893173406e-10	-8.571931893173472e-10
0.0806	1.045200762978994e-09	-1.045200762978994e-09	-1.0452007629790005e-09
0.08070000000000001	1.229083406735964e-09	-1.229083406735964e-09	-1.2290834067359707e-09
0.08080000000000001	1.4081154198013494e-09	-1.4081154198013494e-09	-1.408115419801356e-09
0.0809	1.5815902446111662e-09	-1.5815902446111662e-09	-1.5815902446111729e-09
0.081	1.7488232552859939e-09	-1.7488232552859939e-09	-1.7488232552860005e-09
0.0811	1.9091544595332842e-09	-1.9091544595332842e-09	-1.909154459533291e-09
0.08120000000000001	2.0619511033384793e-09	-2.0619511033384793e-09	-2.061951103338486e-09
0.0813	2.2066101681541876e-09	-2.2066101681541876e-09	-2.2066101681541943e-09
0.0814	2.342560750741347e-09	-2.342560750741347e-09	-2.3425607507413503e-09
0.0815	2.4692663162591756e-09	-2.4692663162591756e-09	-2.469266316259179e-09
0.0816	2.5862268157271654e-09	-2.5862268157271654e-09	-2.5862268157271687e-09
0.08170000000000001	2.6929806594878354e-09	-2.6929806594878354e-09	-2.6929806594878387e-09
0.0818	2.7891065388915792e-09	-2.7891065388915792e-09	-2.7891065388915825e-09
0.0819	2.8742250890082226e-09	-2.8742250890082226e-09	-2.8742250890082226e-09
0.082	2.9480003858068176e-09	-2.9480003858068176e-09	-2.9480003858068193e-09
0.0821	3.0101412718955714e-09	-3.0101412718955714e-09	-3.010141271895573e-09
0.08220000000000001	3.0604025055874742e-09	-3.0604025055874742e-09	-3.060402505587476e-09
0.0823	3.0985857287541584e-09	-3.0985857287541584e-09	-3.0985857287541592e-09
0.0824	3.124540249659198e-09	-3.124540249659198e-09	-3.1245402496591984e-09
0.0825	3.1381636376649026e-09	-3.1381636376649026e-09	-3.1381636376649026e-09
0.0826	3.1394021274839253e-09	-3.1394021274839253e-09	-3.139402127483925e-09
0.08270000000000001	3.128250831361903e-09	-3.128250831361903e-09	-3.128250831361902e-09
0.0828	3.104753758370012e-09	-3.104753758370012e-09	-3.1047537583700103e-09
0.0829	3.0690036407211986e-09	-3.0690036407211986e-09	-3.069003640721197e-09
0.083	3.021141567797187e-09	-3.021141567797187e-09	-3.0211415677971853e-09
0.08310000000000001	2.9613564293330838e-09	-2.9613564293330838e-09	-2.9613564293330805e-09
0.08320000000000001	2.8898841699574396e-09	-2.8898841699574396e-09	-2.8898841699574363e-09
0.0833	2.8070068580248923e-09	-2.8070068580248923e-09	-2.8070068580248923e-09
0.0834	2.713051572424269e-09	-2.713051572424269e-09	-2.713051572424266e-09
0.0835	2.6083891117421655e-09	-2.6083891117421655e-09	-2.608389111742162e-09
0.08360000000000001	2.4934325308956046e-09	-2.4934325308956046e-09	-2.4934325308956013e-09
0.08370000000000001	2.368635510990561e-09	-2.368635510990561e-09	-2.3686355109905544e-09
0.0838	2.2344905688498137e-09	-2.2344905688498137e-09	-2.234490568849807e-09
0.0839	2.0915271132763444e-09	-2.0915271132763444e-09	-2.0915271132763378e-09
0.084	1.9403093557142113e-09	-1.9403093557142113e-09	-1.9403093557142047e-09
0.08410000000000001	1.7814340835680726e-09	-1.7814340835680726e-09	-1.781434083568066e-09
0.08420000000000001	1.615528304953746e-09	-1.615528304953746e-09	-1.615528304953746e-09
0.0843	1.443246774184614e-09	-1.443246774184614e-09	-1.4432467741846073e-09
0.0844	1.2652694077546478e-09	-1.2652694077546478e-09	-1.2652694077546412e-09
0.0845	1.082298601018731e-09	-1.082298601018731e-09	-1.0822986010187245e-09
0.08460000000000001	8.950564561597077e-10	-8.950564561597077e-10	-8.950564561597011e-10
0.0847	7.042819323807326e-10	-7.042819323807326e-10	-7.042819323807326e-10
0.0848	5.107279295705039e-10	-5.107279295705039e-10	-5.107279295704973e-10
0.0849	3.1515831695158006e-10	-3.1515831695158006e-10	-3.1515831695157344e-10
0.085	1.1834491843778362e-10	-1.1834491843778362e-10	-1.18344918437777e-10
0.08510000000000001	-7.893553340241459e-11	7.893553340241459e-11	7.893553340242121e-11
0.0852	-2.75904462754472e-10	2.75904462754472e-10	2.759044627544786e-10
0.0853	-4.717845232408486e-10	4.717845232408486e-10	4.717845232408553e-10
0.0854	-6.658026657517538e-10	6.658026657517538e-10	6.658026657517605e-10
0.0855	-8.571931893173671e-10	8.571931893173671e-10	8.571931893173737e-10
0.08560000000000001	-1.0452007629790138e-09	1.0452007629790138e-09	1.0452007629790204e-09
0.0857	-1.2290834067358383e-09	1.2290834067358383e-09	1.229083406735845e-09
0.0858	-1.4081154198011774e-09	1.4081154198011774e-09	1.4081154198011774e-09
0.0859	-1.5815902446114707e-09	1.5815902446114707e-09	1.5815902446114773e-09
0.08600000000000001	-1.7488232552860137e-09	1.7488232552860137e-09	1.7488232552860203e-09
0.08610000000000001	-1.9091544595332974e-09	1.9091544595332974e-09	1.909154459533304e-09
0.0862	-2.0619511033380425e-09	2.0619511033380425e-09	2.061951103338049e-09
0.0863	-2.2066101681546045e-09	2.2066101681546045e-09	2.2066101681546045e-09
0.0864	-2.34256075074139e-09	2.34256075074139e-09	2.3425607507413934e-09
0.08650000000000001	-2.469266316259189e-09	2.469266316259189e-09	2.469266316259192e-09
0.08660000000000001	-2.5862268157271687e-09	2.5862268157271687e-09	2.586226815727172e-09
0.0867	-2.6929806594875608e-09	2.6929806594875608e-09	2.692980659487564e-09
0.0868	-2.7891065388918406e-09	2.7891065388918406e-09	2.789106538891844e-09
0.0869	-2.874225089008239e-09	2.874225089008239e-09	2.8742250890082425e-09
0.08700000000000001	-2.9480003858068275e-09	2.9480003858068275e-09	2.948000385806829e-09
0.08710000000000001	-3.0101412718955764e-09	3.0101412718955764e-09	3.010141271895578e-09
0.0872	-3.06040250558716e-09	3.06040250558716e-09	3.0604025055871615e-09
0.0873	-3.098585728754448e-09	3.098585728754448e-09	3.0985857287544488e-09
0.0874	-3.1245402496592257e-09	3.1245402496592257e-09	3.124540249659226e-09
0.08750000000000001	-3.1381636376649046e-09	3.1381636376649046e-09	3.1381636376649046e-09
0.0876	-3.139402127483603e-09	3.139402127483603e-09	3.1394021274836027e-09
0.0877	-3.1282508313618755e-09	3.1282508313618755e-09	3.1282508313618747e-09
0.0878	-3.1047537583703304e-09	3.1047537583703304e-09	3.1047537583703287e-09
0.0879	-3.0690036407212235e-09	3.0690036407212235e-09	3.069003640721222e-09
0.08800000000000001	-3.0211415677971886e-09	3.0211415677971886e-09	3.0211415677971853e-09
0.0881	-2.961356429332781e-09	2.961356429332781e-09	2.9613564293327777e-09
0.0882	-2.889884169957413e-09	2.889884169957413e-09	2.889884169957413e-09
0.0883	-2.80700685802518e-09	2.80700685802518e-09	2.807006858025177e-09
0.0884	-2.7130515724242923e-09	2.7130515724242923e-09	2.713051572424289e-09
0.08850000000000001	-2.608389111742159e-09	2.608389111742159e-09	2.6083891117421556e-09
0.0886	-2.4934325308951017e-09	2.4934325308951017e-09	2.493432530895095e-09
0.0887	-2.3686355109905346e-09	2.3686355109905346e-09	2.3686355109905346e-09
0.0888	-2.234490568850277e-09	2.234490568850277e-09	2.2344905688502703e-09
0.0889	-2.0915271132763775e-09	2.0915271132763775e-09	2.091527113276371e-09
0.08900000000000001	-1.9403093557142047e-09	1.9403093557142047e-09	1.940309355714198e-09
0.0891	-1.781434083567722e-09	1.781434083567722e-09	1.781434083567722e-09
0.0892	-1.6155283049538916e-09	1.6155283049538916e-09	1.615528304953885e-09
0.0893	-1.4432467741847727e-09	1.4432467741847727e-09	1.4432467741847661e-09
0.08940000000000001	-1.265269407754661e-09	1.265269407754661e-09	1.2652694077546544e-09
0.08950000000000001	-1.0822986010187377e-09	1.0822986010187377e-09	1.082298601018731e-09
0.0896	-8.95056456159615e-10	8.95056456159615e-10	8.950564561596084e-10
0.0897	-7.042819323807922e-10	7.042819323807922e-10	7.042819323807855e-10
0.0898	-5.107279295705039e-10	5.107279295705039e-10	5.107279295704973e-10
0.08990000000000001	-3.151583169515602e-10	3.151583169515602e-10	3.151583169515536e-10
0.09000000000000001	-1.1834491843779685e-10	1.1834491843779685e-10	1.1834491843779024e-10
0.0901	7.893553340240798e-11	-7.893553340240798e-11	-7.893553340241459e-11
0.0902	2.759044627544985e-10	-2.759044627544985e-10	-2.759044627545051e-10
0.0903	4.717845232408089e-10	-4.717845232408089e-10	-4.717845232408155e-10
0.09040000000000001	6.658026657518134e-10	-6.658026657518134e-10	-6.6580266575182e-10
0.09050000000000001	8.571931893173803e-10	-8.571931893173803e-10	-8.571931893173869e-10
0.0906	1.0452007629789013e-09	-1.0452007629789013e-09	-1.045200762978908e-09
0.0907	1.2290834067358317e-09	-1.2290834067358317e-09	-1.2290834067358383e-09
0.0908	1.408115419801323e-09	-1.408115419801323e-09	-1.4081154198013296e-09
0.09090000000000001	1.5815902446114905e-09	-1.5815902446114905e-09	-1.5815902446114971e-09
0.091	1.7488232552858483e-09	-1.7488232552858483e-09	-1.7488232552858549e-09
0.0911	1.9091544595330725e-09	-1.9091544595330725e-09	-1.9091544595330725e-09
0.0912	2.061951103338446e-09	-2.061951103338446e-09	-2.061951103338453e-09
0.0913	2.2066101681546442e-09	-2.2066101681546442e-09	-2.206610168154651e-09
0.09140000000000001	2.3425607507413967e-09	-2.3425607507413967e-09	-2.3425607507414033e-09
0.0915	2.469266316258666e-09	-2.469266316258666e-09	-2.4692663162586694e-09
0.0916	2.586226815727106e-09	-2.586226815727106e-09	-2.586226815727109e-09
0.0917	2.6929806594881067e-09	-2.6929806594881067e-09	-2.69298065948811e-09
0.0918	2.789106538891897e-09	-2.789106538891897e-09	-2.7891065388919e-09
0.09190000000000001	2.874225089008249e-09	-2.874225089008249e-09	-2.8742250890082524e-09
0.092	2.9480003858062187e-09	-2.9480003858062187e-09	-2.9480003858062204e-09
0.0921	3.0101412718958212e-09	-3.0101412718958212e-09	-3.010141271895823e-09
0.0922	3.0604025055874957e-09	-3.0604025055874957e-09	-3.0604025055874974e-09
0.09230000000000001	3.098585728754481e-09	-3.098585728754481e-09	-3.098585728754482e-09
0.09240000000000001	3.124540249658907e-09	-3.124540249658907e-09	-3.1245402496589072e-09
0.0925	3.138163637664876e-09	-3.138163637664876e-09	-3.138163637664876e-09
0.0926	3.1394021274839233e-09	-3.1394021274839233e-09	-3.139402127483923e-09
0.0927	3.1282508313619024e-09	-3.1282508313619024e-09	-3.1282508313619016e-09
0.09280000000000001	3.1047537583700127e-09	-3.1047537583700127e-09	-3.1047537583700127e-09
0.09290000000000001	3.0690036407215097e-09	-3.0690036407215097e-09	-3.069003640721508e-09
0.093	3.0211415677969024e-09	-3.0211415677969024e-09	-3.021141567796899e-09
0.0931	2.9613564293330557e-09	-2.9613564293330557e-09	-2.9613564293330524e-09
0.0932	2.889884169957145e-09	-2.889884169957145e-09	-2.889884169957145e-09
0.09330000000000001	2.807006858025445e-09	-2.807006858025445e-09	-2.8070068580254416e-09
0.09340000000000001	2.713051572424312e-09	-2.713051572424312e-09	-2.713051572424309e-09
0.0935	2.608389111741891e-09	-2.608389111741891e-09	-2.6083891117418876e-09
0.0936	2.49343253089533e-09	-2.49343253089533e-09	-2.4934325308953267e-09
0.0937	2.3686355109905445e-09	-2.3686355109905445e-09	-2.368635510990538e-09
0.09380000000000001	2.234490568850277e-09	-2.234490568850277e-09	-2.2344905688502703e-09
0.09390000000000001	2.091527113276371e-09	-2.091527113276371e-09	-2.0915271132763642e-09
0.094	1.940309355713821e-09	-1.940309355713821e-09	-1.9403093557138143e-09
0.0941	1.7814340835680528e-09	-1.7814340835680528e-09	-1.7814340835680462e-09
0.0942	1.615528304953918e-09	-1.615528304953918e-09	-1.6155283049539115e-09
0.09430000000000001	1.4432467741847727e-09	-1.4432467741847727e-09	-1.4432467741847661e-09
0.0944	1.2652694077544095e-09	-1.2652694077544095e-09	-1.265269407754403e-09
0.0945	1.0822986010187377e-09	-1.0822986010187377e-09	-1.082298601018731e-09
0.0946	8.950564561598135e-10	-8.950564561598135e-10	-8.950564561598069e-10
0.0947	7.042819323808054e-10	-7.042819323808054e-10	-7.042819323807988e-10
0.09480000000000001	5.107279295705039e-10	-5.107279295705039e-10	-5.107279295704973e-10
0.0949	3.151583169515271e-10	-3.151583169515271e-10	-3.151583169515205e-10
0.095	1.1834491843779685e-10	-1.1834491843779685e-10	-1.1834491843779024e-10
0.0951	-7.893553340241459e-11	7.893553340241459e-11	7.893553340242121e-11
0.0952	-2.7590446275451833e-10	2.7590446275451833e-10	2.7590446275452495e-10
0.09530000000000001	-4.717845232408089e-10	4.717845232408089e-10	4.717845232408155e-10
0.0954	-6.658026657517406e-10	6.658026657517406e-10	6.658026657517472e-10
0.0955	-8.571931893173605e-10	8.571931893173605e-10	8.571931893173671e-10
0.0956	-1.0452007629790138e-09	1.0452007629790138e-09	1.0452007629790204e-09
0.09570000000000001	-1.2290834067358317e-09	1.2290834067358317e-09	1.2290834067358383e-09
0.09580000000000001	-1.4081154198013296e-09	1.4081154198013296e-09	1.4081154198013362e-09
0.0959	-1.5815902446113317e-09	1.5815902446113317e-09	1.5815902446113383e-09
0.096	-1.7488232552860137e-09	1.7488232552860137e-09	1.7488232552860203e-09
0.0961	-1.9091544595330923e-09	1.9091544595330923e-09	1.909154459533099e-09
0.09620000000000001	-2.0619511033384594e-09	2.0619511033384594e-09	2.061951103338466e-09
0.09630000000000001	-2.2066101681546442e-09	2.2066101681546442e-09	2.206610168154651e-09
0.0964	-2.342560750741155e-09	2.342560750741155e-09	2.3425607507411584e-09
0.0965	-2.4692663162589043e-09	2.4692663162589043e-09	2.4692663162589076e-09
0.0966	-2.5862268157271357e-09	2.5862268157271357e-09	2.586226815727139e-09
0.09670000000000001	-2.69298065948811e-09	2.69298065948811e-09	2.6929806594881133e-09
0.09680000000000001	-2.7891065388919068e-09	2.7891065388919068e-09	2.7891065388919068e-09
0.0969	-2.874225089007657e-09	2.874225089007657e-09	2.87422508900766e-09
0.097	-2.9480003858067614e-09	2.9480003858067614e-09	2.948000385806763e-09
0.0971	-3.010141271895874e-09	3.010141271895874e-09	3.010141271895876e-09
0.09720000000000001	-3.0604025055875023e-09	3.0604025055875023e-09	3.060402505587504e-09
0.09730000000000001	-3.098585728754481e-09	3.098585728754481e-09	3.098585728754482e-09
0.0974	-3.124540249658585e-09	3.124540249658585e-09	3.1245402496585855e-09
0.0975	-3.1381636376651697e-09	3.1381636376651697e-09	3.1381636376651697e-09
0.0976	-3.13940212748395e-09	3.13940212748395e-09	3.1394021274839498e-09
0.09770000000000001	-3.1282508313619037e-09	3.1282508313619037e-09	3.128250831361903e-09
0.0978	-3.104753758369696e-09	3.104753758369696e-09	3.1047537583696943e-09
0.0979	-3.069003640721483e-09	3.069003640721483e-09	3.0690036407214815e-09
0.098	-3.02114156779721e-09	3.02114156779721e-09	3.0211415677972085e-09
0.0981	-2.9613564293330805e-09	2.9613564293330805e-09	2.9613564293330805e-09
0.09820000000000001	-2.889884169957145e-09	2.889884169957145e-09	2.889884169957142e-09
0.0983	-2.8070068580251537e-09	2.8070068580251537e-09	2.8070068580251504e-09
0.0984	-2.713051572424289e-09	2.713051572424289e-09	2.7130515724242857e-09
0.0985	-2.6083891117421655e-09	2.6083891117421655e-09	2.608389111742162e-09
0.09860000000000001	-2.4934325308953432e-09	2.4934325308953432e-09	2.49343253089534e-09
0.09870000000000001	-2.3686355109905445e-09	2.3686355109905445e-09	2.368635510990538e-09
0.0988	-2.2344905688500453e-09	2.2344905688500453e-09	2.2344905688500453e-09
0.0989	-2.0915271132763576e-09	2.0915271132763576e-09	2.091527113276351e-09
0.099	-1.9403093557140194e-09	1.9403093557140194e-09	1.940309355714013e-09
0.09910000000000001	-1.7814340835680594e-09	1.7814340835680594e-09	1.7814340835680528e-09
0.09920000000000001	-1.6155283049539115e-09	1.6155283049539115e-09	1.6155283049539048e-09
0.0993	-1.4432467741844882e-09	1.4432467741844882e-09	1.4432467741844816e-09
0.0994	-1.2652694077546478e-09	1.2652694077546478e-09	1.2652694077546412e-09
0.0995	-1.0822986010187377e-09	1.0822986010187377e-09	1.082298601018731e-09
0.09960000000000001	-8.950564561598069e-10	8.950564561598069e-10	8.950564561598003e-10
0.09970000000000001	-7.042819323807855e-10	7.042819323807855e-10	7.042819323807789e-10
0.0998	-5.107279295704112e-10	5.107279295704112e-10	5.107279295704046e-10
0.0999	-3.151583169515867e-10	3.151583169515867e-10	3.1515831695158006e-10
0.1	-1.1834491843779685e-10	1.1834491843779685e-10	1.1834491843779024e-10
