0.01	9.856501357285229e-13	-9.856501357285229e-13	-9.856501357286263e-13
0.02	2.954045161870666e-12	-2.954045161870666e-12	-2.9540451618707696e-12
0.03	4.911767570486026e-12	-4.911767570486026e-12	-4.9117675704861295e-12
0.04	6.850106461138229e-12	-6.850106461138229e-12	-6.850106461138332e-12
0.05	8.761411112087727e-12	-8.761411112087727e-12	-8.76141111208783e-12
0.06	1.0638138476087084e-11	-1.0638138476087084e-11	-1.0638138476087187e-11
0.07	1.2472881967624467e-11	-1.2472881967624467e-11	-1.247288196762457e-11
0.08	1.425840069235324e-11	-1.425840069235324e-11	-1.4258400692353344e-11
0.09	1.5987648023593e-11	-1.5987648023593e-11	-1.5987648023593053e-11
0.1	1.7653799412145235e-11	-1.7653799412145235e-11	-1.7653799412145287e-11
0.11	1.925027931967157e-11	-1.925027931967157e-11	-1.9250279319671674e-11
0.12	2.0770787169339115e-11	-2.0770787169339115e-11	-2.0770787169339166e-11
0.13	2.2209322211319395e-11	-2.2209322211319395e-11	-2.2209322211319446e-11
0.14	2.356020720500585e-11	-2.356020720500585e-11	-2.35602072050059e-11
0.15	2.4818110824488688e-11	-2.4818110824488688e-11	-2.481811082448879e-11
0.16	2.5978068698863955e-11	-2.5978068698863955e-11	-2.5978068698864007e-11
0.17	2.703550300433524e-11	-2.703550300433524e-11	-2.7035503004335292e-11
0.18	2.798624053079482e-11	-2.798624053079482e-11	-2.798624053079487e-11
0.19	2.882652915157653e-11	-2.882652915157653e-11	-2.8826529151576555e-11
0.2	2.955305263138548e-11	-2.955305263138548e-11	-2.9553052631385535e-11
0.21	3.0162943713963654e-11	-3.0162943713963654e-11	-3.016294371396368e-11
0.22	3.0653795437841257e-11	-3.0653795437841257e-11	-3.065379543784128e-11
0.23	3.102367063551256e-11	-3.102367063551256e-11	-3.1023670635512575e-11
0.24	3.127110957855234e-11	-3.127110957855234e-11	-3.1271109578552344e-11
0.25	3.139513573849678e-11	-3.139513573849678e-11	-3.139513573849678e-11
0.26	3.139525964075447e-11	-3.139525964075447e-11	-3.1395259640754465e-11
0.27	3.1271480796339895e-11	-3.1271480796339895e-11	-3.127148079633988e-11
0.28	3.102428770380277e-11	-3.102428770380277e-11	-3.102428770380276e-11
0.29	3.065465592134734e-11	-3.065465592134734e-11	-3.0654655921347316e-11
0.3	3.0164044216750954e-11	-3.0164044216750954e-11	-3.016404421675093e-11
0.31	2.955438881027179e-11	-2.955438881027179e-11	-2.9554388810271765e-11
0.32	2.88280957332744e-11	-2.88280957332744e-11	-2.882809573327435e-11
0.33	2.7988031332721852e-11	-2.7988031332721852e-11	-2.79880313327218e-11
0.34	2.703751095901445e-11	-2.703751095901445e-11	-2.7037510959014398e-11
0.35000000000000003	2.5980285881815246e-11	-2.5980285881815246e-11	-2.5980285881815194e-11
0.36	2.482052848550458e-11	-2.482052848550458e-11	-2.4820528485504528e-11
0.37	2.3562815802682415e-11	-2.3562815802682415e-11	-2.3562815802682363e-11
0.38	2.2212111450713245e-11	-2.2212111450713245e-11	-2.2212111450713194e-11
0.39	2.0773746042597062e-11	-2.0773746042597062e-11	-2.077374604259696e-11
0.4	1.925339614947219e-11	-1.925339614947219e-11	-1.9253396149472138e-11
0.41000000000000003	1.765706189778554e-11	-1.765706189778554e-11	-1.765706189778549e-11
0.42	1.5991043289532423e-11	-1.5991043289532423e-11	-1.599104328953232e-11
0.43	1.4261915339028412e-11	-1.4261915339028412e-11	-1.4261915339028309e-11
0.44	1.2476502124330676e-11	-1.2476502124330676e-11	-1.2476502124330573e-11
0.45	1.064184985571969e-11	-1.064184985571969e-11	-1.0641849855719587e-11
0.46	8.765199067526928e-12	-8.765199067526928e-12	-8.765199067526825e-12
0.47000000000000003	6.853956043053216e-12	-6.853956043053216e-12	-6.853956043053113e-12
0.48	4.9156635853522455e-12	-4.9156635853522455e-12	-4.915663585352142e-12
0.49	2.957971249232989e-12	-2.957971249232989e-12	-2.9579712492328858e-12
0.5	9.886051519614575e-13	-9.886051519614575e-13	-9.88605151961354e-13
0.51	-9.846625181940114e-13	9.846625181940114e-13	9.846625181941148e-13
0.52	-2.9540441752398236e-12	2.9540441752398236e-12	2.954044175239927e-12
0.53	-4.911767569500337e-12	4.911767569500337e-12	4.9117675695004404e-12
0.54	-6.850106461137195e-12	6.850106461137195e-12	6.850106461137298e-12
0.55	-8.76141111208783e-12	8.76141111208783e-12	8.761411112087934e-12
0.56	-1.0638138476087187e-11	1.0638138476087187e-11	1.063813847608729e-11
0.5700000000000001	-1.2472881967624312e-11	1.2472881967624312e-11	1.2472881967624415e-11
0.58	-1.4258400692353189e-11	1.4258400692353189e-11	1.4258400692353292e-11
0.59	-1.5987648023593053e-11	1.5987648023593053e-11	1.5987648023593104e-11
0.6	-1.7653799412145287e-11	1.7653799412145287e-11	1.765379941214534e-11
0.61	-1.925027931967157e-11	1.925027931967157e-11	1.9250279319671674e-11
0.62	-2.0770787169339115e-11	2.0770787169339115e-11	2.0770787169339166e-11
0.63	-2.220932221131929e-11	2.220932221131929e-11	2.2209322211319343e-11
0.64	-2.3560207205005952e-11	2.3560207205005952e-11	2.3560207205006004e-11
0.65	-2.4818110824488688e-11	2.4818110824488688e-11	2.481811082448879e-11
0.66	-2.597806869886411e-11	2.597806869886411e-11	2.5978068698864162e-11
0.67	-2.7035503004335034e-11	2.7035503004335034e-11	2.7035503004335085e-11
0.68	-2.798624053079513e-11	2.798624053079513e-11	2.798624053079518e-11
0.6900000000000001	-2.8826529151576426e-11	2.8826529151576426e-11	2.882652915157645e-11
0.7000000000000001	-2.9553052631385276e-11	2.9553052631385276e-11	2.955305263138533e-11
0.71	-3.0162943713963577e-11	3.0162943713963577e-11	3.01629437139636e-11
0.72	-3.065379543784145e-11	3.065379543784145e-11	3.0653795437841476e-11
0.73	-3.102367063551234e-11	3.102367063551234e-11	3.1023670635512356e-11
0.74	-3.127110957855268e-11	3.127110957855268e-11	3.1271109578552686e-11
0.75	-3.139513573849656e-11	3.139513573849656e-11	3.139513573849656e-11
0.76	-3.1395259640754245e-11	3.1395259640754245e-11	3.139525964075424e-11
0.77	-3.127148079634012e-11	3.127148079634012e-11	3.127148079634011e-11
0.78	-3.1024287703802565e-11	3.1024287703802565e-11	3.102428770380254e-11
0.79	-3.065465592134781e-11	3.065465592134781e-11	3.065465592134778e-11
0.8	-3.016404421675075e-11	3.016404421675075e-11	3.016404421675072e-11
0.81	-2.9554388810272024e-11	2.9554388810272024e-11	2.955438881027197e-11
0.8200000000000001	-2.882809573327417e-11	2.882809573327417e-11	2.8828095733274117e-11
0.8300000000000001	-2.798803133272206e-11	2.798803133272206e-11	2.7988031332722007e-11
0.84	-2.703751095901383e-11	2.703751095901383e-11	2.7037510959013778e-11
0.85	-2.5980285881815608e-11	2.5980285881815608e-11	2.5980285881815556e-11
0.86	-2.4820528485504528e-11	2.4820528485504528e-11	2.4820528485504425e-11
0.87	-2.356281580268252e-11	2.356281580268252e-11	2.3562815802682415e-11
0.88	-2.221211145071335e-11	2.221211145071335e-11	2.2212111450713297e-11
0.89	-2.0773746042597165e-11	2.0773746042597165e-11	2.0773746042597062e-11
0.9	-1.9253396149472138e-11	1.9253396149472138e-11	1.9253396149472086e-11
0.91	-1.7657061897785645e-11	1.7657061897785645e-11	1.7657061897785593e-11
0.92	-1.599104328953237e-11	1.599104328953237e-11	1.5991043289532268e-11
0.93	-1.4261915339028619e-11	1.4261915339028619e-11	1.4261915339028515e-11
0.9400000000000001	-1.247650212433047e-11	1.247650212433047e-11	1.2476502124330366e-11
0.9500000000000001	-1.064184985571969e-11	1.064184985571969e-11	1.0641849855719587e-11
0.96	-8.765199067526928e-12	8.765199067526928e-12	8.765199067526825e-12
0.97	-6.85395604305332e-12	6.85395604305332e-12	6.853956043053216e-12
0.98	-4.9156635853522455e-12	4.9156635853522455e-12	4.915663585352142e-12
0.99	-2.957971249232989e-12	2.957971249232989e-12	2.9579712492328858e-12
1.0	-9.886051519614575e-13	9.886051519614575e-13	9.88605151961354e-13
1.01	9.846625181940114e-13	-9.846625181940114e-13	-9.846625181941148e-13
1.02	2.9540441752398236e-12	-2.9540441752398236e-12	-2.954044175239927e-12
1.03	4.911767569500337e-12	-4.911767569500337e-12	-4.9117675695004404e-12
1.04	6.850106461137298e-12	-6.850106461137298e-12	-6.8501064611374014e-12
1.05	8.761411112087727e-12	-8.761411112087727e-12	-8.76141111208783e-12
1.06	1.0638138476087136e-11	-1.0638138476087136e-11	-1.0638138476087239e-11
1.07	1.2472881967624364e-11	-1.2472881967624364e-11	-1.2472881967624467e-11
1.08	1.4258400692353396e-11	-1.4258400692353396e-11	-1.4258400692353499e-11
1.09	1.598764802359295e-11	-1.598764802359295e-11	-1.5987648023593e-11
1.1	1.7653799412145442e-11	-1.7653799412145442e-11	-1.7653799412145546e-11
1.11	1.9250279319671468e-11	-1.9250279319671468e-11	-1.925027931967157e-11
1.12	2.077078716933932e-11	-2.077078716933932e-11	-2.0770787169339425e-11
1.1300000000000001	2.220932221131924e-11	-2.220932221131924e-11	-2.2209322211319343e-11
1.1400000000000001	2.3560207205005694e-11	-2.3560207205005694e-11	-2.3560207205005746e-11
1.1500000000000001	2.4818110824488998e-11	-2.4818110824488998e-11	-2.481811082448905e-11
1.16	2.5978068698863386e-11	-2.5978068698863386e-11	-2.5978068698863438e-11
1.17	2.7035503004335034e-11	-2.7035503004335034e-11	-2.7035503004335085e-11
1.18	2.7986240530795078e-11	-2.7986240530795078e-11	-2.798624053079513e-11
1.19	2.8826529151576374e-11	-2.8826529151576374e-11	-2.88265291515764e-11
1.2	2.9553052631385664e-11	-2.9553052631385664e-11	-2.955305263138569e-11
1.21	3.0162943713963577e-11	-3.0162943713963577e-11	-3.01629437139636e-11
1.22	3.065379543784145e-11	-3.065379543784145e-11	-3.0653795437841476e-11
1.23	3.102367063551233e-11	-3.102367063551233e-11	-3.102367063551234e-11
1.24	3.127110957855267e-11	-3.127110957855267e-11	-3.1271109578552673e-11
1.25	3.139513573849656e-11	-3.139513573849656e-11	-3.139513573849656e-11
1.26	3.139525964075425e-11	-3.139525964075425e-11	-3.1395259640754245e-11
1.27	3.1271480796340114e-11	-3.1271480796340114e-11	-3.12714807963401e-11
1.28	3.102428770380299e-11	-3.102428770380299e-11	-3.1024287703802966e-11
1.29	3.065465592134734e-11	-3.065465592134734e-11	-3.0654655921347316e-11
1.3	3.0164044216750773e-11	-3.0164044216750773e-11	-3.016404421675075e-11
1.31	2.955438881027156e-11	-2.955438881027156e-11	-2.955438881027153e-11
1.32	2.8828095733274996e-11	-2.8828095733274996e-11	-2.882809573327497e-11
1.33	2.7988031332721723e-11	-2.7988031332721723e-11	-2.798803133272167e-11
1.34	2.7037510959014243e-11	-2.7037510959014243e-11	-2.703751095901419e-11
1.35	2.5980285881815246e-11	-2.5980285881815246e-11	-2.5980285881815194e-11
1.36	2.482052848550515e-11	-2.482052848550515e-11	-2.4820528485505097e-11
1.37	2.3562815802682157e-11	-2.3562815802682157e-11	-2.3562815802682105e-11
1.3800000000000001	2.2212111450713245e-11	-2.2212111450713245e-11	-2.2212111450713194e-11
1.3900000000000001	2.0773746042596855e-11	-2.0773746042596855e-11	-2.0773746042596752e-11
1.4000000000000001	1.9253396149472086e-11	-1.9253396149472086e-11	-1.9253396149471983e-11
1.41	1.765706189778549e-11	-1.765706189778549e-11	-1.7657061897785386e-11
1.42	1.5991043289532423e-11	-1.5991043289532423e-11	-1.599104328953232e-11
1.43	1.426191533902836e-11	-1.426191533902836e-11	-1.4261915339028257e-11
1.44	1.2476502124330883e-11	-1.2476502124330883e-11	-1.247650212433078e-11
1.45	1.0641849855719587e-11	-1.0641849855719587e-11	-1.0641849855719484e-11
1.46	8.765199067526928e-12	-8.765199067526928e-12	-8.765199067526825e-12
1.47	6.853956043053216e-12	-6.853956043053216e-12	-6.853956043053113e-12
1.48	4.915663585352349e-12	-4.915663585352349e-12	-4.9156635853522455e-12
1.49	2.957971249232989e-12	-2.957971249232989e-12	-2.9579712492328858e-12
1.5	9.886051519614575e-13	-9.886051519614575e-13	-9.88605151961354e-13
1.51	-9.846625181940114e-13	9.846625181940114e-13	9.846625181941148e-13
1.52	-2.9540441752397202e-12	2.9540441752397202e-12	2.9540441752398236e-12
1.53	-4.9117675695004404e-12	4.9117675695004404e-12	4.911767569500544e-12
1.54	-6.850106461137195e-12	6.850106461137195e-12	6.850106461137298e-12
1.55	-8.761411112087727e-12	8.761411112087727e-12	8.76141111208783e-12
1.56	-1.063813847608698e-11	1.063813847608698e-11	1.0638138476087032e-11
1.57	-1.2472881967624674e-11	1.2472881967624674e-11	1.2472881967624777e-11
1.58	-1.4258400692353189e-11	1.4258400692353189e-11	1.4258400692353292e-11
1.59	-1.5987648023593e-11	1.5987648023593e-11	1.5987648023593053e-11
1.6	-1.7653799412145132e-11	1.7653799412145132e-11	1.7653799412145184e-11
1.61	-1.9250279319672088e-11	1.9250279319672088e-11	1.925027931967214e-11
1.62	-2.0770787169339063e-11	2.0770787169339063e-11	2.0770787169339166e-11
1.6300000000000001	-2.220932221131924e-11	2.220932221131924e-11	2.2209322211319343e-11
1.6400000000000001	-2.3560207205005694e-11	2.3560207205005694e-11	2.3560207205005746e-11
1.6500000000000001	-2.4818110824488636e-11	2.4818110824488636e-11	2.4818110824488688e-11
1.6600000000000001	-2.5978068698864524e-11	2.5978068698864524e-11	2.5978068698864575e-11
1.67	-2.7035503004334258e-11	2.7035503004334258e-11	2.703550300433431e-11
1.68	-2.798624053079474e-11	2.798624053079474e-11	2.7986240530794767e-11
1.69	-2.88265291515772e-11	2.88265291515772e-11	2.8826529151577227e-11
1.7	-2.955305263138525e-11	2.955305263138525e-11	2.9553052631385276e-11
1.71	-3.0162943713963577e-11	3.0162943713963577e-11	3.01629437139636e-11
1.72	-3.0653795437841e-11	3.0653795437841e-11	3.0653795437841024e-11
1.73	-3.102367063551322e-11	3.102367063551322e-11	3.1023670635513235e-11
1.74	-3.1271109578552215e-11	3.1271109578552215e-11	3.127110957855222e-11
1.75	-3.139513573849657e-11	3.139513573849657e-11	3.139513573849657e-11
1.76	-3.1395259640754245e-11	3.1395259640754245e-11	3.139525964075424e-11
1.77	-3.127148079633969e-11	3.127148079633969e-11	3.1271480796339675e-11
1.78	-3.102428770380343e-11	3.102428770380343e-11	3.102428770380342e-11
1.79	-3.0654655921347355e-11	3.0654655921347355e-11	3.065465592134733e-11
1.8	-3.0164044216750773e-11	3.0164044216750773e-11	3.016404421675075e-11
1.81	-2.955438881027156e-11	2.955438881027156e-11	2.955438881027153e-11
1.82	-2.8828095733274996e-11	2.8828095733274996e-11	2.882809573327497e-11
1.83	-2.798803133272167e-11	2.798803133272167e-11	2.798803133272162e-11
1.84	-2.7037510959014295e-11	2.7037510959014295e-11	2.7037510959014243e-11
1.85	-2.5980285881815298e-11	2.5980285881815298e-11	2.5980285881815246e-11
1.86	-2.4820528485505097e-11	2.4820528485505097e-11	2.4820528485505045e-11
1.87	-2.3562815802682157e-11	2.3562815802682157e-11	2.3562815802682105e-11
1.8800000000000001	-2.2212111450713297e-11	2.2212111450713297e-11	2.2212111450713245e-11
1.8900000000000001	-2.0773746042596804e-11	2.0773746042596804e-11	2.07737460425967e-11
1.9000000000000001	-1.9253396149472138e-11	1.9253396149472138e-11	1.9253396149472035e-11
1.9100000000000001	-1.7657061897785955e-11	1.7657061897785955e-11	1.765706189778585e-11
1.92	-1.5991043289531957e-11	1.5991043289531957e-11	1.5991043289531854e-11
1.93	-1.4261915339028412e-11	1.4261915339028412e-11	1.4261915339028309e-11
1.94	-1.2476502124330883e-11	1.2476502124330883e-11	1.247650212433078e-11
1.95	-1.0641849855719587e-11	1.0641849855719587e-11	1.0641849855719484e-11
1.96	-8.765199067526825e-12	8.765199067526825e-12	8.765199067526721e-12
1.97	-6.85395604305332e-12	6.85395604305332e-12	6.853956043053216e-12
1.98	-4.915663585352349e-12	4.915663585352349e-12	4.9156635853522455e-12
1.99	-2.957971249232989e-12	2.957971249232989e-12	2.9579712492328858e-12
2.0	-9.886051519614575e-13	9.886051519614575e-13	9.88605151961354e-13
2.0100000000000002	9.846625181940114e-13	-9.846625181940114e-13	-9.846625181941148e-13
2.02	2.9540441752397202e-12	-2.9540441752397202e-12	-2.9540441752398236e-12
2.0300000000000002	4.9117675695004404e-12	-4.9117675695004404e-12	-4.911767569500544e-12
2.04	6.850106461137091e-12	-6.850106461137091e-12	-6.850106461137195e-12
2.05	8.761411112087417e-12	-8.761411112087417e-12	-8.76141111208752e-12
2.06	1.063813847608729e-11	-1.063813847608729e-11	-1.0638138476087394e-11
2.07	1.2472881967624364e-11	-1.2472881967624364e-11	-1.2472881967624415e-11
2.08	1.4258400692353551e-11	-1.4258400692353551e-11	-1.4258400692353654e-11
2.09	1.5987648023592484e-11	-1.5987648023592484e-11	-1.5987648023592587e-11
2.1	1.76537994121457e-11	-1.76537994121457e-11	-1.7653799412145752e-11
2.11	1.925027931967152e-11	-1.925027931967152e-11	-1.9250279319671623e-11
2.12	2.077078716933958e-11	-2.077078716933958e-11	-2.0770787169339683e-11
2.13	2.220932221131867e-11	-2.220932221131867e-11	-2.2209322211318774e-11
2.14	2.3560207205006314e-11	-2.3560207205006314e-11	-2.3560207205006366e-11
2.15	2.4818110824488636e-11	-2.4818110824488636e-11	-2.4818110824488688e-11
2.16	2.5978068698864524e-11	-2.5978068698864524e-11	-2.5978068698864575e-11
2.17	2.703550300433431e-11	-2.703550300433431e-11	-2.703550300433436e-11
2.18	2.798624053079549e-11	-2.798624053079549e-11	-2.7986240530795517e-11
2.19	2.88265291515764e-11	-2.88265291515764e-11	-2.882652915157645e-11
2.2	2.955305263138613e-11	-2.955305263138613e-11	-2.9553052631386155e-11
2.21	3.0162943713962724e-11	-3.0162943713962724e-11	-3.016294371396275e-11
2.22	3.065379543784189e-11	-3.065379543784189e-11	-3.06537954378419e-11
2.23	3.1023670635512356e-11	-3.1023670635512356e-11	-3.102367063551237e-11
2.24	3.127110957855311e-11	-3.127110957855311e-11	-3.127110957855312e-11
2.25	3.139513573849568e-11	-3.139513573849568e-11	-3.139513573849568e-11
2.2600000000000002	3.139525964075513e-11	-3.139525964075513e-11	-3.1395259640755124e-11
2.27	3.127148079633878e-11	-3.127148079633878e-11	-3.127148079633877e-11
2.2800000000000002	3.102428770380342e-11	-3.102428770380342e-11	-3.102428770380339e-11
2.29	3.0654655921347355e-11	-3.0654655921347355e-11	-3.065465592134733e-11
2.3000000000000003	3.01640442167516e-11	-3.01640442167516e-11	-3.0164044216751575e-11
2.31	2.955438881027073e-11	-2.955438881027073e-11	-2.9554388810270705e-11
2.32	2.8828095733274195e-11	-2.8828095733274195e-11	-2.8828095733274143e-11
2.33	2.79880313327225e-11	-2.79880313327225e-11	-2.7988031332722447e-11
2.34	2.703751095901352e-11	-2.703751095901352e-11	-2.7037510959013468e-11
2.35	2.5980285881816073e-11	-2.5980285881816073e-11	-2.598028588181602e-11
2.36	2.4820528485504425e-11	-2.4820528485504425e-11	-2.4820528485504373e-11
2.37	2.356281580268288e-11	-2.356281580268288e-11	-2.356281580268283e-11
2.38	2.2212111450712625e-11	-2.2212111450712625e-11	-2.2212111450712573e-11
2.39	2.0773746042597424e-11	-2.0773746042597424e-11	-2.077374604259732e-11
2.4	1.9253396149472138e-11	-1.9253396149472138e-11	-1.9253396149472035e-11
2.41	1.7657061897785955e-11	-1.7657061897785955e-11	-1.765706189778585e-11
2.42	1.599104328953201e-11	-1.599104328953201e-11	-1.5991043289531906e-11
2.43	1.4261915339028826e-11	-1.4261915339028826e-11	-1.4261915339028722e-11
2.44	1.2476502124330573e-11	-1.2476502124330573e-11	-1.247650212433047e-11
2.45	1.0641849855719897e-11	-1.0641849855719897e-11	-1.0641849855719794e-11
2.46	8.765199067526618e-12	-8.765199067526618e-12	-8.765199067526515e-12
2.47	6.853956043053423e-12	-6.853956043053423e-12	-6.85395604305332e-12
2.48	4.9156635853522455e-12	-4.9156635853522455e-12	-4.915663585352142e-12
2.49	2.9579712492330926e-12	-2.9579712492330926e-12	-2.957971249232989e-12
2.5	9.88605151961354e-13	-9.88605151961354e-13	-9.886051519612507e-13
2.5100000000000002	-9.846625181940114e-13	9.846625181940114e-13	9.846625181941148e-13
2.52	-2.9540441752397202e-12	2.9540441752397202e-12	2.9540441752398236e-12
2.5300000000000002	-4.9117675695004404e-12	4.9117675695004404e-12	4.911767569500544e-12
2.54	-6.850106461137091e-12	6.850106461137091e-12	6.850106461137195e-12
2.5500000000000003	-8.761411112088037e-12	8.761411112088037e-12	8.76141111208814e-12
2.56	-1.0638138476087032e-11	1.0638138476087032e-11	1.0638138476087136e-11
2.57	-1.2472881967623588e-11	1.2472881967623588e-11	1.2472881967623692e-11
2.58	-1.4258400692353964e-11	1.4258400692353964e-11	1.4258400692354068e-11
2.59	-1.5987648023592898e-11	1.5987648023592898e-11	1.598764802359295e-11
2.6	-1.7653799412145132e-11	1.7653799412145132e-11	1.7653799412145235e-11
2.61	-1.9250279319671468e-11	1.9250279319671468e-11	1.925027931967152e-11
2.62	-2.0770787169339063e-11	2.0770787169339063e-11	2.0770787169339166e-11
2.63	-2.220932221131924e-11	2.220932221131924e-11	2.2209322211319343e-11
2.64	-2.3560207205007038e-11	2.3560207205007038e-11	2.356020720500709e-11
2.65	-2.481811082448719e-11	2.481811082448719e-11	2.481811082448724e-11
2.66	-2.5978068698865247e-11	2.5978068698865247e-11	2.59780686988653e-11
2.67	-2.7035503004335085e-11	2.7035503004335085e-11	2.7035503004335085e-11
2.68	-2.798624053079469e-11	2.798624053079469e-11	2.798624053079474e-11
2.69	-2.8826529151576374e-11	2.8826529151576374e-11	2.8826529151576426e-11
2.7	-2.9553052631385276e-11	2.9553052631385276e-11	2.95530526313853e-11
2.71	-3.0162943713963577e-11	3.0162943713963577e-11	3.01629437139636e-11
2.72	-3.0653795437842756e-11	3.0653795437842756e-11	3.065379543784277e-11
2.73	-3.102367063551061e-11	3.102367063551061e-11	3.1023670635510624e-11
2.74	-3.1271109578553966e-11	3.1271109578553966e-11	3.127110957855397e-11
2.75	-3.1395135738494804e-11	3.1395135738494804e-11	3.1395135738494804e-11
2.7600000000000002	-3.1395259640756016e-11	3.1395259640756016e-11	3.139525964075601e-11
2.77	-3.127148079633969e-11	3.127148079633969e-11	3.1271480796339675e-11
2.7800000000000002	-3.102428770380255e-11	3.102428770380255e-11	3.1024287703802527e-11
2.79	-3.065465592134738e-11	3.065465592134738e-11	3.0654655921347355e-11
2.8000000000000003	-3.0164044216750773e-11	3.0164044216750773e-11	3.016404421675072e-11
2.81	-2.955438881027156e-11	2.955438881027156e-11	2.955438881027153e-11
2.82	-2.882809573327422e-11	2.882809573327422e-11	2.882809573327417e-11
2.83	-2.7988031332721723e-11	2.7988031332721723e-11	2.798803133272167e-11
2.84	-2.7037510959014295e-11	2.7037510959014295e-11	2.7037510959014243e-11
2.85	-2.5980285881816745e-11	2.5980285881816745e-11	2.5980285881816693e-11
2.86	-2.482052848550308e-11	2.482052848550308e-11	2.4820528485502977e-11
2.87	-2.3562815802683552e-11	2.3562815802683552e-11	2.35628158026835e-11
2.88	-2.2212111450713245e-11	2.2212111450713245e-11	2.2212111450713194e-11
2.89	-2.0773746042596855e-11	2.0773746042596855e-11	2.0773746042596752e-11
2.9	-1.9253396149472138e-11	1.9253396149472138e-11	1.9253396149472035e-11
2.91	-1.7657061897785438e-11	1.7657061897785438e-11	1.7657061897785334e-11
2.92	-1.5991043289532474e-11	1.5991043289532474e-11	1.599104328953237e-11
2.93	-1.4261915339029188e-11	1.4261915339029188e-11	1.4261915339029084e-11
2.94	-1.2476502124329901e-11	1.2476502124329901e-11	1.2476502124329798e-11
2.95	-1.0641849855720207e-11	1.0641849855720207e-11	1.0641849855720104e-11
2.96	-8.765199067527032e-12	8.765199067527032e-12	8.765199067526928e-12
2.97	-6.853956043053216e-12	6.853956043053216e-12	6.853956043053113e-12
2.98	-4.9156635853522455e-12	4.9156635853522455e-12	4.915663585352142e-12
2.99	-2.957971249232989e-12	2.957971249232989e-12	2.9579712492328858e-12
3.0	-9.886051519614575e-13	9.886051519614575e-13	9.88605151961354e-13
3.0100000000000002	9.846625181940114e-13	-9.846625181940114e-13	-9.846625181941148e-13
3.02	2.9540441752397202e-12	-2.9540441752397202e-12	-2.9540441752398236e-12
3.0300000000000002	4.911767569500544e-12	-4.911767569500544e-12	-4.911767569500647e-12
3.04	6.850106461136781e-12	-6.850106461136781e-12	-6.8501064611368845e-12
3.0500000000000003	8.761411112088244e-12	-8.761411112088244e-12	-8.761411112088347e-12
3.06	1.0638138476087032e-11	-1.0638138476087032e-11	-1.0638138476087136e-11
3.0700000000000003	1.2472881967624364e-11	-1.2472881967624364e-11	-1.2472881967624467e-11
3.08	1.4258400692353086e-11	-1.4258400692353086e-11	-1.4258400692353189e-11
3.09	1.5987648023593e-11	-1.5987648023593e-11	-1.5987648023593053e-11
3.1	1.7653799412145132e-11	-1.7653799412145132e-11	-1.7653799412145235e-11
3.11	1.9250279319671468e-11	-1.9250279319671468e-11	-1.925027931967152e-11
3.12	2.077078716933901e-11	-2.077078716933901e-11	-2.0770787169339115e-11
3.13	2.2209322211319343e-11	-2.2209322211319343e-11	-2.2209322211319446e-11
3.14	2.3560207205006986e-11	-2.3560207205006986e-11	-2.3560207205007038e-11
3.15	2.4818110824487292e-11	-2.4818110824487292e-11	-2.4818110824487344e-11
3.16	2.5978068698865196e-11	-2.5978068698865196e-11	-2.5978068698865247e-11
3.17	2.7035503004335085e-11	-2.7035503004335085e-11	-2.7035503004335137e-11
3.18	2.798624053079469e-11	-2.798624053079469e-11	-2.798624053079474e-11
3.19	2.88265291515764e-11	-2.88265291515764e-11	-2.882652915157645e-11
3.2	2.9553052631385276e-11	-2.9553052631385276e-11	-2.95530526313853e-11
3.21	3.0162943713963577e-11	-3.0162943713963577e-11	-3.01629437139636e-11
3.22	3.065379543784274e-11	-3.065379543784274e-11	-3.0653795437842756e-11
3.23	3.102367063551061e-11	-3.102367063551061e-11	-3.1023670635510624e-11
3.24	3.127110957855399e-11	-3.127110957855399e-11	-3.1271109578554e-11
3.25	3.139513573849657e-11	-3.139513573849657e-11	-3.139513573849657e-11
3.2600000000000002	3.139525964075425e-11	-3.139525964075425e-11	-3.1395259640754245e-11
3.27	3.127148079633966e-11	-3.127148079633966e-11	-3.127148079633965e-11
3.2800000000000002	3.102428770380255e-11	-3.102428770380255e-11	-3.102428770380254e-11
3.29	3.0654655921347355e-11	-3.0654655921347355e-11	-3.065465592134733e-11
3.3000000000000003	3.016404421675075e-11	-3.016404421675075e-11	-3.016404421675072e-11
3.31	2.9554388810271584e-11	-2.9554388810271584e-11	-2.955438881027153e-11
3.3200000000000003	2.882809573327577e-11	-2.882809573327577e-11	-2.882809573327572e-11
3.33	2.798803133272012e-11	-2.798803133272012e-11	-2.798803133272007e-11
3.34	2.7037510959014295e-11	-2.7037510959014295e-11	-2.7037510959014243e-11
3.35	2.5980285881816745e-11	-2.5980285881816745e-11	-2.5980285881816693e-11
3.36	2.482052848550308e-11	-2.482052848550308e-11	-2.482052848550303e-11
3.37	2.3562815802683552e-11	-2.3562815802683552e-11	-2.35628158026835e-11
3.38	2.2212111450713194e-11	-2.2212111450713194e-11	-2.2212111450713142e-11
3.39	2.0773746042596907e-11	-2.0773746042596907e-11	-2.0773746042596855e-11
3.4	1.9253396149472138e-11	-1.9253396149472138e-11	-1.9253396149472035e-11
3.41	1.765706189778549e-11	-1.765706189778549e-11	-1.7657061897785386e-11
3.42	1.5991043289532423e-11	-1.5991043289532423e-11	-1.599104328953232e-11
3.43	1.4261915339029188e-11	-1.4261915339029188e-11	-1.4261915339029084e-11
3.44	1.2476502124329901e-11	-1.2476502124329901e-11	-1.2476502124329798e-11
3.45	1.0641849855720207e-11	-1.0641849855720207e-11	-1.0641849855720104e-11
3.46	8.765199067527032e-12	-8.765199067527032e-12	-8.765199067526928e-12
3.47	6.853956043053216e-12	-6.853956043053216e-12	-6.853956043053113e-12
3.48	4.9156635853522455e-12	-4.9156635853522455e-12	-4.915663585352142e-12
3.49	2.957971249232989e-12	-2.957971249232989e-12	-2.9579712492328858e-12
3.5	9.886051519614575e-13	-9.886051519614575e-13	-9.88605151961354e-13
3.5100000000000002	-9.846625181940114e-13	9.846625181940114e-13	9.846625181941148e-13
3.52	-2.9540441752397202e-12	2.9540441752397202e-12	2.9540441752398236e-12
3.5300000000000002	-4.911767569500544e-12	4.911767569500544e-12	4.911767569500647e-12
3.54	-6.850106461136781e-12	6.850106461136781e-12	6.8501064611368845e-12
3.5500000000000003	-8.76141111208814e-12	8.76141111208814e-12	8.761411112088244e-12
3.56	-1.0638138476087084e-11	1.0638138476087084e-11	1.0638138476087187e-11
3.5700000000000003	-1.2472881967624312e-11	1.2472881967624312e-11	1.2472881967624415e-11
3.58	-1.4258400692353189e-11	1.4258400692353189e-11	1.4258400692353292e-11
3.59	-1.5987648023592898e-11	1.5987648023592898e-11	1.5987648023593e-11
3.6	-1.765379941214508e-11	1.765379941214508e-11	1.7653799412145184e-11
3.61	-1.925027931967152e-11	1.925027931967152e-11	1.925027931967157e-11
3.62	-2.077078716933896e-11	2.077078716933896e-11	2.0770787169339063e-11
3.63	-2.220932221131929e-11	2.220932221131929e-11	2.2209322211319395e-11
3.64	-2.3560207205006986e-11	2.3560207205006986e-11	2.3560207205007038e-11
3.65	-2.481811082448724e-11	2.481811082448724e-11	2.4818110824487292e-11
3.66	-2.5978068698865247e-11	2.5978068698865247e-11	2.59780686988653e-11
3.67	-2.7035503004335034e-11	2.7035503004335034e-11	2.7035503004335085e-11
3.68	-2.798624053079469e-11	2.798624053079469e-11	2.798624053079474e-11
3.69	-2.88265291515764e-11	2.88265291515764e-11	2.8826529151576426e-11
3.7	-2.9553052631385276e-11	2.9553052631385276e-11	2.955305263138533e-11
3.71	-3.016294371396355e-11	3.016294371396355e-11	3.0162943713963577e-11
3.72	-3.065379543784278e-11	3.065379543784278e-11	3.065379543784281e-11
3.73	-3.102367063551061e-11	3.102367063551061e-11	3.1023670635510624e-11
3.74	-3.127110957855398e-11	3.127110957855398e-11	3.1271109578553985e-11
3.75	-3.13951357384948e-11	3.13951357384948e-11	3.13951357384948e-11
3.7600000000000002	-3.139525964075602e-11	3.139525964075602e-11	3.1395259640756016e-11
3.77	-3.127148079633968e-11	3.127148079633968e-11	3.127148079633967e-11
3.7800000000000002	-3.1024287703802565e-11	3.1024287703802565e-11	3.102428770380255e-11
3.79	-3.065465592134734e-11	3.065465592134734e-11	3.0654655921347316e-11
3.8000000000000003	-3.016404421675075e-11	3.016404421675075e-11	3.016404421675072e-11
3.81	-2.955438881027161e-11	2.955438881027161e-11	2.955438881027156e-11
3.8200000000000003	-2.882809573327577e-11	2.882809573327577e-11	2.882809573327572e-11
3.83	-2.7988031332720146e-11	2.7988031332720146e-11	2.7988031332720095e-11
3.84	-2.7037510959014295e-11	2.7037510959014295e-11	2.703751095901419e-11
3.85	-2.5980285881816745e-11	2.5980285881816745e-11	2.5980285881816693e-11
3.86	-2.482052848550308e-11	2.482052848550308e-11	2.482052848550303e-11
3.87	-2.35628158026835e-11	2.35628158026835e-11	2.356281580268345e-11
3.88	-2.2212111450713245e-11	2.2212111450713245e-11	2.2212111450713194e-11
3.89	-2.0773746042596855e-11	2.0773746042596855e-11	2.0773746042596804e-11
3.9	-1.9253396149472138e-11	1.9253396149472138e-11	1.9253396149472035e-11
3.91	-1.765706189778549e-11	1.765706189778549e-11	1.7657061897785386e-11
3.92	-1.5991043289532423e-11	1.5991043289532423e-11	1.599104328953232e-11
3.93	-1.4261915339029136e-11	1.4261915339029136e-11	1.4261915339029032e-11
3.94	-1.2476502124329901e-11	1.2476502124329901e-11	1.2476502124329798e-11
3.95	-1.0641849855720207e-11	1.0641849855720207e-11	1.0641849855720104e-11
3.96	-8.765199067526928e-12	8.765199067526928e-12	8.765199067526825e-12
3.97	-6.853956043053216e-12	6.853956043053216e-12	6.853956043053113e-12
3.98	-4.9156635853522455e-12	4.9156635853522455e-12	4.915663585352142e-12
3.99	-2.957971249232989e-12	2.957971249232989e-12	2.9579712492328858e-12
4.0	-9.886051519614575e-13	9.886051519614575e-13	9.88605151961354e-13
4.01	9.84662518193908e-13	-9.84662518193908e-13	-9.846625181940114e-13
4.0200000000000005	2.954044175239927e-12	-2.954044175239927e-12	-2.9540441752400304e-12
4.03	4.911767569500234e-12	-4.911767569500234e-12	-4.911767569500337e-12
4.04	6.850106461136678e-12	-6.850106461136678e-12	-6.850106461136781e-12
4.05	8.761411112087624e-12	-8.761411112087624e-12	-8.761411112087727e-12
4.0600000000000005	1.0638138476087601e-11	-1.0638138476087601e-11	-1.0638138476087704e-11
4.07	1.2472881967624312e-11	-1.2472881967624312e-11	-1.2472881967624415e-11
4.08	1.4258400692353189e-11	-1.4258400692353189e-11	-1.4258400692353292e-11
4.09	1.5987648023592898e-11	-1.5987648023592898e-11	-1.5987648023593e-11
4.1	1.7653799412144046e-11	-1.7653799412144046e-11	-1.765379941214415e-11
4.11	1.925027931967364e-11	-1.925027931967364e-11	-1.9250279319673742e-11
4.12	2.0770787169337822e-11	-2.0770787169337822e-11	-2.0770787169337925e-11
4.13	2.220932221131924e-11	-2.220932221131924e-11	-2.2209322211319343e-11
4.14	2.3560207205005642e-11	-2.3560207205005642e-11	-2.3560207205005694e-11
4.15	2.4818110824490032e-11	-2.4818110824490032e-11	-2.4818110824490084e-11
4.16	2.5978068698863748e-11	-2.5978068698863748e-11	-2.597806869886385e-11
4.17	2.7035503004335034e-11	-2.7035503004335034e-11	-2.7035503004335085e-11
4.18	2.7986240530793087e-11	-2.7986240530793087e-11	-2.798624053079314e-11
4.19	2.882652915157963e-11	-2.882652915157963e-11	-2.8826529151579683e-11
4.2	2.955305263138365e-11	-2.955305263138365e-11	-2.9553052631383674e-11
4.21	3.016294371396355e-11	-3.016294371396355e-11	-3.0162943713963577e-11
4.22	3.065379543784101e-11	-3.065379543784101e-11	-3.0653795437841024e-11
4.23	3.10236706355141e-11	-3.10236706355141e-11	-3.1023670635514113e-11
4.24	3.127110957855222e-11	-3.127110957855222e-11	-3.127110957855223e-11
4.25	3.1395135738496575e-11	-3.1395135738496575e-11	-3.1395135738496575e-11
4.26	3.139525964075248e-11	-3.139525964075248e-11	-3.1395259640752474e-11
4.2700000000000005	3.12714807963432e-11	-3.12714807963432e-11	-3.1271480796343184e-11
4.28	3.102428770380081e-11	-3.102428770380081e-11	-3.102428770380078e-11
4.29	3.0654655921347355e-11	-3.0654655921347355e-11	-3.065465592134733e-11
4.3	3.016404421675075e-11	-3.016404421675075e-11	-3.016404421675072e-11
4.3100000000000005	2.955438881027324e-11	-2.955438881027324e-11	-2.9554388810273187e-11
4.32	2.882809573327417e-11	-2.882809573327417e-11	-2.8828095733274117e-11
4.33	2.7988031332720095e-11	-2.7988031332720095e-11	-2.7988031332720043e-11
4.34	2.7037510959014243e-11	-2.7037510959014243e-11	-2.703751095901419e-11
4.3500000000000005	2.5980285881816745e-11	-2.5980285881816745e-11	-2.5980285881816693e-11
4.36	2.4820528485504425e-11	-2.4820528485504425e-11	-2.4820528485504373e-11
4.37	2.3562815802682208e-11	-2.3562815802682208e-11	-2.3562815802682157e-11
4.38	2.2212111450713245e-11	-2.2212111450713245e-11	-2.2212111450713194e-11
4.39	2.0773746042595718e-11	-2.0773746042595718e-11	-2.0773746042595614e-11
4.4	1.925339614947436e-11	-1.925339614947436e-11	-1.925339614947431e-11
4.41	1.7657061897784455e-11	-1.7657061897784455e-11	-1.7657061897784352e-11
4.42	1.5991043289532423e-11	-1.5991043289532423e-11	-1.599104328953237e-11
4.43	1.4261915339028412e-11	-1.4261915339028412e-11	-1.426191533902836e-11
4.44	1.2476502124331348e-11	-1.2476502124331348e-11	-1.2476502124331245e-11
4.45	1.0641849855719535e-11	-1.0641849855719535e-11	-1.0641849855719432e-11
4.46	8.765199067526928e-12	-8.765199067526928e-12	-8.765199067526825e-12
4.47	6.853956043052906e-12	-6.853956043052906e-12	-6.853956043052803e-12
4.48	4.9156635853527624e-12	-4.9156635853527624e-12	-4.915663585352659e-12
4.49	2.9579712492327824e-12	-2.9579712492327824e-12	-2.957971249232679e-12
4.5	9.886051519614575e-13	-9.886051519614575e-13	-9.88605151961354e-13
4.51	-9.84662518193908e-13	9.84662518193908e-13	9.846625181940114e-13
4.5200000000000005	-2.954044175239927e-12	2.954044175239927e-12	2.9540441752400304e-12
4.53	-4.911767569500337e-12	4.911767569500337e-12	4.9117675695004404e-12
4.54	-6.850106461136678e-12	6.850106461136678e-12	6.850106461136781e-12
4.55	-8.761411112087624e-12	8.761411112087624e-12	8.761411112087727e-12
4.5600000000000005	-1.0638138476087549e-11	1.0638138476087549e-11	1.0638138476087653e-11
4.57	-1.2472881967624364e-11	1.2472881967624364e-11	1.2472881967624467e-11
4.58	-1.4258400692353189e-11	1.4258400692353189e-11	1.4258400692353292e-11
4.59	-1.5987648023592898e-11	1.5987648023592898e-11	1.5987648023593e-11
4.6000000000000005	-1.7653799412146166e-11	1.7653799412146166e-11	1.7653799412146218e-11
4.61	-1.925027931967157e-11	1.925027931967157e-11	1.9250279319671674e-11
4.62	-2.0770787169337874e-11	2.0770787169337874e-11	2.0770787169337925e-11
4.63	-2.220932221131929e-11	2.220932221131929e-11	2.2209322211319343e-11
4.64	-2.3560207205005642e-11	2.3560207205005642e-11	2.3560207205005694e-11
4.65	-2.4818110824490032e-11	2.4818110824490032e-11	2.4818110824490084e-11
4.66	-2.59780686988638e-11	2.59780686988638e-11	2.597806869886385e-11
4.67	-2.7035503004335034e-11	2.7035503004335034e-11	2.7035503004335085e-11
4.68	-2.7986240530793087e-11	2.7986240530793087e-11	2.7986240530793113e-11
4.69	-2.8826529151579657e-11	2.8826529151579657e-11	2.8826529151579683e-11
4.7	-2.9553052631383674e-11	2.9553052631383674e-11	2.95530526313837e-11
4.71	-3.0162943713963577e-11	3.0162943713963577e-11	3.01629437139636e-11
4.72	-3.065379543784101e-11	3.065379543784101e-11	3.0653795437841024e-11
4.73	-3.10236706355141e-11	3.10236706355141e-11	3.1023670635514113e-11
4.74	-3.1271109578552215e-11	3.1271109578552215e-11	3.127110957855222e-11
4.75	-3.13951357384948e-11	3.13951357384948e-11	3.13951357384948e-11
4.76	-3.139525964075425e-11	3.139525964075425e-11	3.1395259640754245e-11
4.7700000000000005	-3.127148079634321e-11	3.127148079634321e-11	3.12714807963432e-11
4.78	-3.102428770380078e-11	3.102428770380078e-11	3.102428770380077e-11
4.79	-3.0654655921347355e-11	3.0654655921347355e-11	3.065465592134733e-11
4.8	-3.016404421675075e-11	3.016404421675075e-11	3.016404421675072e-11
4.8100000000000005	-2.955438881027324e-11	2.955438881027324e-11	2.9554388810273187e-11
4.82	-2.8828095733274195e-11	2.8828095733274195e-11	2.8828095733274143e-11
4.83	-2.7988031332720146e-11	2.7988031332720146e-11	2.7988031332720095e-11
4.84	-2.7037510959014243e-11	2.7037510959014243e-11	2.703751095901419e-11
4.8500000000000005	-2.5980285881816797e-11	2.5980285881816797e-11	2.5980285881816745e-11
4.86	-2.4820528485504425e-11	2.4820528485504425e-11	2.4820528485504373e-11
4.87	-2.3562815802682157e-11	2.3562815802682157e-11	2.3562815802682053e-11
4.88	-2.2212111450713245e-11	2.2212111450713245e-11	2.2212111450713142e-11
4.89	-2.077374604259582e-11	2.077374604259582e-11	2.0773746042595718e-11
4.9	-1.925339614947431e-11	1.925339614947431e-11	1.9253396149474258e-11
4.91	-1.7657061897784404e-11	1.7657061897784404e-11	1.76570618977843e-11
4.92	-1.5991043289532474e-11	1.5991043289532474e-11	1.5991043289532423e-11
4.93	-1.4261915339028412e-11	1.4261915339028412e-11	1.426191533902836e-11
4.94	-1.2476502124331348e-11	1.2476502124331348e-11	1.2476502124331245e-11
4.95	-1.0641849855719535e-11	1.0641849855719535e-11	1.0641849855719432e-11
4.96	-8.765199067526928e-12	8.765199067526928e-12	8.765199067526825e-12
4.97	-6.853956043052906e-12	6.853956043052906e-12	6.853956043052803e-12
4.98	-4.915663585352866e-12	4.915663585352866e-12	4.9156635853527624e-12
4.99	-2.9579712492327824e-12	2.9579712492327824e-12	2.957971249232679e-12
5.0	-9.886051519614575e-13	9.886051519614575e-13	9.88605151961354e-13
5.01	9.84662518193908e-13	-9.84662518193908e-13	-9.846625181940114e-13
5.0200000000000005	2.954044175239927e-12	-2.954044175239927e-12	-2.9540441752400304e-12
5.03	4.911767569500337e-12	-4.911767569500337e-12	-4.9117675695004404e-12
5.04	6.850106461136678e-12	-6.850106461136678e-12	-6.850106461136781e-12
5.05	8.76141111208752e-12	-8.76141111208752e-12	-8.761411112087624e-12
5.0600000000000005	1.0638138476087549e-11	-1.0638138476087549e-11	-1.0638138476087653e-11
5.07	1.2472881967624364e-11	-1.2472881967624364e-11	-1.2472881967624467e-11
5.08	1.4258400692353189e-11	-1.4258400692353189e-11	-1.4258400692353292e-11
5.09	1.5987648023592898e-11	-1.5987648023592898e-11	-1.5987648023593e-11
5.1000000000000005	1.7653799412146114e-11	-1.7653799412146114e-11	-1.7653799412146166e-11
5.11	1.9250279319670434e-11	-1.9250279319670434e-11	-1.9250279319670485e-11
5.12	2.0770787169340252e-11	-2.0770787169340252e-11	-2.0770787169340304e-11
5.13	2.2209322211318102e-11	-2.2209322211318102e-11	-2.2209322211318154e-11
5.14	2.3560207205004246e-11	-2.3560207205004246e-11	-2.3560207205004298e-11
5.15	2.4818110824492876e-11	-2.4818110824492876e-11	-2.4818110824492927e-11
5.16	2.5978068698862352e-11	-2.5978068698862352e-11	-2.5978068698862404e-11
5.17	2.7035503004333483e-11	-2.7035503004333483e-11	-2.7035503004333534e-11
5.18	2.7986240530796292e-11	-2.7986240530796292e-11	-2.7986240530796318e-11
5.19	2.8826529151578054e-11	-2.8826529151578054e-11	-2.882652915157808e-11
5.2	2.955305263138362e-11	-2.955305263138362e-11	-2.955305263138365e-11
5.21	3.016294371396528e-11	-3.016294371396528e-11	-3.016294371396531e-11
5.22	3.065379543783929e-11	-3.065379543783929e-11	-3.065379543783932e-11
5.23	3.1023670635514113e-11	-3.1023670635514113e-11	-3.1023670635514126e-11
5.24	3.127110957855044e-11	-3.127110957855044e-11	-3.1271109578550444e-11
5.25	3.139513573849833e-11	-3.139513573849833e-11	-3.139513573849833e-11
5.26	3.1395259640752474e-11	-3.1395259640752474e-11	-3.139525964075247e-11
5.2700000000000005	3.1271480796341446e-11	-3.1271480796341446e-11	-3.127148079634143e-11
5.28	3.10242877038043e-11	-3.10242877038043e-11	-3.1024287703804284e-11
5.29	3.0654655921345636e-11	-3.0654655921345636e-11	-3.065465592134561e-11
5.3	3.016404421674909e-11	-3.016404421674909e-11	-3.016404421674907e-11
5.3100000000000005	2.9554388810273264e-11	-2.9554388810273264e-11	-2.955438881027324e-11
5.32	2.8828095733275823e-11	-2.8828095733275823e-11	-2.8828095733275797e-11
5.33	2.798803133272007e-11	-2.798803133272007e-11	-2.7988031332720017e-11
5.34	2.7037510959015743e-11	-2.7037510959015743e-11	-2.703751095901569e-11
5.3500000000000005	2.5980285881816693e-11	-2.5980285881816693e-11	-2.5980285881816642e-11
5.36	2.4820528485502977e-11	-2.4820528485502977e-11	-2.4820528485502926e-11
5.37	2.3562815802680864e-11	-2.3562815802680864e-11	-2.3562815802680812e-11
5.38	2.221211145071459e-11	-2.221211145071459e-11	-2.2212111450714486e-11
5.39	2.077374604259577e-11	-2.077374604259577e-11	-2.0773746042595666e-11
5.4	1.9253396149473276e-11	-1.9253396149473276e-11	-1.9253396149473172e-11
5.41	1.7657061897786368e-11	-1.7657061897786368e-11	-1.7657061897786265e-11
5.42	1.5991043289531492e-11	-1.5991043289531492e-11	-1.599104328953144e-11
5.43	1.4261915339027688e-11	-1.4261915339027688e-11	-1.4261915339027637e-11
5.44	1.2476502124332693e-11	-1.2476502124332693e-11	-1.247650212433259e-11
5.45	1.0641849855718967e-11	-1.0641849855718967e-11	-1.0641849855718863e-11
5.46	8.765199067526515e-12	-8.765199067526515e-12	-8.765199067526411e-12
5.47	6.85395604305363e-12	-6.85395604305363e-12	-6.853956043053526e-12
5.48	4.915663585352556e-12	-4.915663585352556e-12	-4.915663585352452e-12
5.49	2.9579712492327824e-12	-2.9579712492327824e-12	-2.957971249232679e-12
5.5	9.886051519614575e-13	-9.886051519614575e-13	-9.88605151961354e-13
5.51	-9.84662518193908e-13	9.84662518193908e-13	9.846625181940114e-13
5.5200000000000005	-2.954044175239927e-12	2.954044175239927e-12	2.9540441752400304e-12
5.53	-4.9117675694999234e-12	4.9117675694999234e-12	4.911767569500027e-12
5.54	-6.8501064611374014e-12	6.8501064611374014e-12	6.850106461137505e-12
5.55	-8.76141111208721e-12	8.76141111208721e-12	8.761411112087313e-12
5.5600000000000005	-1.0638138476087549e-11	1.0638138476087549e-11	1.0638138476087653e-11
5.57	-1.2472881967625087e-11	1.2472881967625087e-11	1.2472881967625191e-11
5.58	-1.4258400692352413e-11	1.4258400692352413e-11	1.4258400692352517e-11
5.59	-1.5987648023591915e-11	1.5987648023591915e-11	1.598764802359202e-11
5.6000000000000005	-1.7653799412146114e-11	1.7653799412146114e-11	1.7653799412146218e-11
5.61	-1.9250279319672553e-11	1.9250279319672553e-11	1.9250279319672657e-11
5.62	-2.0770787169337874e-11	2.0770787169337874e-11	2.0770787169337925e-11
5.63	-2.2209322211320532e-11	2.2209322211320532e-11	2.2209322211320584e-11
5.64	-2.356020720500435e-11	2.356020720500435e-11	2.35602072050044e-11
5.65	-2.4818110824490084e-11	2.4818110824490084e-11	2.4818110824490136e-11
5.66	-2.5978068698862197e-11	2.5978068698862197e-11	2.597806869886225e-11
5.67	-2.7035503004336533e-11	2.7035503004336533e-11	2.7035503004336585e-11
5.68	-2.798624053079314e-11	2.798624053079314e-11	2.798624053079319e-11
5.69	-2.8826529151577977e-11	2.8826529151577977e-11	2.8826529151578028e-11
5.7	-2.9553052631386957e-11	2.9553052631386957e-11	2.955305263138698e-11
5.71	-3.016294371396187e-11	3.016294371396187e-11	3.0162943713961896e-11
5.72	-3.065379543783924e-11	3.065379543783924e-11	3.0653795437839253e-11
5.73	-3.1023670635517616e-11	3.1023670635517616e-11	3.102367063551763e-11
5.74	-3.1271109578550476e-11	3.1271109578550476e-11	3.127110957855048e-11
5.75	-3.1395135738494785e-11	3.1395135738494785e-11	3.1395135738494785e-11
5.76	-3.139525964075602e-11	3.139525964075602e-11	3.1395259640756016e-11
5.7700000000000005	-3.127148079634143e-11	3.127148079634143e-11	3.127148079634142e-11
5.78	-3.102428770380081e-11	3.102428770380081e-11	3.102428770380078e-11
5.79	-3.065465592134565e-11	3.065465592134565e-11	3.0654655921345623e-11
5.8	-3.0164044216752505e-11	3.0164044216752505e-11	3.016404421675248e-11
5.8100000000000005	-2.955438881027324e-11	2.955438881027324e-11	2.9554388810273187e-11
5.82	-2.882809573327254e-11	2.882809573327254e-11	2.882809573327249e-11
5.83	-2.7988031332723222e-11	2.7988031332723222e-11	2.798803133272317e-11
5.84	-2.7037510959012744e-11	2.7037510959012744e-11	2.7037510959012692e-11
5.8500000000000005	-2.5980285881816745e-11	2.5980285881816745e-11	2.5980285881816693e-11
5.86	-2.482052848550582e-11	2.482052848550582e-11	2.4820528485505717e-11
5.87	-2.3562815802680864e-11	2.3562815802680864e-11	2.356281580268076e-11
5.88	-2.2212111450712108e-11	2.2212111450712108e-11	2.2212111450712056e-11
5.89	-2.0773746042598044e-11	2.0773746042598044e-11	2.0773746042597993e-11
5.9	-1.9253396149473224e-11	1.9253396149473224e-11	1.925339614947312e-11
5.91	-1.7657061897784455e-11	1.7657061897784455e-11	1.7657061897784352e-11
5.92	-1.5991043289533353e-11	1.5991043289533353e-11	1.59910432895333e-11
5.93	-1.4261915339027585e-11	1.4261915339027585e-11	1.4261915339027533e-11
5.94	-1.2476502124331297e-11	1.2476502124331297e-11	1.2476502124331245e-11
5.95	-1.0641849855719018e-11	1.0641849855719018e-11	1.0641849855718915e-11
5.96	-8.765199067527445e-12	8.765199067527445e-12	8.765199067527342e-12
5.97	-6.853956043052906e-12	6.853956043052906e-12	6.853956043052803e-12
5.98	-4.915663585352659e-12	4.915663585352659e-12	4.915663585352556e-12
5.99	-2.9579712492330926e-12	2.9579712492330926e-12	2.957971249232989e-12
6.0	-9.88605151961354e-13	9.88605151961354e-13	9.886051519612507e-13
6.01	9.846625181938047e-13	-9.846625181938047e-13	-9.84662518193908e-13
6.0200000000000005	2.954044175240237e-12	-2.954044175240237e-12	-2.9540441752403406e-12
6.03	4.91176756950013e-12	-4.91176756950013e-12	-4.911767569500234e-12
6.04	6.850106461136678e-12	-6.850106461136678e-12	-6.850106461136781e-12
6.05	8.761411112088244e-12	-8.761411112088244e-12	-8.761411112088347e-12
6.0600000000000005	1.0638138476087756e-11	-1.0638138476087756e-11	-1.0638138476087808e-11
6.07	1.247288196762364e-11	-1.247288196762364e-11	-1.2472881967623743e-11
6.08	1.4258400692352258e-11	-1.4258400692352258e-11	-1.425840069235231e-11
6.09	1.5987648023593777e-11	-1.5987648023593777e-11	-1.598764802359388e-11
6.1000000000000005	1.7653799412146166e-11	-1.7653799412146166e-11	-1.7653799412146218e-11
6.11	1.9250279319670485e-11	-1.9250279319670485e-11	-1.9250279319670537e-11
6.12	2.077078716934015e-11	-2.077078716934015e-11	-2.0770787169340252e-11
6.13	2.220932221131805e-11	-2.220932221131805e-11	-2.2209322211318102e-11
6.140000000000001	2.3560207205006883e-11	-2.3560207205006883e-11	-2.3560207205006986e-11
6.15	2.4818110824490136e-11	-2.4818110824490136e-11	-2.481811082449024e-11
6.16	2.5978068698862352e-11	-2.5978068698862352e-11	-2.5978068698862404e-11
6.17	2.703550300433343e-11	-2.703550300433343e-11	-2.7035503004333483e-11
6.18	2.7986240530796267e-11	-2.7986240530796267e-11	-2.7986240530796318e-11
6.19	2.8826529151578054e-11	-2.8826529151578054e-11	-2.882652915157808e-11
6.2	2.955305263138362e-11	-2.955305263138362e-11	-2.955305263138365e-11
6.21	3.016294371396528e-11	-3.016294371396528e-11	-3.016294371396531e-11
6.22	3.0653795437839305e-11	-3.0653795437839305e-11	-3.065379543783932e-11
6.23	3.10236706355141e-11	-3.10236706355141e-11	-3.1023670635514113e-11
6.24	3.1271109578550444e-11	-3.1271109578550444e-11	-3.127110957855045e-11
6.25	3.1395135738498326e-11	-3.1395135738498326e-11	-3.1395135738498326e-11
6.26	3.139525964075248e-11	-3.139525964075248e-11	-3.1395259640752474e-11
6.2700000000000005	3.127148079634143e-11	-3.127148079634143e-11	-3.127148079634142e-11
6.28	3.102428770380431e-11	-3.102428770380431e-11	-3.1024287703804284e-11
6.29	3.0654655921345623e-11	-3.0654655921345623e-11	-3.06546559213456e-11
6.3	3.016404421674909e-11	-3.016404421674909e-11	-3.016404421674907e-11
6.3100000000000005	2.9554388810273264e-11	-2.9554388810273264e-11	-2.955438881027321e-11
6.32	2.882809573327585e-11	-2.882809573327585e-11	-2.8828095733275797e-11
6.33	2.7988031332720146e-11	-2.7988031332720146e-11	-2.7988031332720095e-11
6.34	2.7037510959015743e-11	-2.7037510959015743e-11	-2.703751095901569e-11
6.3500000000000005	2.5980285881816693e-11	-2.5980285881816693e-11	-2.598028588181659e-11
6.36	2.482052848550308e-11	-2.482052848550308e-11	-2.482052848550303e-11
6.37	2.3562815802680916e-11	-2.3562815802680916e-11	-2.3562815802680864e-11
6.38	2.221211145071459e-11	-2.221211145071459e-11	-2.2212111450714486e-11
6.390000000000001	2.0773746042598148e-11	-2.0773746042598148e-11	-2.0773746042598044e-11
6.4	1.9253396149471052e-11	-1.9253396149471052e-11	-1.925339614947095e-11
6.41	1.7657061897786317e-11	-1.7657061897786317e-11	-1.7657061897786213e-11
6.42	1.5991043289531492e-11	-1.5991043289531492e-11	-1.599104328953144e-11
6.43	1.426191533902774e-11	-1.426191533902774e-11	-1.4261915339027688e-11
6.44	1.2476502124332641e-11	-1.2476502124332641e-11	-1.2476502124332538e-11
6.45	1.0641849855718967e-11	-1.0641849855718967e-11	-1.0641849855718863e-11
6.46	8.765199067526515e-12	-8.765199067526515e-12	-8.765199067526411e-12
6.47	6.853956043053733e-12	-6.853956043053733e-12	-6.85395604305363e-12
6.48	4.915663585352556e-12	-4.915663585352556e-12	-4.915663585352452e-12
6.49	2.9579712492327824e-12	-2.9579712492327824e-12	-2.957971249232679e-12
6.5	9.886051519614575e-13	-9.886051519614575e-13	-9.88605151961354e-13
6.51	-9.84662518193908e-13	9.84662518193908e-13	9.846625181940114e-13
6.5200000000000005	-2.954044175239927e-12	2.954044175239927e-12	2.9540441752400304e-12
6.53	-4.9117675694999234e-12	4.9117675694999234e-12	4.911767569500027e-12
6.54	-6.8501064611374014e-12	6.8501064611374014e-12	6.850106461137505e-12
6.55	-8.76141111208721e-12	8.76141111208721e-12	8.761411112087313e-12
6.5600000000000005	-1.0638138476087601e-11	1.0638138476087601e-11	1.0638138476087704e-11
6.57	-1.2472881967625087e-11	1.2472881967625087e-11	1.2472881967625191e-11
6.58	-1.4258400692352362e-11	1.4258400692352362e-11	1.4258400692352413e-11
6.59	-1.5987648023591967e-11	1.5987648023591967e-11	1.598764802359207e-11
6.6000000000000005	-1.7653799412146063e-11	1.7653799412146063e-11	1.7653799412146166e-11
6.61	-1.9250279319672605e-11	1.9250279319672605e-11	1.9250279319672708e-11
6.62	-2.0770787169337874e-11	2.0770787169337874e-11	2.0770787169337925e-11
6.63	-2.2209322211320584e-11	2.2209322211320584e-11	2.2209322211320635e-11
6.640000000000001	-2.3560207205007038e-11	2.3560207205007038e-11	2.356020720500709e-11
6.65	-2.4818110824487344e-11	2.4818110824487344e-11	2.4818110824487396e-11
6.66	-2.59780686988623e-11	2.59780686988623e-11	2.5978068698862352e-11
6.67	-2.703550300433648e-11	2.703550300433648e-11	2.7035503004336533e-11
6.68	-2.7986240530793113e-11	2.7986240530793113e-11	2.7986240530793165e-11
6.69	-2.8826529151578002e-11	2.8826529151578002e-11	2.8826529151578054e-11
6.7	-2.955305263138693e-11	2.955305263138693e-11	2.9553052631386957e-11
6.71	-3.016294371396187e-11	3.016294371396187e-11	3.0162943713961896e-11
6.72	-3.0653795437839266e-11	3.0653795437839266e-11	3.065379543783929e-11
6.73	-3.1023670635517616e-11	3.1023670635517616e-11	3.102367063551763e-11
6.74	-3.1271109578550476e-11	3.1271109578550476e-11	3.127110957855048e-11
6.75	-3.139513573849479e-11	3.139513573849479e-11	3.139513573849479e-11
6.76	-3.139525964075602e-11	3.139525964075602e-11	3.1395259640756016e-11
6.7700000000000005	-3.1271480796341426e-11	3.1271480796341426e-11	3.1271480796341413e-11
6.78	-3.1024287703800795e-11	3.1024287703800795e-11	3.102428770380078e-11
6.79	-3.0654655921345636e-11	3.0654655921345636e-11	3.065465592134561e-11
6.8	-3.0164044216752454e-11	3.0164044216752454e-11	3.016404421675243e-11
6.8100000000000005	-2.955438881027324e-11	2.955438881027324e-11	2.955438881027321e-11
6.82	-2.8828095733272566e-11	2.8828095733272566e-11	2.8828095733272514e-11
6.83	-2.79880313327233e-11	2.79880313327233e-11	2.7988031332723248e-11
6.84	-2.7037510959012744e-11	2.7037510959012744e-11	2.7037510959012692e-11
6.8500000000000005	-2.598028588181685e-11	2.598028588181685e-11	2.5980285881816745e-11
6.86	-2.482052848550582e-11	2.482052848550582e-11	2.4820528485505717e-11
6.87	-2.3562815802680916e-11	2.3562815802680916e-11	2.3562815802680812e-11
6.88	-2.2212111450712056e-11	2.2212111450712056e-11	2.2212111450712005e-11
6.890000000000001	-2.0773746042598096e-11	2.0773746042598096e-11	2.0773746042598044e-11
6.9	-1.9253396149473224e-11	1.9253396149473224e-11	1.925339614947312e-11
6.91	-1.7657061897784455e-11	1.7657061897784455e-11	1.7657061897784352e-11
6.92	-1.59910432895333e-11	1.59910432895333e-11	1.599104328953325e-11
6.93	-1.4261915339027533e-11	1.4261915339027533e-11	1.4261915339027482e-11
6.94	-1.2476502124331245e-11	1.2476502124331245e-11	1.2476502124331193e-11
6.95	-1.064184985571907e-11	1.064184985571907e-11	1.0641849855718967e-11
6.96	-8.765199067527445e-12	8.765199067527445e-12	8.765199067527342e-12
6.97	-6.853956043052906e-12	6.853956043052906e-12	6.853956043052803e-12
6.98	-4.915663585352556e-12	4.915663585352556e-12	4.915663585352452e-12
6.99	-2.957971249233196e-12	2.957971249233196e-12	2.9579712492330926e-12
7.0	-9.88605151961354e-13	9.88605151961354e-13	9.886051519612507e-13
7.01	9.846625181938047e-13	-9.846625181938047e-13	-9.84662518193908e-13
7.0200000000000005	2.954044175240237e-12	-2.954044175240237e-12	-2.9540441752403406e-12
7.03	4.91176756950013e-12	-4.91176756950013e-12	-4.911767569500234e-12
7.04	6.850106461136678e-12	-6.850106461136678e-12	-6.850106461136781e-12
7.05	8.76141111208814e-12	-8.76141111208814e-12	-8.761411112088244e-12
7.0600000000000005	1.0638138476087653e-11	-1.0638138476087653e-11	-1.0638138476087756e-11
7.07	1.2472881967623692e-11	-1.2472881967623692e-11	-1.2472881967623795e-11
7.08	1.425840069235231e-11	-1.425840069235231e-11	-1.4258400692352362e-11
7.09	1.5987648023593777e-11	-1.5987648023593777e-11	-1.598764802359388e-11
7.1000000000000005	1.7653799412146114e-11	-1.7653799412146114e-11	-1.7653799412146218e-11
7.11	1.9250279319670382e-11	-1.9250279319670382e-11	-1.9250279319670485e-11
7.12	2.0770787169340252e-11	-2.0770787169340252e-11	-2.0770787169340355e-11
7.13	2.2209322211318e-11	-2.2209322211318e-11	-2.220932221131805e-11
7.140000000000001	2.3560207205006986e-11	-2.3560207205006986e-11	-2.356020720500709e-11
7.15	2.4818110824490084e-11	-2.4818110824490084e-11	-2.4818110824490136e-11
7.16	2.5978068698862352e-11	-2.5978068698862352e-11	-2.5978068698862404e-11
7.17	2.703550300433343e-11	-2.703550300433343e-11	-2.7035503004333483e-11
7.18	2.7986240530796215e-11	-2.7986240530796215e-11	-2.7986240530796267e-11
7.19	2.8826529151578028e-11	-2.8826529151578028e-11	-2.882652915157808e-11
7.2	2.9553052631383596e-11	-2.9553052631383596e-11	-2.955305263138365e-11
7.21	3.016294371396528e-11	-3.016294371396528e-11	-3.016294371396531e-11
7.22	3.065379543783928e-11	-3.065379543783928e-11	-3.065379543783929e-11
7.23	3.10236706355141e-11	-3.10236706355141e-11	-3.1023670635514113e-11
7.24	3.127110957855045e-11	-3.127110957855045e-11	-3.127110957855046e-11
7.25	3.1395135738498326e-11	-3.1395135738498326e-11	-3.1395135738498326e-11
7.26	3.139525964075248e-11	-3.139525964075248e-11	-3.1395259640752474e-11
7.2700000000000005	3.1271480796341446e-11	-3.1271480796341446e-11	-3.127148079634143e-11
7.28	3.102428770380431e-11	-3.102428770380431e-11	-3.10242877038043e-11
7.29	3.0654655921345636e-11	-3.0654655921345636e-11	-3.065465592134561e-11
7.3	3.016404421674907e-11	-3.016404421674907e-11	-3.016404421674904e-11
7.3100000000000005	2.955438881027329e-11	-2.955438881027329e-11	-2.955438881027324e-11
7.32	2.8828095733275823e-11	-2.8828095733275823e-11	-2.882809573327577e-11
7.33	2.7988031332720172e-11	-2.7988031332720172e-11	-2.798803133272012e-11
7.34	2.7037510959015743e-11	-2.7037510959015743e-11	-2.703751095901569e-11
7.3500000000000005	2.5980285881816693e-11	-2.5980285881816693e-11	-2.5980285881816642e-11
7.36	2.4820528485502977e-11	-2.4820528485502977e-11	-2.4820528485502874e-11
7.37	2.3562815802680916e-11	-2.3562815802680916e-11	-2.3562815802680812e-11
7.38	2.2212111450714538e-11	-2.2212111450714538e-11	-2.2212111450714434e-11
7.390000000000001	2.0773746042598096e-11	-2.0773746042598096e-11	-2.0773746042597993e-11
7.4	1.9253396149471e-11	-1.9253396149471e-11	-1.9253396149470897e-11
7.41	1.765706189778642e-11	-1.765706189778642e-11	-1.7657061897786317e-11
7.42	1.5991043289531544e-11	-1.5991043289531544e-11	-1.599104328953144e-11
7.43	1.4261915339027688e-11	-1.4261915339027688e-11	-1.4261915339027637e-11
7.44	1.2476502124332693e-11	-1.2476502124332693e-11	-1.247650212433259e-11
7.45	1.0641849855718967e-11	-1.0641849855718967e-11	-1.0641849855718863e-11
7.46	8.765199067526515e-12	-8.765199067526515e-12	-8.765199067526411e-12
7.47	6.85395604305363e-12	-6.85395604305363e-12	-6.853956043053526e-12
7.48	4.915663585352452e-12	-4.915663585352452e-12	-4.915663585352349e-12
7.49	2.9579712492327824e-12	-2.9579712492327824e-12	-2.957971249232679e-12
7.5	9.886051519614575e-13	-9.886051519614575e-13	-9.88605151961354e-13
7.51	-9.84662518193908e-13	9.84662518193908e-13	9.846625181940114e-13
7.5200000000000005	-2.954044175239927e-12	2.954044175239927e-12	2.9540441752400304e-12
7.53	-4.9117675694999234e-12	4.9117675694999234e-12	4.911767569500027e-12
7.54	-6.850106461137505e-12	6.850106461137505e-12	6.850106461137608e-12
7.55	-8.76141111208721e-12	8.76141111208721e-12	8.761411112087313e-12
7.5600000000000005	-1.0638138476087549e-11	1.0638138476087549e-11	1.0638138476087601e-11
7.57	-1.2472881967625036e-11	1.2472881967625036e-11	1.2472881967625087e-11
7.58	-1.4258400692352413e-11	1.4258400692352413e-11	1.4258400692352465e-11
7.59	-1.5987648023591967e-11	1.5987648023591967e-11	1.598764802359207e-11
7.6000000000000005	-1.7653799412146114e-11	1.7653799412146114e-11	1.7653799412146218e-11
7.61	-1.9250279319672553e-11	1.9250279319672553e-11	1.9250279319672605e-11
7.62	-2.0770787169337822e-11	2.0770787169337822e-11	2.0770787169337874e-11
7.63	-2.220932221132048e-11	2.220932221132048e-11	2.2209322211320584e-11
7.640000000000001	-2.3560207205007038e-11	2.3560207205007038e-11	2.356020720500709e-11
7.65	-2.481811082448724e-11	2.481811082448724e-11	2.4818110824487344e-11
7.66	-2.59780686988623e-11	2.59780686988623e-11	2.5978068698862352e-11
7.67	-2.7035503004336533e-11	2.7035503004336533e-11	2.7035503004336585e-11
7.68	-2.798624053079306e-11	2.798624053079306e-11	2.7986240530793113e-11
7.69	-2.8826529151578002e-11	2.8826529151578002e-11	2.8826529151578028e-11
7.7	-2.9553052631386957e-11	2.9553052631386957e-11	2.955305263138698e-11
7.71	-3.016294371396187e-11	3.016294371396187e-11	3.0162943713961896e-11
7.72	-3.065379543783928e-11	3.065379543783928e-11	3.065379543783929e-11
7.73	-3.10236706355176e-11	3.10236706355176e-11	3.1023670635517616e-11
7.74	-3.127110957855046e-11	3.127110957855046e-11	3.1271109578550463e-11
7.75	-3.1395135738494785e-11	3.1395135738494785e-11	3.1395135738494785e-11
7.76	-3.139525964075602e-11	3.139525964075602e-11	3.1395259640756016e-11
7.7700000000000005	-3.1271480796341446e-11	3.1271480796341446e-11	3.127148079634143e-11
7.78	-3.102428770380081e-11	3.102428770380081e-11	3.102428770380078e-11
7.79	-3.065465592134565e-11	3.065465592134565e-11	3.0654655921345623e-11
7.8	-3.0164044216752454e-11	3.0164044216752454e-11	3.016404421675243e-11
7.8100000000000005	-2.955438881027324e-11	2.955438881027324e-11	2.9554388810273187e-11
7.82	-2.8828095733272566e-11	2.8828095733272566e-11	2.882809573327254e-11
7.83	-2.7988031332723326e-11	2.7988031332723326e-11	2.7988031332723274e-11
7.84	-2.7037510959012744e-11	2.7037510959012744e-11	2.7037510959012692e-11
7.8500000000000005	-2.5980285881816745e-11	2.5980285881816745e-11	2.5980285881816693e-11
7.86	-2.482052848550577e-11	2.482052848550577e-11	2.4820528485505717e-11
7.87	-2.3562815802680812e-11	2.3562815802680812e-11	2.356281580268076e-11
7.88	-2.2212111450712056e-11	2.2212111450712056e-11	2.2212111450712005e-11
7.890000000000001	-2.0773746042598096e-11	2.0773746042598096e-11	2.0773746042597993e-11
7.9	-1.9253396149473224e-11	1.9253396149473224e-11	1.925339614947312e-11
7.91	-1.7657061897784455e-11	1.7657061897784455e-11	1.7657061897784404e-11
7.92	-1.59910432895333e-11	1.59910432895333e-11	1.599104328953325e-11
7.930000000000001	-1.4261915339029084e-11	1.4261915339029084e-11	1.426191533902898e-11
7.94	-1.2476502124329746e-11	1.2476502124329746e-11	1.2476502124329642e-11
7.95	-1.064184985571907e-11	1.064184985571907e-11	1.0641849855718967e-11
7.96	-8.765199067527445e-12	8.765199067527445e-12	8.765199067527342e-12
7.97	-6.853956043052906e-12	6.853956043052906e-12	6.853956043052803e-12
7.98	-4.915663585352556e-12	4.915663585352556e-12	4.915663585352452e-12
7.99	-2.957971249233196e-12	2.957971249233196e-12	2.9579712492330926e-12
8.0	-9.88605151961354e-13	9.88605151961354e-13	9.886051519612507e-13
8.01	9.846625181938047e-13	-9.846625181938047e-13	-9.84662518193908e-13
8.02	2.9540441752397202e-12	-2.9540441752397202e-12	-2.9540441752398236e-12
8.03	4.91176756949982e-12	-4.91176756949982e-12	-4.9117675694999234e-12
8.040000000000001	6.850106461138229e-12	-6.850106461138229e-12	-6.850106461138332e-12
8.05	8.761411112087313e-12	-8.761411112087313e-12	-8.761411112087417e-12
8.06	1.0638138476087653e-11	-1.0638138476087653e-11	-1.0638138476087756e-11
8.07	1.247288196762364e-11	-1.247288196762364e-11	-1.2472881967623692e-11
8.08	1.425840069235231e-11	-1.425840069235231e-11	-1.4258400692352413e-11
8.09	1.5987648023593777e-11	-1.5987648023593777e-11	-1.598764802359388e-11
8.1	1.7653799412144098e-11	-1.7653799412144098e-11	-1.765379941214415e-11
8.11	1.9250279319672398e-11	-1.9250279319672398e-11	-1.92502793196725e-11
8.120000000000001	2.0770787169340252e-11	-2.0770787169340252e-11	-2.0770787169340355e-11
8.13	2.2209322211320584e-11	-2.2209322211320584e-11	-2.2209322211320635e-11
8.14	2.356020720500435e-11	-2.356020720500435e-11	-2.35602072050044e-11
8.15	2.4818110824490084e-11	-2.4818110824490084e-11	-2.4818110824490136e-11
8.16	2.5978068698862352e-11	-2.5978068698862352e-11	-2.5978068698862404e-11
8.17	2.7035503004333483e-11	-2.7035503004333483e-11	-2.7035503004333534e-11
8.18	2.7986240530796267e-11	-2.7986240530796267e-11	-2.7986240530796318e-11
8.19	2.882652915157472e-11	-2.882652915157472e-11	-2.882652915157477e-11
8.2	2.9553052631383545e-11	-2.9553052631383545e-11	-2.955305263138357e-11
8.21	3.016294371396862e-11	-3.016294371396862e-11	-3.016294371396864e-11
8.22	3.065379543784278e-11	-3.065379543784278e-11	-3.0653795437842795e-11
8.23	3.102367063551061e-11	-3.102367063551061e-11	-3.1023670635510624e-11
8.24	3.127110957855046e-11	-3.127110957855046e-11	-3.1271109578550463e-11
8.25	3.139513573849833e-11	-3.139513573849833e-11	-3.139513573849833e-11
8.26	3.139525964075248e-11	-3.139525964075248e-11	-3.1395259640752474e-11
8.27	3.1271480796337924e-11	-3.1271480796337924e-11	-3.127148079633791e-11
8.28	3.1024287703804336e-11	-3.1024287703804336e-11	-3.102428770380432e-11
8.290000000000001	3.0654655921352564e-11	-3.0654655921352564e-11	-3.065465592135254e-11
8.3	3.0164044216749016e-11	-3.0164044216749016e-11	-3.016404421674899e-11
8.31	2.955438881026988e-11	-2.955438881026988e-11	-2.955438881026985e-11
8.32	2.8828095733275823e-11	-2.8828095733275823e-11	-2.882809573327577e-11
8.33	2.7988031332720095e-11	-2.7988031332720095e-11	-2.7988031332720043e-11
8.34	2.7037510959015743e-11	-2.7037510959015743e-11	-2.703751095901569e-11
8.35	2.5980285881813902e-11	-2.5980285881813902e-11	-2.5980285881813798e-11
8.36	2.4820528485503184e-11	-2.4820528485503184e-11	-2.4820528485503132e-11
8.370000000000001	2.356281580268619e-11	-2.356281580268619e-11	-2.3562815802686137e-11
8.38	2.2212111450714434e-11	-2.2212111450714434e-11	-2.221211145071433e-11
8.39	2.077374604259551e-11	-2.077374604259551e-11	-2.077374604259546e-11
8.4	1.9253396149471052e-11	-1.9253396149471052e-11	-1.9253396149471e-11
8.41	1.7657061897786368e-11	-1.7657061897786368e-11	-1.7657061897786265e-11
8.42	1.5991043289531544e-11	-1.5991043289531544e-11	-1.599104328953144e-11
8.43	1.4261915339027688e-11	-1.4261915339027688e-11	-1.4261915339027585e-11
8.44	1.24765021243314e-11	-1.24765021243314e-11	-1.2476502124331348e-11
8.45	1.0641849855719173e-11	-1.0641849855719173e-11	-1.064184985571907e-11
8.46	8.765199067528479e-12	-8.765199067528479e-12	-8.765199067528376e-12
8.47	6.853956043052699e-12	-6.853956043052699e-12	-6.853956043052596e-12
8.48	4.915663585352452e-12	-4.915663585352452e-12	-4.915663585352349e-12
8.49	2.9579712492327824e-12	-2.9579712492327824e-12	-2.957971249232679e-12
8.5	9.886051519614575e-13	-9.886051519614575e-13	-9.88605151961354e-13
8.51	-9.84662518193908e-13	9.84662518193908e-13	9.846625181940114e-13
8.52	-2.95404417523941e-12	2.95404417523941e-12	2.9540441752395134e-12
8.53	-4.9117675695004404e-12	4.9117675695004404e-12	4.911767569500544e-12
8.540000000000001	-6.850106461138332e-12	6.850106461138332e-12	6.8501064611384354e-12
8.55	-8.761411112087313e-12	8.761411112087313e-12	8.761411112087417e-12
8.56	-1.0638138476086463e-11	1.0638138476086463e-11	1.0638138476086515e-11
8.57	-1.2472881967625087e-11	1.2472881967625087e-11	1.2472881967625139e-11
8.58	-1.4258400692352465e-11	1.4258400692352465e-11	1.4258400692352517e-11
8.59	-1.5987648023591915e-11	1.5987648023591915e-11	1.598764802359202e-11
8.6	-1.7653799412146063e-11	1.7653799412146063e-11	1.7653799412146166e-11
8.61	-1.925027931967033e-11	1.925027931967033e-11	1.9250279319670382e-11
8.620000000000001	-2.0770787169342527e-11	2.0770787169342527e-11	2.0770787169342578e-11
8.63	-2.2209322211318154e-11	2.2209322211318154e-11	2.2209322211318257e-11
8.64	-2.3560207205007038e-11	2.3560207205007038e-11	2.356020720500709e-11
8.65	-2.4818110824487292e-11	2.4818110824487292e-11	2.4818110824487344e-11
8.66	-2.597806869886225e-11	2.597806869886225e-11	2.59780686988623e-11
8.67	-2.7035503004336533e-11	2.7035503004336533e-11	2.7035503004336585e-11
8.68	-2.798624053079306e-11	2.798624053079306e-11	2.7986240530793087e-11
8.69	-2.8826529151577977e-11	2.8826529151577977e-11	2.8826529151578028e-11
8.700000000000001	-2.955305263138693e-11	2.955305263138693e-11	2.9553052631386957e-11
8.71	-3.0162943713965334e-11	3.0162943713965334e-11	3.016294371396536e-11
8.72	-3.065379543783932e-11	3.065379543783932e-11	3.0653795437839344e-11
8.73	-3.1023670635514113e-11	3.1023670635514113e-11	3.1023670635514126e-11
8.74	-3.127110957855046e-11	3.127110957855046e-11	3.1271109578550463e-11
8.75	-3.1395135738494785e-11	3.1395135738494785e-11	3.1395135738494785e-11
8.76	-3.139525964075602e-11	3.139525964075602e-11	3.1395259640756016e-11
8.77	-3.1271480796337924e-11	3.1271480796337924e-11	3.127148079633791e-11
8.78	-3.1024287703800833e-11	3.1024287703800833e-11	3.102428770380081e-11
8.790000000000001	-3.065465592135255e-11	3.065465592135255e-11	3.0654655921352525e-11
8.8	-3.0164044216752454e-11	3.0164044216752454e-11	3.01640442167524e-11
8.81	-2.955438881026988e-11	2.955438881026988e-11	2.9554388810269826e-11
8.82	-2.8828095733272566e-11	2.8828095733272566e-11	2.8828095733272514e-11
8.83	-2.79880313327233e-11	2.79880313327233e-11	2.7988031332723248e-11
8.84	-2.7037510959012744e-11	2.7037510959012744e-11	2.7037510959012692e-11
8.85	-2.5980285881813953e-11	2.5980285881813953e-11	2.598028588181385e-11
8.86	-2.4820528485505924e-11	2.4820528485505924e-11	2.4820528485505873e-11
8.870000000000001	-2.3562815802686137e-11	2.3562815802686137e-11	2.3562815802686034e-11
8.88	-2.22121114507119e-11	2.22121114507119e-11	2.221211145071185e-11
8.89	-2.0773746042595666e-11	2.0773746042595666e-11	2.0773746042595563e-11
8.9	-1.9253396149473224e-11	1.9253396149473224e-11	1.925339614947312e-11
8.91	-1.7657061897784455e-11	1.7657061897784455e-11	1.7657061897784404e-11
8.92	-1.5991043289533353e-11	1.5991043289533353e-11	1.599104328953325e-11
8.93	-1.4261915339027637e-11	1.4261915339027637e-11	1.4261915339027533e-11
8.94	-1.2476502124330056e-11	1.2476502124330056e-11	1.2476502124329953e-11
8.950000000000001	-1.06418498557215e-11	1.06418498557215e-11	1.0641849855721397e-11
8.96	-8.765199067527238e-12	8.765199067527238e-12	8.765199067527238e-12
8.97	-6.853956043052803e-12	6.853956043052803e-12	6.853956043052699e-12
8.98	-4.915663585351935e-12	4.915663585351935e-12	4.915663585351832e-12
8.99	-2.957971249233196e-12	2.957971249233196e-12	2.9579712492330926e-12
9.0	-9.88605151961354e-13	9.88605151961354e-13	9.886051519612507e-13
9.01	9.846625181938047e-13	-9.846625181938047e-13	-9.84662518193908e-13
9.02	2.9540441752397202e-12	-2.9540441752397202e-12	-2.9540441752398236e-12
9.03	4.91176756949982e-12	-4.91176756949982e-12	-4.9117675694999234e-12
9.040000000000001	6.850106461138125e-12	-6.850106461138125e-12	-6.850106461138229e-12
9.05	8.761411112087313e-12	-8.761411112087313e-12	-8.761411112087417e-12
9.06	1.0638138476087653e-11	-1.0638138476087653e-11	-1.0638138476087756e-11
9.07	1.2472881967623743e-11	-1.2472881967623743e-11	-1.2472881967623795e-11
9.08	1.4258400692352258e-11	-1.4258400692352258e-11	-1.4258400692352362e-11
9.09	1.5987648023593725e-11	-1.5987648023593725e-11	-1.5987648023593828e-11
9.1	1.765379941214415e-11	-1.765379941214415e-11	-1.76537994121442e-11
9.11	1.9250279319672398e-11	-1.9250279319672398e-11	-1.92502793196725e-11
9.120000000000001	2.07707871693402e-11	-2.07707871693402e-11	-2.0770787169340304e-11
9.13	2.2209322211320687e-11	-2.2209322211320687e-11	-2.220932221132074e-11
9.14	2.356020720500435e-11	-2.356020720500435e-11	-2.35602072050044e-11
9.15	2.4818110824490084e-11	-2.4818110824490084e-11	-2.4818110824490136e-11
9.16	2.59780686988623e-11	-2.59780686988623e-11	-2.5978068698862352e-11
9.17	2.7035503004333534e-11	-2.7035503004333534e-11	-2.7035503004333586e-11
9.18	2.7986240530796215e-11	-2.7986240530796215e-11	-2.798624053079624e-11
9.19	2.882652915157472e-11	-2.882652915157472e-11	-2.882652915157477e-11
9.200000000000001	2.9553052631390265e-11	-2.9553052631390265e-11	-2.955305263139029e-11
9.21	3.0162943713961896e-11	-3.0162943713961896e-11	-3.016294371396192e-11
9.22	3.0653795437842756e-11	-3.0653795437842756e-11	-3.065379543784277e-11
9.23	3.10236706355106e-11	-3.10236706355106e-11	-3.102367063551061e-11
9.24	3.127110957855045e-11	-3.127110957855045e-11	-3.1271109578550463e-11
9.25	3.1395135738498326e-11	-3.1395135738498326e-11	-3.1395135738498326e-11
9.26	3.139525964075248e-11	-3.139525964075248e-11	-3.1395259640752474e-11
9.27	3.127148079633791e-11	-3.127148079633791e-11	-3.12714807963379e-11
9.28	3.1024287703804336e-11	-3.1024287703804336e-11	-3.102428770380432e-11
9.290000000000001	3.065465592135254e-11	-3.065465592135254e-11	-3.065465592135251e-11
9.3	3.0164044216749016e-11	-3.0164044216749016e-11	-3.016404421674899e-11
9.31	2.9554388810269904e-11	-2.9554388810269904e-11	-2.955438881026988e-11
9.32	2.8828095733275823e-11	-2.8828095733275823e-11	-2.8828095733275797e-11
9.33	2.7988031332720146e-11	-2.7988031332720146e-11	-2.7988031332720095e-11
9.34	2.7037510959015743e-11	-2.7037510959015743e-11	-2.703751095901569e-11
9.35	2.598028588181385e-11	-2.598028588181385e-11	-2.5980285881813798e-11
9.36	2.4820528485503184e-11	-2.4820528485503184e-11	-2.4820528485503132e-11
9.370000000000001	2.356281580268624e-11	-2.356281580268624e-11	-2.356281580268619e-11
9.38	2.2212111450714434e-11	-2.2212111450714434e-11	-2.221211145071433e-11
9.39	2.0773746042595563e-11	-2.0773746042595563e-11	-2.077374604259551e-11
9.4	1.9253396149471e-11	-1.9253396149471e-11	-1.925339614947095e-11
9.41	1.7657061897786368e-11	-1.7657061897786368e-11	-1.7657061897786265e-11
9.42	1.5991043289531596e-11	-1.5991043289531596e-11	-1.5991043289531492e-11
9.43	1.426191533902774e-11	-1.426191533902774e-11	-1.4261915339027637e-11
9.44	1.2476502124331348e-11	-1.2476502124331348e-11	-1.2476502124331297e-11
9.450000000000001	1.0641849855721345e-11	-1.0641849855721345e-11	-1.0641849855721241e-11
9.46	8.765199067526308e-12	-8.765199067526308e-12	-8.765199067526204e-12
9.47	6.853956043052803e-12	-6.853956043052803e-12	-6.853956043052699e-12
9.48	4.915663585352452e-12	-4.915663585352452e-12	-4.915663585352349e-12
9.49	2.9579712492327824e-12	-2.9579712492327824e-12	-2.957971249232679e-12
9.5	9.886051519614575e-13	-9.886051519614575e-13	-9.88605151961354e-13
9.51	-9.84662518193908e-13	9.84662518193908e-13	9.846625181940114e-13
9.52	-2.9540441752395134e-12	2.9540441752395134e-12	2.954044175239617e-12
9.53	-4.9117675695004404e-12	4.9117675695004404e-12	4.911767569500544e-12
9.540000000000001	-6.850106461138332e-12	6.850106461138332e-12	6.8501064611384354e-12
9.55	-8.761411112087417e-12	8.761411112087417e-12	8.761411112087417e-12
9.56	-1.0638138476086463e-11	1.0638138476086463e-11	1.0638138476086567e-11
9.57	-1.2472881967625087e-11	1.2472881967625087e-11	1.2472881967625139e-11
9.58	-1.4258400692352362e-11	1.4258400692352362e-11	1.4258400692352465e-11
9.59	-1.5987648023591915e-11	1.5987648023591915e-11	1.5987648023591967e-11
9.6	-1.7653799412146063e-11	1.7653799412146063e-11	1.7653799412146114e-11
9.61	-1.925027931967033e-11	1.925027931967033e-11	1.9250279319670382e-11
9.620000000000001	-2.0770787169342578e-11	2.0770787169342578e-11	2.077078716934263e-11
9.63	-2.220932221131805e-11	2.220932221131805e-11	2.2209322211318154e-11
9.64	-2.3560207205006986e-11	2.3560207205006986e-11	2.3560207205007038e-11
9.65	-2.481811082448724e-11	2.481811082448724e-11	2.4818110824487292e-11
9.66	-2.59780686988623e-11	2.59780686988623e-11	2.5978068698862352e-11
9.67	-2.7035503004336533e-11	2.7035503004336533e-11	2.7035503004336533e-11
9.68	-2.7986240530793087e-11	2.7986240530793087e-11	2.798624053079314e-11
9.69	-2.8826529151577977e-11	2.8826529151577977e-11	2.8826529151578028e-11
9.700000000000001	-2.955305263138693e-11	2.955305263138693e-11	2.9553052631386957e-11
9.71	-3.016294371396531e-11	3.016294371396531e-11	3.0162943713965334e-11
9.72	-3.0653795437839305e-11	3.0653795437839305e-11	3.065379543783932e-11
9.73	-3.1023670635514126e-11	3.1023670635514126e-11	3.102367063551414e-11
9.74	-3.127110957855046e-11	3.127110957855046e-11	3.1271109578550463e-11
9.75	-3.139513573849478e-11	3.139513573849478e-11	3.139513573849478e-11
9.76	-3.139525964075603e-11	3.139525964075603e-11	3.139525964075602e-11
9.77	-3.127148079633791e-11	3.127148079633791e-11	3.12714807963379e-11
9.78	-3.1024287703800833e-11	3.1024287703800833e-11	3.102428770380082e-11
9.790000000000001	-3.065465592135255e-11	3.065465592135255e-11	3.0654655921352525e-11
9.8	-3.016404421675243e-11	3.016404421675243e-11	3.01640442167524e-11
9.81	-2.955438881026988e-11	2.955438881026988e-11	2.955438881026985e-11
9.82	-2.8828095733272566e-11	2.8828095733272566e-11	2.8828095733272514e-11
9.83	-2.7988031332723248e-11	2.7988031332723248e-11	2.7988031332723197e-11
9.84	-2.7037510959012744e-11	2.7037510959012744e-11	2.7037510959012692e-11
9.85	-2.5980285881813902e-11	2.5980285881813902e-11	2.598028588181385e-11
9.86	-2.4820528485505976e-11	2.4820528485505976e-11	2.4820528485505873e-11
9.870000000000001	-2.356281580268619e-11	2.356281580268619e-11	2.3562815802686086e-11
9.88	-2.2212111450711953e-11	2.2212111450711953e-11	2.22121114507119e-11
9.89	-2.0773746042595718e-11	2.0773746042595718e-11	2.0773746042595614e-11
9.9	-1.9253396149473276e-11	1.9253396149473276e-11	1.9253396149473172e-11
9.91	-1.7657061897784352e-11	1.7657061897784352e-11	1.76570618977843e-11
9.92	-1.5991043289533405e-11	1.5991043289533405e-11	1.59910432895333e-11
9.93	-1.4261915339027585e-11	1.4261915339027585e-11	1.4261915339027482e-11
9.94	-1.2476502124330004e-11	1.2476502124330004e-11	1.2476502124329901e-11
9.950000000000001	-1.0641849855721448e-11	1.0641849855721448e-11	1.0641849855721345e-11
9.96	-8.765199067527342e-12	8.765199067527342e-12	8.765199067527238e-12
9.97	-6.853956043052699e-12	6.853956043052699e-12	6.853956043052596e-12
9.98	-4.915663585352039e-12	4.915663585352039e-12	4.915663585351935e-12
9.99	-2.957971249233196e-12	2.957971249233196e-12	2.9579712492330926e-12
10.0	-9.88605151961354e-13	9.88605151961354e-13	9.886051519612507e-13
