1e-06	8.969416235127405e-10	-8.969416235127405e-10	-8.969416235129523e-10
2e-06	3.5026865276450934e-09	-3.5026865276450934e-09	-3.502686527645305e-09
3e-06	7.651283473217867e-09	-7.651283473217867e-09	-7.651283473218078e-09
4e-06	1.3184843884769755e-08	-1.3184843884769755e-08	-1.3184843884769967e-08
4.9999999999999996e-06	1.9952878455916782e-08	-1.9952878455916782e-08	-1.9952878455917046e-08
6e-06	2.7811721508516314e-08	-2.7811721508516314e-08	-2.7811721508516526e-08
7e-06	3.6624034745120155e-08	-3.6624034745120155e-08	-3.6624034745120314e-08
8e-06	4.625838268745289e-08	-4.625838268745289e-08	-4.625838268745305e-08
9e-06	5.6588872689433776e-08	-5.6588872689433776e-08	-5.6588872689433934e-08
9.999999999999999e-06	6.749485295724321e-08	-6.749485295724321e-08	-6.749485295724337e-08
1.1e-05	7.886066250620211e-08	-7.886066250620211e-08	-7.886066250620227e-08
1.2e-05	9.05754274394464e-08	-9.05754274394464e-08	-9.05754274394465e-08
1.3e-05	1.0253289835073441e-07	-1.0253289835073441e-07	-1.0253289835073452e-07
1.4e-05	1.1463132403703085e-07	-1.1463132403703085e-07	-1.1463132403703096e-07
1.4999999999999999e-05	1.2677335705921736e-07	-1.2677335705921736e-07	-1.2677335705921747e-07
1.6e-05	1.388659870145051e-07	-1.388659870145051e-07	-1.388659870145052e-07
1.7e-05	1.5082049768467799e-07	-1.5082049768467799e-07	-1.5082049768467799e-07
1.8e-05	1.625524445027267e-07	-1.625524445027267e-07	-1.6255244450272674e-07
1.8999999999999998e-05	1.7398164903902188e-07	-1.7398164903902188e-07	-1.739816490390219e-07
1.9999999999999998e-05	1.8503220744898842e-07	-1.8503220744898842e-07	-1.8503220744898842e-07
2.1e-05	1.9563251004912236e-07	-1.9563251004912236e-07	-1.9563251004912242e-07
2.2e-05	2.0571526939880686e-07	-2.0571526939880686e-07	-2.0571526939880684e-07
2.3e-05	2.1521755446319739e-07	-2.1521755446319739e-07	-2.1521755446319739e-07
2.4e-05	2.2408082861881177e-07	-2.2408082861881177e-07	-2.240808286188117e-07
2.4999999999999998e-05	2.3225098943951676e-07	-2.3225098943951676e-07	-2.3225098943951668e-07
2.6e-05	2.396784083674304e-07	-2.396784083674304e-07	-2.396784083674303e-07
2.7e-05	2.4631796853175075e-07	-2.4631796853175075e-07	-2.4631796853175065e-07
2.8e-05	2.5212909912951005e-07	-2.5212909912951005e-07	-2.521290991295099e-07
2.9e-05	2.5707580492643196e-07	-2.5707580492643196e-07	-2.570758049264318e-07
2.9999999999999997e-05	2.61126689574071e-07	-2.61126689574071e-07	-2.611266895740708e-07
3.1e-05	2.642549715717604e-07	-2.642549715717604e-07	-2.6425497157176024e-07
3.2e-05	2.664384918290526e-07	-2.664384918290526e-07	-2.664384918290524e-07
3.2999999999999996e-05	2.676597119067034e-07	-2.676597119067034e-07	-2.676597119067032e-07
3.4e-05	2.6790570213213105e-07	-2.6790570213213105e-07	-2.6790570213213083e-07
3.5e-05	2.6716811889897214e-07	-2.6716811889897214e-07	-2.6716811889897193e-07
3.6e-05	2.654431705700731e-07	-2.654431705700731e-07	-2.654431705700729e-07
3.7e-05	2.627315715091568e-07	-2.627315715091568e-07	-2.627315715091566e-07
3.7999999999999995e-05	2.5903848386865306e-07	-2.5903848386865306e-07	-2.590384838686528e-07
3.9e-05	2.5437344685985637e-07	-2.5437344685985637e-07	-2.5437344685985605e-07
3.9999999999999996e-05	2.487502933267595e-07	-2.487502933267595e-07	-2.487502933267592e-07
4.1e-05	2.4218705353663034e-07	-2.4218705353663034e-07	-2.4218705353663e-07
4.2e-05	2.3470584618868597e-07	-2.3470584618868597e-07	-2.347058461886857e-07
4.2999999999999995e-05	2.2633275672705804e-07	-2.2633275672705804e-07	-2.2633275672705778e-07
4.4e-05	2.1709770312561275e-07	-2.1709770312561275e-07	-2.170977031256125e-07
4.4999999999999996e-05	2.0703428939005808e-07	-2.0703428939005808e-07	-2.070342893900578e-07
4.6e-05	1.9617964709708807e-07	-1.9617964709708807e-07	-1.9617964709708775e-07
4.7e-05	1.8457426536101532e-07	-1.8457426536101532e-07	-1.8457426536101505e-07
4.8e-05	1.7226180968537272e-07	-1.7226180968537272e-07	-1.7226180968537245e-07
4.9e-05	1.59288930220245e-07	-1.59288930220245e-07	-1.5928893022024474e-07
4.9999999999999996e-05	1.4570506000555386e-07	-1.4570506000555386e-07	-1.457050600055536e-07
5.1e-05	1.315622038360815e-07	-1.315622038360815e-07	-1.3156220383608123e-07
5.2e-05	1.169147184356224e-07	-1.169147184356224e-07	-1.1691471843562213e-07
5.3e-05	1.0181908467520703e-07	-1.0181908467520703e-07	-1.0181908467520682e-07
5.4e-05	8.633367261379849e-08	-8.633367261379849e-08	-8.633367261379823e-08
5.4999999999999995e-05	7.051850017914523e-08	-7.051850017914523e-08	-7.051850017914496e-08
5.6e-05	5.443498634154012e-08	-5.443498634154012e-08	-5.443498634153991e-08
5.6999999999999996e-05	3.814569966402192e-08	-3.814569966402192e-08	-3.814569966402176e-08
5.8e-05	2.1714103139039884e-08	-2.1714103139039884e-08	-2.1714103139039672e-08
5.9e-05	5.204296243741552e-09	-5.204296243741552e-09	-5.2042962437413934e-09
5.9999999999999995e-05	-1.1319244836174708e-08	1.1319244836174708e-08	1.131924483617492e-08
6.1e-05	-2.779192785068542e-08	2.779192785068542e-08	2.7791927850685633e-08
6.2e-05	-4.414930502534026e-08	4.414930502534026e-08	4.414930502534042e-08
6.3e-05	-6.032733251972896e-08	6.032733251972896e-08	6.032733251972911e-08
6.4e-05	-7.626262782702579e-08	7.626262782702579e-08	7.626262782702589e-08
6.5e-05	-9.189272414103087e-08	9.189272414103087e-08	9.189272414103103e-08
6.599999999999999e-05	-1.0715632072524449e-07	1.0715632072524449e-07	1.071563207252446e-07
6.7e-05	-1.2199352833080502e-07	1.2199352833080502e-07	1.2199352833080507e-07
6.8e-05	-1.363461087264784e-07	1.363461087264784e-07	1.3634610872647844e-07
6.9e-05	-1.5015770742425054e-07	1.5015770742425054e-07	1.5015770742425057e-07
7e-05	-1.633740787082874e-07	1.633740787082874e-07	1.633740787082874e-07
7.099999999999999e-05	-1.759433021030305e-07	1.759433021030305e-07	1.7594330210303048e-07
7.2e-05	-1.8781598944781436e-07	1.8781598944781436e-07	1.878159894478144e-07
7.3e-05	-1.989454817804768e-07	1.989454817804768e-07	1.9894548178047673e-07
7.4e-05	-2.092880352708837e-07	2.092880352708837e-07	2.0928803527088366e-07
7.5e-05	-2.1880299548685515e-07	2.1880299548685515e-07	2.188029954868551e-07
7.599999999999999e-05	-2.2745295931955605e-07	2.2745295931955605e-07	2.2745295931955597e-07
7.7e-05	-2.3520392394277436e-07	2.3520392394277436e-07	2.3520392394277422e-07
7.8e-05	-2.4202542223044036e-07	2.4202542223044036e-07	2.4202542223044026e-07
7.9e-05	-2.4789064410909576e-07	2.4789064410909576e-07	2.4789064410909566e-07
7.999999999999999e-05	-2.5277654337649304e-07	2.5277654337649304e-07	2.527765433764929e-07
8.099999999999999e-05	-2.56663929573962e-07	2.56663929573962e-07	2.5666392957396184e-07
8.2e-05	-2.5953754455832695e-07	2.5953754455832695e-07	2.5953754455832673e-07
8.3e-05	-2.6138612347877103e-07	2.6138612347877103e-07	2.613861234787708e-07
8.4e-05	-2.622024399249196e-07	2.622024399249196e-07	2.622024399249194e-07
8.499999999999999e-05	-2.6198333507423465e-07	2.6198333507423465e-07	2.6198333507423444e-07
8.599999999999999e-05	-2.6072973072940263e-07	2.6072973072940263e-07	2.6072973072940236e-07
8.7e-05	-2.5844662619945665e-07	2.5844662619945665e-07	2.5844662619945644e-07
8.8e-05	-2.551430790416528e-07	2.551430790416528e-07	2.5514307904165257e-07
8.9e-05	-2.508321697444014e-07	2.508321697444014e-07	2.508321697444012e-07
8.999999999999999e-05	-2.4553095049452786e-07	2.4553095049452786e-07	2.4553095049452765e-07
9.099999999999999e-05	-2.392603782346015e-07	2.392603782346015e-07	2.3926037823460116e-07
9.2e-05	-2.3204523227775084e-07	2.3204523227775084e-07	2.3204523227775058e-07
9.3e-05	-2.239140168080261e-07	2.239140168080261e-07	2.2391401680802584e-07
9.4e-05	-2.148988486537655e-07	2.148988486537655e-07	2.1489884865376518e-07
9.499999999999999e-05	-2.050353307792879e-07	2.050353307792879e-07	2.050353307792876e-07
9.6e-05	-1.9436241199638795e-07	1.9436241199638795e-07	1.9436241199638768e-07
9.7e-05	-1.8292223345128793e-07	1.8292223345128793e-07	1.8292223345128772e-07
9.8e-05	-1.707599624947114e-07	1.707599624947114e-07	1.7075996249471112e-07
9.9e-05	-1.5792361459237112e-07	1.5792361459237112e-07	1.5792361459237086e-07
9.999999999999999e-05	-1.44463863980214e-07	1.44463863980214e-07	1.4446386398021368e-07
0.000101	-1.3043384381304522e-07	1.3043384381304522e-07	1.3043384381304496e-07
0.000102	-1.1588893659649851e-07	1.1588893659649851e-07	1.1588893659649825e-07
0.000103	-1.0088655573054903e-07	1.0088655573054903e-07	1.0088655573054881e-07
0.000104	-8.548591902774581e-08	8.548591902774581e-08	8.548591902774554e-08
0.00010499999999999999	-6.974781510091547e-08	6.974781510091547e-08	6.97478151009152e-08
0.000106	-5.373436354314928e-08	5.373436354314928e-08	5.373436354314907e-08
0.000107	-3.75087698473031e-08	3.75087698473031e-08	3.750876984730289e-08
0.000108	-2.1135076032932027e-08	2.1135076032932027e-08	2.1135076032931815e-08
0.00010899999999999999	-4.677907965461697e-09	4.677907965461697e-09	4.677907965461485e-09
0.00010999999999999999	1.1797779634611249e-08	-1.1797779634611249e-08	-1.179777963461146e-08
0.000111	2.822695948562772e-08	-2.822695948562772e-08	-2.8226959485627933e-08
0.000112	4.454478832983315e-08	-4.454478832983315e-08	-4.454478832983326e-08
0.000113	6.068686279654041e-08	-6.068686279654041e-08	-6.068686279654057e-08
0.00011399999999999999	7.658947353321806e-08	-7.658947353321806e-08	-7.658947353321817e-08
0.00011499999999999999	9.218985660120566e-08	-9.218985660120566e-08	-9.218985660120576e-08
0.000116	1.0742644114358591e-07	-1.0742644114358591e-07	-1.0742644114358602e-07
0.000117	1.2223909234747865e-07	-1.2223909234747865e-07	-1.222390923474787e-07
0.000118	1.365693487416361e-07	-1.365693487416361e-07	-1.3656934874163616e-07
0.00011899999999999999	1.5036065289257578e-07	-1.5036065289257578e-07	-1.503606528925758e-07
0.00011999999999999999	1.635585745885826e-07	-1.635585745885826e-07	-1.635585745885826e-07
0.000121	1.7611102563057243e-07	-1.7611102563057243e-07	-1.7611102563057237e-07
0.000122	1.8796846538194298e-07	-1.8796846538194298e-07	-1.8796846538194304e-07
0.00012299999999999998	1.990840962660478e-07	-1.990840962660478e-07	-1.9908409626604777e-07
0.000124	2.0941404843958542e-07	-2.0941404843958542e-07	-2.0941404843958536e-07
0.000125	2.1891755291294724e-07	-2.1891755291294724e-07	-2.1891755291294716e-07
0.000126	2.2755710243418562e-07	-2.2755710243418562e-07	-2.2755710243418557e-07
0.000127	2.3529859950152812e-07	-2.3529859950152812e-07	-2.35298599501528e-07
0.000128	2.421114909202169e-07	-2.421114909202169e-07	-2.421114909202168e-07
0.000129	2.479688883725289e-07	-2.479688883725289e-07	-2.4796888837252875e-07
0.00013	2.5284767452506823e-07	-2.5284767452506823e-07	-2.528476745250681e-07
0.00013099999999999999	2.567285942544849e-07	-2.567285942544849e-07	-2.5672859425448473e-07
0.00013199999999999998	2.595963306315292e-07	-2.595963306315292e-07	-2.5959633063152897e-07
0.000133	2.61439565363501e-07	-2.61439565363501e-07	-2.6143956536350085e-07
0.000134	2.6225102345649233e-07	-2.6225102345649233e-07	-2.622510234564921e-07
0.000135	2.620275019211186e-07	-2.620275019211186e-07	-2.620275019211184e-07
0.000136	2.6076988240838806e-07	-2.6076988240838806e-07	-2.607698824083878e-07
0.000137	2.5848312772580674e-07	-2.5848312772580674e-07	-2.5848312772580653e-07
0.000138	2.551762622474255e-07	-2.551762622474255e-07	-2.551762622474253e-07
0.000139	2.5086233629510444e-07	-2.5086233629510444e-07	-2.508623362951041e-07
0.00014	2.455583746315303e-07	-2.455583746315303e-07	-2.455583746315301e-07
0.00014099999999999998	2.392853092682401e-07	-2.392853092682401e-07	-2.392853092682398e-07
0.00014199999999999998	2.320678968537857e-07	-2.320678968537857e-07	-2.3206789685378544e-07
0.000143	2.239346209680582e-07	-2.239346209680582e-07	-2.2393462096805794e-07
0.000144	2.1491757970834006e-07	-2.1491757970834006e-07	-2.149175797083398e-07
0.000145	2.0505235901071926e-07	-2.0505235901071926e-07	-2.0505235901071894e-07
0.000146	1.9437789220677996e-07	-1.9437789220677996e-07	-1.943778922067797e-07
0.000147	1.8293630636982614e-07	-1.8293630636982614e-07	-1.8293630636982588e-07
0.000148	1.707727560570189e-07	-1.707727560570189e-07	-1.7077275605701858e-07
0.000149	1.579352451035598e-07	-1.579352451035598e-07	-1.5793524510355953e-07
0.00015	1.4447443717220373e-07	-1.4447443717220373e-07	-1.444744371722034e-07
0.00015099999999999998	1.304434558057631e-07	-1.304434558057631e-07	-1.3044345580576284e-07
0.00015199999999999998	1.1589767477169673e-07	-1.1589767477169673e-07	-1.1589767477169647e-07
0.000153	1.0089449952618366e-07	-1.0089449952618366e-07	-1.0089449952618344e-07
0.000154	8.549314066014086e-08	-8.549314066014086e-08	-8.54931406601406e-08
0.000155	6.975438022127471e-08	-6.975438022127471e-08	-6.975438022127445e-08
0.000156	5.3740331834385144e-08	-5.3740331834385144e-08	-5.3740331834384985e-08
0.000157	3.751419556660844e-08	-3.751419556660844e-08	-3.751419556660823e-08
0.000158	2.1140008505027796e-08	-2.1140008505027796e-08	-2.1140008505027584e-08
0.000159	4.682392031002949e-09	-4.682392031002949e-09	-4.682392031002737e-09
0.00015999999999999999	-1.1793703211391592e-08	1.1793703211391592e-08	1.1793703211391803e-08
0.00016099999999999998	-2.8223253646336873e-08	2.8223253646336873e-08	2.8223253646337085e-08
0.00016199999999999998	-4.454141938502334e-08	4.454141938502334e-08	4.4541419385023445e-08
0.000163	-6.068380011944113e-08	6.068380011944113e-08	6.068380011944123e-08
0.000164	-7.658668928130952e-08	7.658668928130952e-08	7.658668928130963e-08
0.000165	-9.218732546310697e-08	9.218732546310697e-08	9.218732546310708e-08
0.000166	-1.0742414010895012e-07	1.0742414010895012e-07	1.0742414010895017e-07
0.000167	-1.2223700049780972e-07	1.2223700049780972e-07	1.222370004978098e-07
0.000168	-1.3656744706011903e-07	1.3656744706011903e-07	1.3656744706011908e-07
0.000169	-1.5035892409119725e-07	1.5035892409119725e-07	1.5035892409119728e-07
0.00016999999999999999	-1.6355700295096576e-07	1.6355700295096576e-07	1.6355700295096576e-07
0.00017099999999999998	-1.7610959686910178e-07	1.7610959686910178e-07	1.7610959686910178e-07
0.00017199999999999998	-1.8796716650787884e-07	1.8796716650787884e-07	1.8796716650787878e-07
0.000173	-1.9908291547144524e-07	1.9908291547144524e-07	1.9908291547144524e-07
0.000174	-2.0941297498994592e-07	2.0941297498994592e-07	2.0941297498994586e-07
0.000175	-2.1891657704963862e-07	2.1891657704963862e-07	2.1891657704963857e-07
0.000176	-2.275562152857229e-07	2.275562152857229e-07	2.275562152857228e-07
0.000177	-2.3529779300292558e-07	2.3529779300292558e-07	2.3529779300292548e-07
0.000178	-2.421107577396688e-07	2.421107577396688e-07	2.4211075773966864e-07
0.000179	-2.4796822184475794e-07	2.4796822184475794e-07	2.479682218447578e-07
0.00017999999999999998	-2.528470685907318e-07	2.528470685907318e-07	2.528470685907316e-07
0.00018099999999999998	-2.567280434050881e-07	2.567280434050881e-07	2.5672804340508794e-07
0.00018199999999999998	-2.595958298593503e-07	2.595958298593503e-07	2.595958298593501e-07
0.000183	-2.614391101160657e-07	2.614391101160657e-07	2.6143911011606553e-07
0.000184	-2.622506095951875e-07	2.622506095951875e-07	2.622506095951873e-07
0.000185	-2.620271256835688e-07	2.620271256835688e-07	2.620271256835686e-07
0.000186	-2.6076954037425176e-07	2.6076954037425176e-07	2.607695403742515e-07
0.000187	-2.5848281678568285e-07	2.5848281678568285e-07	2.5848281678568264e-07
0.000188	-2.551759795745856e-07	2.551759795745856e-07	2.551759795745854e-07
0.00018899999999999999	-2.508620793197949e-07	2.508620793197949e-07	2.508620793197947e-07
0.00018999999999999998	-2.455581410176132e-07	2.455581410176132e-07	2.45558141017613e-07
0.00019099999999999998	-2.392850968919517e-07	2.392850968919517e-07	2.3928509689195144e-07
0.000192	-2.3206770378443308e-07	2.3206770378443308e-07	2.320677037844328e-07
0.000193	-2.2393444545046445e-07	2.2393444545046445e-07	2.239344454504642e-07
0.000194	-2.1491742014689122e-07	2.1491742014689122e-07	2.1491742014689095e-07
0.000195	-2.0505221395485662e-07	2.0505221395485662e-07	2.0505221395485633e-07
0.000196	-1.9437776033781394e-07	1.9437776033781394e-07	1.9437776033781363e-07
0.000197	-1.8293618648894792e-07	1.8293618648894792e-07	1.829361864889477e-07
0.000198	-1.7077264707440232e-07	1.7077264707440232e-07	1.7077264707440206e-07
0.00019899999999999999	-1.5793514602845376e-07	1.5793514602845376e-07	1.5793514602845355e-07
0.00019999999999999998	-1.444743471039255e-07	1.444743471039255e-07	1.4447434710392524e-07
0.00020099999999999998	-1.3044337392551023e-07	1.3044337392551023e-07	1.3044337392550997e-07
0.000202	-1.1589760033510302e-07	1.1589760033510302e-07	1.158976003351027e-07
0.000203	-1.0089443185655305e-07	1.0089443185655305e-07	1.0089443185655284e-07
0.000204	-8.549307914229482e-08	8.549307914229482e-08	8.549307914229455e-08
0.000205	-6.975432429596016e-08	6.975432429596016e-08	6.975432429595989e-08
0.000206	-5.374028099319014e-08	5.374028099319014e-08	5.3740280993189925e-08
0.000207	-3.751414934734019e-08	3.751414934734019e-08	3.751414934733998e-08
0.000208	-2.1139966487511214e-08	2.1139966487511214e-08	2.1139966487511002e-08
0.00020899999999999998	-4.682353833260958e-09	4.682353833260958e-09	4.682353833260799e-09
0.00020999999999999998	1.1793737936611954e-08	-1.1793737936611954e-08	-1.1793737936612166e-08
0.00021099999999999998	2.822328521471907e-08	-2.822328521471907e-08	-2.8223285214719228e-08
0.000212	4.4541448083553036e-08	-4.4541448083553036e-08	-4.4541448083553195e-08
0.000213	6.06838262090131e-08	-6.06838262090131e-08	-6.068382620901326e-08
0.000214	7.658671299910221e-08	-7.658671299910221e-08	-7.658671299910232e-08
0.000215	9.218734702473674e-08	-9.218734702473674e-08	-9.21873470247368e-08
0.000216	1.0742415971043172e-07	-1.0742415971043172e-07	-1.0742415971043178e-07
0.000217	1.222370183173383e-07	-1.222370183173383e-07	-1.2223701831733838e-07
0.00021799999999999999	1.3656746325969047e-07	-1.3656746325969047e-07	-1.3656746325969053e-07
0.00021899999999999998	1.5035893881807974e-07	-1.5035893881807974e-07	-1.5035893881807976e-07
0.00021999999999999998	1.6355701633904153e-07	-1.6355701633904153e-07	-1.6355701633904155e-07
0.00022099999999999998	1.7610960904007966e-07	-1.7610960904007966e-07	-1.7610960904007966e-07
0.000222	1.8796717757240497e-07	-1.8796717757240497e-07	-1.8796717757240495e-07
0.000223	1.9908292553010456e-07	-1.9908292553010456e-07	-1.9908292553010456e-07
0.000224	2.0941298413418163e-07	-2.0941298413418163e-07	-2.0941298413418158e-07
0.000225	2.1891658536258016e-07	-2.1891658536258016e-07	-2.189165853625801e-07
0.000226	2.2755622284294243e-07	-2.2755622284294243e-07	-2.2755622284294235e-07
0.000227	2.3529779987312522e-07	-2.3529779987312522e-07	-2.3529779987312511e-07
0.00022799999999999999	2.421107639853048e-07	-2.421107639853048e-07	-2.421107639853047e-07
0.00022899999999999998	2.4796822752260884e-07	-2.4796822752260884e-07	-2.4796822752260873e-07
0.00022999999999999998	2.5284707375241366e-07	-2.5284707375241366e-07	-2.528470737524135e-07
0.00023099999999999998	2.5672804809752696e-07	-2.5672804809752696e-07	-2.5672804809752675e-07
0.000232	2.5959583412520454e-07	-2.5959583412520454e-07	-2.595958341252044e-07
0.000233	2.6143911399411424e-07	-2.6143911399411424e-07	-2.614391139941141e-07
0.000234	2.6225061312068627e-07	-2.6225061312068627e-07	-2.6225061312068606e-07
0.000235	2.620271288885676e-07	-2.620271288885676e-07	-2.620271288885674e-07
0.000236	2.607695432878871e-07	-2.607695432878871e-07	-2.607695432878868e-07
0.000237	2.584828194344422e-07	-2.584828194344422e-07	-2.5848281943444196e-07
0.00023799999999999998	2.551759819825487e-07	-2.551759819825487e-07	-2.551759819825485e-07
0.00023899999999999998	2.5086208150885223e-07	-2.5086208150885223e-07	-2.50862081508852e-07
0.00023999999999999998	2.455581430076648e-07	-2.455581430076648e-07	-2.4555814300766456e-07
0.00024099999999999998	2.3928509870109004e-07	-2.3928509870109004e-07	-2.3928509870108983e-07
0.000242	2.3206770542910432e-07	-2.3206770542910432e-07	-2.3206770542910406e-07
0.000243	2.2393444694562017e-07	-2.2393444694562017e-07	-2.239344469456199e-07
0.000244	2.1491742150612372e-07	-2.1491742150612372e-07	-2.1491742150612345e-07
0.000245	2.0505221519052253e-07	-2.0505221519052253e-07	-2.0505221519052224e-07
0.00024599999999999996	1.9437776146114634e-07	-1.9437776146114634e-07	-1.9437776146114613e-07
0.000247	1.8293618751015938e-07	-1.8293618751015938e-07	-1.829361875101591e-07
0.000248	1.7077264800277648e-07	-1.7077264800277648e-07	-1.7077264800277616e-07
0.000249	1.5793514687243014e-07	-1.5793514687243014e-07	-1.5793514687242992e-07
0.00025	1.4447434787117674e-07	-1.4447434787117674e-07	-1.4447434787117642e-07
0.000251	1.3044337462301143e-07	-1.3044337462301143e-07	-1.3044337462301116e-07
0.000252	1.15897600969195e-07	-1.15897600969195e-07	-1.1589760096919474e-07
0.00025299999999999997	1.0089443243300052e-07	-1.0089443243300052e-07	-1.0089443243300026e-07
0.000254	8.54930796663379e-08	-8.54930796663379e-08	-8.549307966633764e-08
0.00025499999999999996	6.97543247723632e-08	-6.97543247723632e-08	-6.975432477236298e-08
0.000256	5.374028142628327e-08	-5.374028142628327e-08	-5.3740281426283006e-08
0.000257	3.7514149741061276e-08	-3.7514149741061276e-08	-3.7514149741061064e-08
0.000258	2.113996684543944e-08	-2.113996684543944e-08	-2.113996684543928e-08
0.000259	4.6823541586502526e-09	-4.6823541586502526e-09	-4.682354158650041e-09
0.00026	-1.1793737640803167e-08	1.1793737640803167e-08	1.1793737640803379e-08
0.000261	-2.822328494580199e-08	2.822328494580199e-08	2.822328494580215e-08
0.00026199999999999997	-4.454144783908244e-08	4.454144783908244e-08	4.45414478390826e-08
0.000263	-6.068382598676696e-08	6.068382598676696e-08	6.068382598676712e-08
0.00026399999999999997	-7.658671279706029e-08	7.658671279706029e-08	7.658671279706045e-08
0.000265	-9.21873468410622e-08	9.21873468410622e-08	9.21873468410623e-08
0.000266	-1.0742415954345622e-07	1.0742415954345622e-07	1.0742415954345633e-07
0.000267	-1.2223701816554255e-07	1.2223701816554255e-07	1.2223701816554263e-07
0.000268	-1.365674631216943e-07	1.365674631216943e-07	1.3656746312169436e-07
0.000269	-1.5035893869262865e-07	1.5035893869262865e-07	1.503589386926287e-07
0.00027	-1.635570162249943e-07	1.635570162249943e-07	1.6355701622499434e-07
0.000271	-1.7610960893640047e-07	1.7610960893640047e-07	1.761096089364005e-07
0.000272	-1.8796717747815038e-07	1.8796717747815038e-07	1.879671774781504e-07
0.00027299999999999997	-1.9908292544441858e-07	1.9908292544441858e-07	1.9908292544441855e-07
0.000274	-2.0941298405628528e-07	2.0941298405628528e-07	2.0941298405628523e-07
0.00027499999999999996	-2.189165852917653e-07	2.189165852917653e-07	2.1891658529176521e-07
0.000276	-2.2755622277856528e-07	2.2755622277856528e-07	2.2755622277856522e-07
0.000277	-2.3529779981460215e-07	2.3529779981460215e-07	2.3529779981460207e-07
0.000278	-2.42110763932102e-07	2.42110763932102e-07	2.421107639321019e-07
0.000279	-2.4796822747424267e-07	2.4796822747424267e-07	2.4796822747424257e-07
0.00028	-2.5284707370844445e-07	2.5284707370844445e-07	2.528470737084443e-07
0.000281	-2.5672804805755415e-07	2.5672804805755415e-07	2.56728048057554e-07
0.00028199999999999997	-2.595958340888649e-07	2.595958340888649e-07	2.595958340888647e-07
0.000283	-2.614391139610783e-07	2.614391139610783e-07	2.614391139610781e-07
0.00028399999999999996	-2.622506130906535e-07	2.622506130906535e-07	2.6225061309065334e-07
0.000285	-2.6202712886126515e-07	2.6202712886126515e-07	2.6202712886126494e-07
0.000286	-2.6076954326306795e-07	2.6076954326306795e-07	2.6076954326306774e-07
0.000287	-2.5848281941187944e-07	2.5848281941187944e-07	2.5848281941187917e-07
0.000288	-2.5517598196203706e-07	2.5517598196203706e-07	2.5517598196203685e-07
0.000289	-2.508620814902053e-07	2.508620814902053e-07	2.50862081490205e-07
0.00029	-2.45558142990713e-07	2.45558142990713e-07	2.455581429907128e-07
0.00029099999999999997	-2.392850986856789e-07	2.392850986856789e-07	2.392850986856786e-07
0.000292	-2.3206770541509374e-07	2.3206770541509374e-07	2.3206770541509347e-07
0.00029299999999999997	-2.2393444693288336e-07	2.2393444693288336e-07	2.239344469328831e-07
0.000294	-2.149174214945448e-07	2.149174214945448e-07	2.1491742149454448e-07
0.00029499999999999996	-2.0505221517999626e-07	2.0505221517999626e-07	2.05052215179996e-07
0.000296	-1.9437776145157735e-07	1.9437776145157735e-07	1.943777614515771e-07
0.000297	-1.829361875014604e-07	1.829361875014604e-07	1.829361875014602e-07
0.000298	-1.7077264799486826e-07	1.7077264799486826e-07	1.7077264799486794e-07
0.000299	-1.5793514686524094e-07	1.5793514686524094e-07	1.5793514686524068e-07
0.0003	-1.4447434786464103e-07	1.4447434786464103e-07	1.4447434786464077e-07
0.000301	-1.3044337461706986e-07	1.3044337461706986e-07	1.304433746170696e-07
0.00030199999999999997	-1.1589760096379369e-07	1.1589760096379369e-07	1.1589760096379342e-07
0.000303	-1.0089443242809017e-07	1.0089443242809017e-07	1.008944324280899e-07
0.00030399999999999996	-8.549307966187409e-08	8.549307966187409e-08	8.549307966187383e-08
0.000305	-6.975432476830501e-08	6.975432476830501e-08	6.975432476830474e-08
0.000306	-5.3740281422593966e-08	5.3740281422593966e-08	5.3740281422593754e-08
0.000307	-3.7514149737708084e-08	3.7514149737708084e-08	3.751414973770782e-08
0.000308	-2.1139966842390332e-08	2.1139966842390332e-08	2.113996684239012e-08
0.000309	-4.682354155878284e-09	4.682354155878284e-09	4.6823541558781255e-09
0.00031	1.179373764332309e-08	-1.179373764332309e-08	-1.1793737643323302e-08
0.00031099999999999997	2.8223284948092897e-08	-2.8223284948092897e-08	-2.8223284948093056e-08
0.000312	4.454144784116508e-08	-4.454144784116508e-08	-4.454144784116524e-08
0.00031299999999999996	6.068382598866029e-08	-6.068382598866029e-08	-6.068382598866045e-08
0.000314	7.658671279878141e-08	-7.658671279878141e-08	-7.658671279878157e-08
0.00031499999999999996	9.218734684262688e-08	-9.218734684262688e-08	-9.218734684262699e-08
0.000316	1.0742415954487728e-07	-1.0742415954487728e-07	-1.0742415954487739e-07
0.000317	1.222370181668358e-07	-1.222370181668358e-07	-1.2223701816683587e-07
0.000318	1.3656746312286993e-07	-1.3656746312286993e-07	-1.3656746312286998e-07
0.000319	1.503589386936974e-07	-1.503589386936974e-07	-1.5035893869369745e-07
0.00031999999999999997	1.635570162259659e-07	-1.635570162259659e-07	-1.63557016225966e-07
0.000321	1.7610960893728377e-07	-1.7610960893728377e-07	-1.761096089372838e-07
0.00032199999999999997	1.879671774789534e-07	-1.879671774789534e-07	-1.879671774789534e-07
0.000323	1.9908292544514853e-07	-1.9908292544514853e-07	-1.9908292544514848e-07
0.00032399999999999996	2.0941298405694888e-07	-2.0941298405694888e-07	-2.0941298405694882e-07
0.000325	2.1891658529236857e-07	-2.1891658529236857e-07	-2.189165852923685e-07
0.000326	2.275562227791153e-07	-2.275562227791153e-07	-2.275562227791152e-07
0.000327	2.3529779981509896e-07	-2.3529779981509896e-07	-2.3529779981509886e-07
0.000328	2.421107639325553e-07	-2.421107639325553e-07	-2.421107639325551e-07
0.000329	2.4796822747465475e-07	-2.4796822747465475e-07	-2.479682274746546e-07
0.00033	2.52847073708819e-07	-2.52847073708819e-07	-2.5284707370881884e-07
0.00033099999999999997	2.567280480578947e-07	-2.567280480578947e-07	-2.567280480578945e-07
0.000332	2.595958340891744e-07	-2.595958340891744e-07	-2.5959583408917425e-07
0.00033299999999999996	2.614391139613597e-07	-2.614391139613597e-07	-2.614391139613595e-07
0.000334	2.622506130909093e-07	-2.622506130909093e-07	-2.6225061309090914e-07
0.000335	2.6202712886149903e-07	-2.6202712886149903e-07	-2.620271288614988e-07
0.000336	2.6076954326327797e-07	-2.6076954326327797e-07	-2.6076954326327775e-07
0.000337	2.584828194120716e-07	-2.584828194120716e-07	-2.5848281941207134e-07
0.000338	2.5517598196221166e-07	-2.5517598196221166e-07	-2.5517598196221145e-07
0.000339	2.508620814903641e-07	-2.508620814903641e-07	-2.508620814903639e-07
0.00033999999999999997	2.455581429908573e-07	-2.455581429908573e-07	-2.455581429908571e-07
0.000341	2.392850986858101e-07	-2.392850986858101e-07	-2.3928509868580983e-07
0.00034199999999999996	2.32067705415213e-07	-2.32067705415213e-07	-2.3206770541521274e-07
0.000343	2.2393444693299176e-07	-2.2393444693299176e-07	-2.239344469329915e-07
0.00034399999999999996	2.1491742149464348e-07	-2.1491742149464348e-07	-2.1491742149464316e-07
0.000345	2.0505221518008592e-07	-2.0505221518008592e-07	-2.0505221518008568e-07
0.000346	1.943777614516593e-07	-1.943777614516593e-07	-1.9437776145165899e-07
0.000347	1.8293618750153425e-07	-1.8293618750153425e-07	-1.8293618750153399e-07
0.000348	1.7077264799493555e-07	-1.7077264799493555e-07	-1.7077264799493523e-07
0.00034899999999999997	1.5793514686530214e-07	-1.5793514686530214e-07	-1.5793514686530188e-07
0.00035	1.4447434786469672e-07	-1.4447434786469672e-07	-1.4447434786469646e-07
0.00035099999999999997	1.3044337461712052e-07	-1.3044337461712052e-07	-1.3044337461712026e-07
0.000352	1.1589760096383969e-07	-1.1589760096383969e-07	-1.1589760096383943e-07
0.00035299999999999996	1.0089443242813194e-07	-1.0089443242813194e-07	-1.0089443242813167e-07
0.000354	8.549307966191205e-08	-8.549307966191205e-08	-8.549307966191178e-08
0.000355	6.975432476833894e-08	-6.975432476833894e-08	-6.975432476833868e-08
0.000356	5.374028142262589e-08	-5.374028142262589e-08	-5.374028142262573e-08
0.000357	3.751414973773588e-08	-3.751414973773588e-08	-3.7514149737735666e-08
0.000358	2.1139966842417013e-08	-2.1139966842417013e-08	-2.1139966842416854e-08
0.000359	4.682354155901948e-09	-4.682354155901948e-09	-4.6823541559017365e-09
0.00035999999999999997	-1.1793737643301703e-08	1.1793737643301703e-08	1.1793737643301914e-08
0.000361	-2.8223284948073415e-08	2.8223284948073415e-08	2.8223284948073574e-08
0.00036199999999999996	-4.45414478411474e-08	4.45414478411474e-08	4.454144784114756e-08
0.000363	-6.068382598864425e-08	6.068382598864425e-08	6.06838259886444e-08
0.00036399999999999996	-7.65867127987668e-08	7.65867127987668e-08	7.658671279876696e-08
0.000365	-9.21873468426136e-08	9.21873468426136e-08	9.21873468426137e-08
0.000366	-1.0742415954486648e-07	1.0742415954486648e-07	1.0742415954486659e-07
0.000367	-1.2223701816682316e-07	1.2223701816682316e-07	1.2223701816682324e-07
0.000368	-1.3656746312285993e-07	1.3656746312285993e-07	1.3656746312285998e-07
0.00036899999999999997	-1.5035893869368832e-07	1.5035893869368832e-07	1.5035893869368834e-07
0.00037	-1.6355701622595768e-07	1.6355701622595768e-07	1.6355701622595773e-07
0.00037099999999999996	-1.7610960893727622e-07	1.7610960893727622e-07	1.7610960893727628e-07
0.000372	-1.8796717747894656e-07	1.8796717747894656e-07	1.8796717747894656e-07
0.00037299999999999996	-1.9908292544514234e-07	1.9908292544514234e-07	1.9908292544514229e-07
0.000374	-2.0941298405694326e-07	2.0941298405694326e-07	2.094129840569432e-07
0.000375	-2.1891658529236505e-07	2.1891658529236505e-07	2.1891658529236497e-07
0.000376	-2.2755622277910889e-07	2.2755622277910889e-07	2.275562227791088e-07
0.000377	-2.3529779981509637e-07	2.3529779981509637e-07	2.3529779981509626e-07
0.00037799999999999997	-2.4211076393254966e-07	2.4211076393254966e-07	2.4211076393254956e-07
0.000379	-2.4796822747465126e-07	2.4796822747465126e-07	2.479682274746511e-07
0.00037999999999999997	-2.528470737088158e-07	2.528470737088158e-07	2.528470737088157e-07
0.000381	-2.567280480578918e-07	2.567280480578918e-07	2.5672804805789164e-07
0.00038199999999999996	-2.595958340891718e-07	2.595958340891718e-07	2.5959583408917166e-07
0.000383	-2.614391139613573e-07	2.614391139613573e-07	2.614391139613571e-07
0.000384	-2.622506130909085e-07	2.622506130909085e-07	2.6225061309090835e-07
0.000385	-2.620271288614956e-07	2.620271288614956e-07	2.6202712886149533e-07
0.000386	-2.607695432632775e-07	2.607695432632775e-07	2.607695432632773e-07
0.000387	-2.584828194120687e-07	2.584828194120687e-07	2.584828194120685e-07
0.000388	-2.551759819622103e-07	2.551759819622103e-07	2.5517598196221e-07
0.00038899999999999997	-2.5086208149036277e-07	2.5086208149036277e-07	2.508620814903625e-07
0.00039	-2.455581429908562e-07	2.455581429908562e-07	2.4555814299085593e-07
0.00039099999999999996	-2.3928509868580904e-07	2.3928509868580904e-07	2.392850986858088e-07
0.000392	-2.3206770541521203e-07	2.3206770541521203e-07	2.3206770541521176e-07
0.00039299999999999996	-2.2393444693299088e-07	2.2393444693299088e-07	2.2393444693299062e-07
0.000394	-2.1491742149464266e-07	2.1491742149464266e-07	2.1491742149464237e-07
0.000395	-2.0505221518008573e-07	2.0505221518008573e-07	2.050522151800854e-07
0.000396	-1.9437776145165809e-07	1.9437776145165809e-07	1.9437776145165787e-07
0.000397	-1.8293618750153388e-07	1.8293618750153388e-07	1.8293618750153362e-07
0.00039799999999999997	-1.7077264799493475e-07	1.7077264799493475e-07	1.7077264799493444e-07
0.000399	-1.5793514686530172e-07	1.5793514686530172e-07	1.579351468653014e-07
0.00039999999999999996	-1.444743478646963e-07	1.444743478646963e-07	1.4447434786469603e-07
0.000401	-1.304433746171201e-07	1.304433746171201e-07	1.3044337461711984e-07
0.00040199999999999996	-1.1589760096383937e-07	1.1589760096383937e-07	1.1589760096383911e-07
0.000403	-1.0089443242813167e-07	1.0089443242813167e-07	1.0089443242813141e-07
0.000404	-8.549307966191147e-08	8.549307966191147e-08	8.54930796619112e-08
0.000405	-6.975432476833926e-08	6.975432476833926e-08	6.975432476833905e-08
0.000406	-5.374028142262515e-08	5.374028142262515e-08	5.374028142262488e-08
0.00040699999999999997	-3.751414973773641e-08	3.751414973773641e-08	3.7514149737736195e-08
0.000408	-2.1139966842416166e-08	2.1139966842416166e-08	2.1139966842415954e-08
0.00040899999999999997	-4.6823541559026365e-09	4.6823541559026365e-09	4.682354155902425e-09
0.00041	1.1793737643301861e-08	-1.1793737643301861e-08	-1.1793737643302073e-08
0.00041099999999999996	2.822328494807352e-08	-2.822328494807352e-08	-2.822328494807368e-08
0.000412	4.454144784114756e-08	-4.454144784114756e-08	-4.454144784114772e-08
0.00041299999999999996	6.068382598864435e-08	-6.068382598864435e-08	-6.068382598864451e-08
0.000414	7.658671279876696e-08	-7.658671279876696e-08	-7.658671279876711e-08
0.000415	9.218734684261497e-08	-9.218734684261497e-08	-9.218734684261502e-08
0.000416	1.0742415954486505e-07	-1.0742415954486505e-07	-1.0742415954486516e-07
0.000417	1.2223701816682467e-07	-1.2223701816682467e-07	-1.2223701816682475e-07
0.00041799999999999997	1.3656746312285842e-07	-1.3656746312285842e-07	-1.3656746312285847e-07
0.000419	1.5035893869368837e-07	-1.5035893869368837e-07	-1.503589386936884e-07
0.00041999999999999996	1.6355701622595778e-07	-1.6355701622595778e-07	-1.6355701622595778e-07
0.000421	1.7610960893727628e-07	-1.7610960893727628e-07	-1.7610960893727628e-07
0.00042199999999999996	1.8796717747894653e-07	-1.8796717747894653e-07	-1.879671774789465e-07
0.000423	1.9908292544514234e-07	-1.9908292544514234e-07	-1.990829254451423e-07
0.000424	2.0941298405694493e-07	-2.0941298405694493e-07	-2.0941298405694488e-07
0.000425	2.1891658529236338e-07	-2.1891658529236338e-07	-2.189165852923633e-07
0.000426	2.275562227791106e-07	-2.275562227791106e-07	-2.2755622277911053e-07
0.00042699999999999997	2.3529779981509465e-07	-2.3529779981509465e-07	-2.3529779981509454e-07
0.000428	2.421107639325513e-07	-2.421107639325513e-07	-2.421107639325512e-07
0.00042899999999999997	2.479682274746496e-07	-2.479682274746496e-07	-2.4796822747464946e-07
0.00043	2.528470737088159e-07	-2.528470737088159e-07	-2.5284707370881577e-07
0.00043099999999999996	2.5672804805789185e-07	-2.5672804805789185e-07	-2.567280480578917e-07
0.000432	2.5959583408917187e-07	-2.5959583408917187e-07	-2.595958340891717e-07
0.00043299999999999995	2.6143911396135736e-07	-2.6143911396135736e-07	-2.6143911396135715e-07
0.000434	2.6225061309090724e-07	-2.6225061309090724e-07	-2.62250613090907e-07
0.000435	2.620271288614971e-07	-2.620271288614971e-07	-2.6202712886149686e-07
0.00043599999999999997	2.6076954326327627e-07	-2.6076954326327627e-07	-2.6076954326327606e-07
0.000437	2.5848281941207e-07	-2.5848281941207e-07	-2.5848281941206975e-07
0.00043799999999999997	2.551759819622092e-07	-2.551759819622092e-07	-2.55175981962209e-07
0.000439	2.5086208149036293e-07	-2.5086208149036293e-07	-2.5086208149036266e-07
0.00043999999999999996	2.4555814299085625e-07	-2.4555814299085625e-07	-2.4555814299085604e-07
0.000441	2.3928509868580915e-07	-2.3928509868580915e-07	-2.392850986858089e-07
0.00044199999999999996	2.320677054152121e-07	-2.320677054152121e-07	-2.3206770541521184e-07
0.000443	2.2393444693299104e-07	-2.2393444693299104e-07	-2.2393444693299073e-07
0.000444	2.149174214946433e-07	-2.149174214946433e-07	-2.1491742149464306e-07
0.000445	2.0505221518008523e-07	-2.0505221518008523e-07	-2.0505221518008496e-07
0.000446	1.9437776145165862e-07	-1.9437776145165862e-07	-1.943777614516583e-07
0.00044699999999999997	1.8293618750153372e-07	-1.8293618750153372e-07	-1.8293618750153346e-07
0.000448	1.7077264799493507e-07	-1.7077264799493507e-07	-1.707726479949348e-07
0.00044899999999999996	1.5793514686530167e-07	-1.5793514686530167e-07	-1.579351468653014e-07
0.00045	1.4447434786469635e-07	-1.4447434786469635e-07	-1.444743478646961e-07
0.00045099999999999996	1.3044337461712015e-07	-1.3044337461712015e-07	-1.3044337461711984e-07
0.000452	1.1589760096383943e-07	-1.1589760096383943e-07	-1.1589760096383916e-07
0.000453	1.0089443242813141e-07	-1.0089443242813141e-07	-1.0089443242813114e-07
0.000454	8.549307966191189e-08	-8.549307966191189e-08	-8.549307966191163e-08
0.000455	6.975432476833878e-08	-6.975432476833878e-08	-6.975432476833852e-08
0.00045599999999999997	5.374028142262573e-08	-5.374028142262573e-08	-5.3740281422625465e-08
0.000457	3.751414973773572e-08	-3.751414973773572e-08	-3.751414973773551e-08
0.00045799999999999997	2.113996684241696e-08	-2.113996684241696e-08	-2.113996684241675e-08
0.000459	4.6823541559018424e-09	-4.6823541559018424e-09	-4.682354155901631e-09
0.00045999999999999996	-1.1793737643300803e-08	1.1793737643300803e-08	1.1793737643301014e-08
0.000461	-2.822328494807352e-08	2.822328494807352e-08	2.822328494807368e-08
0.00046199999999999995	-4.4541447841147506e-08	4.4541447841147506e-08	4.4541447841147665e-08
0.000463	-6.068382598864435e-08	6.068382598864435e-08	6.068382598864451e-08
0.000464	-7.658671279876833e-08	7.658671279876833e-08	7.658671279876849e-08
0.00046499999999999997	-9.218734684261365e-08	9.218734684261365e-08	9.218734684261375e-08
0.000466	-1.0742415954486653e-07	1.0742415954486653e-07	1.0742415954486664e-07
0.00046699999999999997	-1.2223701816682322e-07	1.2223701816682322e-07	1.222370181668233e-07
0.000468	-1.3656746312285993e-07	1.3656746312285993e-07	1.3656746312285998e-07
0.00046899999999999996	-1.503589386936868e-07	1.503589386936868e-07	1.5035893869368683e-07
0.00047	-1.6355701622595784e-07	1.6355701622595784e-07	1.6355701622595784e-07
0.00047099999999999996	-1.7610960893727633e-07	1.7610960893727633e-07	1.7610960893727633e-07
0.000472	-1.8796717747894659e-07	1.8796717747894659e-07	1.8796717747894656e-07
0.000473	-1.9908292544514393e-07	1.9908292544514393e-07	1.9908292544514387e-07
0.000474	-2.0941298405694303e-07	2.0941298405694303e-07	2.09412984056943e-07
0.000475	-2.1891658529236486e-07	2.1891658529236486e-07	2.1891658529236478e-07
0.00047599999999999997	-2.2755622277910873e-07	2.2755622277910873e-07	2.2755622277910862e-07
0.000477	-2.3529779981509616e-07	2.3529779981509616e-07	2.3529779981509608e-07
0.00047799999999999996	-2.421107639325495e-07	2.421107639325495e-07	2.421107639325494e-07
0.000479	-2.4796822747465105e-07	2.4796822747465105e-07	2.4796822747465094e-07
0.00047999999999999996	-2.528470737088141e-07	2.528470737088141e-07	2.52847073708814e-07
0.000481	-2.567280480578918e-07	2.567280480578918e-07	2.5672804805789164e-07
0.00048199999999999995	-2.595958340891718e-07	2.595958340891718e-07	2.5959583408917166e-07
0.000483	-2.614391139613573e-07	2.614391139613573e-07	2.614391139613571e-07
0.000484	-2.622506130909085e-07	2.622506130909085e-07	2.6225061309090835e-07
0.00048499999999999997	-2.6202712886149565e-07	2.6202712886149565e-07	2.620271288614954e-07
0.000486	-2.607695432632775e-07	2.607695432632775e-07	2.607695432632773e-07
0.00048699999999999997	-2.584828194120687e-07	2.584828194120687e-07	2.584828194120685e-07
0.000488	-2.5517598196221023e-07	2.5517598196221023e-07	2.5517598196220996e-07
0.000489	-2.5086208149036176e-07	2.5086208149036176e-07	2.508620814903615e-07
0.00049	-2.4555814299085625e-07	2.4555814299085625e-07	2.4555814299085604e-07
0.000491	-2.392850986858091e-07	2.392850986858091e-07	2.3928509868580883e-07
0.0004919999999999999	-2.3206770541521131e-07	2.3206770541521131e-07	2.3206770541521105e-07
0.000493	-2.2393444693299107e-07	2.2393444693299107e-07	2.2393444693299075e-07
0.000494	-2.1491742149464271e-07	2.1491742149464271e-07	2.1491742149464242e-07
0.000495	-2.0505221518008578e-07	2.0505221518008578e-07	2.050522151800855e-07
0.000496	-1.9437776145165862e-07	1.9437776145165862e-07	1.943777614516583e-07
0.0004969999999999999	-1.8293618750153367e-07	1.8293618750153367e-07	1.829361875015334e-07
0.000498	-1.707726479949349e-07	1.707726479949349e-07	1.707726479949346e-07
0.000499	-1.5793514686530182e-07	1.5793514686530182e-07	1.579351468653015e-07
0.0005	-1.4447434786469635e-07	1.4447434786469635e-07	1.444743478646961e-07
0.0005009999999999999	-1.3044337461712026e-07	1.3044337461712026e-07	1.3044337461711994e-07
0.000502	-1.1589760096383943e-07	1.1589760096383943e-07	1.1589760096383916e-07
0.000503	-1.0089443242813173e-07	1.0089443242813173e-07	1.0089443242813146e-07
0.000504	-8.549307966191147e-08	8.549307966191147e-08	8.54930796619112e-08
0.000505	-6.975432476833884e-08	6.975432476833884e-08	6.975432476833857e-08
0.0005059999999999999	-5.374028142262589e-08	5.374028142262589e-08	5.3740281422625624e-08
0.000507	-3.751414973773641e-08	3.751414973773641e-08	3.7514149737736195e-08
0.000508	-2.1139966842416113e-08	2.1139966842416113e-08	2.11399668424159e-08
0.000509	-4.6823541559018424e-09	4.6823541559018424e-09	4.682354155901631e-09
0.0005099999999999999	1.179373764330075e-08	-1.179373764330075e-08	-1.1793737643300962e-08
0.000511	2.8223284948073468e-08	-2.8223284948073468e-08	-2.8223284948073627e-08
0.000512	4.4541447841148565e-08	-4.4541447841148565e-08	-4.4541447841148724e-08
0.000513	6.068382598864414e-08	-6.068382598864414e-08	-6.06838259886443e-08
0.000514	7.658671279876807e-08	-7.658671279876807e-08	-7.658671279876823e-08
0.0005149999999999999	9.218734684261344e-08	-9.218734684261344e-08	-9.21873468426136e-08
0.000516	1.0742415954486627e-07	-1.0742415954486627e-07	-1.0742415954486637e-07
0.000517	1.2223701816682298e-07	-1.2223701816682298e-07	-1.2223701816682306e-07
0.000518	1.365674631228598e-07	-1.365674631228598e-07	-1.3656746312285982e-07
0.0005189999999999999	1.5035893869368667e-07	-1.5035893869368667e-07	-1.503589386936867e-07
0.00052	1.6355701622595768e-07	-1.6355701622595768e-07	-1.6355701622595768e-07
0.000521	1.7610960893727463e-07	-1.7610960893727463e-07	-1.761096089372746e-07
0.000522	1.8796717747894659e-07	-1.8796717747894659e-07	-1.8796717747894656e-07
0.000523	1.99082925445144e-07	-1.99082925445144e-07	-1.9908292544514393e-07
0.0005239999999999999	2.094129840569432e-07	-2.094129840569432e-07	-2.0941298405694316e-07
0.000525	2.18916585292365e-07	-2.18916585292365e-07	-2.1891658529236494e-07
0.000526	2.2755622277910889e-07	-2.2755622277910889e-07	-2.275562227791088e-07
0.000527	2.3529779981509637e-07	-2.3529779981509637e-07	-2.3529779981509624e-07
0.0005279999999999999	2.4211076393254966e-07	-2.4211076393254966e-07	-2.4211076393254956e-07
0.000529	2.479682274746512e-07	-2.479682274746512e-07	-2.479682274746511e-07
0.00053	2.528470737088143e-07	-2.528470737088143e-07	-2.528470737088141e-07
0.000531	2.567280480578919e-07	-2.567280480578919e-07	-2.5672804805789175e-07
0.000532	2.595958340891734e-07	-2.595958340891734e-07	-2.5959583408917324e-07
0.0005329999999999999	2.6143911396135725e-07	-2.6143911396135725e-07	-2.614391139613571e-07
0.000534	2.622506130909085e-07	-2.622506130909085e-07	-2.6225061309090835e-07
0.000535	2.6202712886149565e-07	-2.6202712886149565e-07	-2.6202712886149543e-07
0.000536	2.607695432632775e-07	-2.607695432632775e-07	-2.607695432632773e-07
0.0005369999999999999	2.584828194120687e-07	-2.584828194120687e-07	-2.5848281941206843e-07
0.000538	2.5517598196221034e-07	-2.5517598196221034e-07	-2.5517598196221007e-07
0.000539	2.508620814903618e-07	-2.508620814903618e-07	-2.5086208149036155e-07
0.00054	2.455581429908563e-07	-2.455581429908563e-07	-2.455581429908561e-07
0.0005409999999999999	2.3928509868580835e-07	-2.3928509868580835e-07	-2.392850986858081e-07
0.000542	2.3206770541521227e-07	-2.3206770541521227e-07	-2.32067705415212e-07
0.000543	2.2393444693299186e-07	-2.2393444693299186e-07	-2.239344469329916e-07
0.000544	2.1491742149464277e-07	-2.1491742149464277e-07	-2.1491742149464245e-07
0.000545	2.050522151800858e-07	-2.050522151800858e-07	-2.0505221518008552e-07
0.0005459999999999999	1.9437776145165825e-07	-1.9437776145165825e-07	-1.9437776145165803e-07
0.000547	1.8293618750153404e-07	-1.8293618750153404e-07	-1.8293618750153383e-07
0.000548	1.707726479949349e-07	-1.707726479949349e-07	-1.7077264799493465e-07
0.000549	1.5793514686530182e-07	-1.5793514686530182e-07	-1.5793514686530156e-07
0.0005499999999999999	1.444743478646964e-07	-1.444743478646964e-07	-1.4447434786469614e-07
0.000551	1.304433746171202e-07	-1.304433746171202e-07	-1.3044337461711994e-07
0.000552	1.1589760096383964e-07	-1.1589760096383964e-07	-1.1589760096383937e-07
0.000553	1.0089443242813183e-07	-1.0089443242813183e-07	-1.0089443242813157e-07
0.000554	8.549307966191157e-08	-8.549307966191157e-08	-8.549307966191131e-08
0.0005549999999999999	6.975432476833942e-08	-6.975432476833942e-08	-6.975432476833921e-08
0.000556	5.3740281422625306e-08	-5.3740281422625306e-08	-5.3740281422625094e-08
0.000557	3.751414973773662e-08	-3.751414973773662e-08	-3.751414973773641e-08
0.000558	2.1139966842416378e-08	-2.1139966842416378e-08	-2.113996684241622e-08
0.0005589999999999999	4.682354155902954e-09	-4.682354155902954e-09	-4.682354155902742e-09
0.00056	-1.1793737643301491e-08	1.1793737643301491e-08	1.1793737643301703e-08
0.000561	-2.822328494807209e-08	2.822328494807209e-08	2.822328494807225e-08
0.000562	-4.4541447841147294e-08	4.4541447841147294e-08	4.454144784114745e-08
0.000563	-6.068382598864525e-08	6.068382598864525e-08	6.068382598864541e-08
0.0005639999999999999	-7.658671279876664e-08	7.658671279876664e-08	7.65867127987668e-08
0.000565	-9.21873468426147e-08	9.21873468426147e-08	9.218734684261481e-08
0.000566	-1.0742415954486484e-07	1.0742415954486484e-07	1.0742415954486489e-07
0.000567	-1.2223701816682435e-07	1.2223701816682435e-07	1.222370181668244e-07
0.0005679999999999999	-1.3656746312285813e-07	1.3656746312285813e-07	1.3656746312285823e-07
0.000569	-1.503589386936881e-07	1.503589386936881e-07	1.5035893869368813e-07
0.00057	-1.6355701622595593e-07	1.6355701622595593e-07	1.6355701622595598e-07
0.000571	-1.7610960893727614e-07	1.7610960893727614e-07	1.7610960893727617e-07
0.000572	-1.8796717747894807e-07	1.8796717747894807e-07	1.8796717747894804e-07
0.0005729999999999999	-1.990829254451421e-07	1.990829254451421e-07	1.9908292544514205e-07
0.000574	-2.0941298405694467e-07	2.0941298405694467e-07	2.0941298405694461e-07
0.000575	-2.1891658529236306e-07	2.1891658529236306e-07	2.18916585292363e-07
0.000576	-2.2755622277911034e-07	2.2755622277911034e-07	2.2755622277911026e-07
0.0005769999999999999	-2.352977998150944e-07	2.352977998150944e-07	2.352977998150943e-07
0.000578	-2.4211076393255114e-07	2.4211076393255114e-07	2.4211076393255104e-07
0.000579	-2.4796822747464935e-07	2.4796822747464935e-07	2.4796822747464925e-07
0.00058	-2.528470737088157e-07	2.528470737088157e-07	2.528470737088156e-07
0.000581	-2.567280480578932e-07	2.567280480578932e-07	2.56728048057893e-07
0.0005819999999999999	-2.5959583408917166e-07	2.5959583408917166e-07	2.5959583408917144e-07
0.000583	-2.6143911396135566e-07	2.6143911396135566e-07	2.6143911396135545e-07
0.000584	-2.6225061309090713e-07	2.6225061309090713e-07	2.622506130909069e-07
0.000585	-2.62027128861497e-07	2.62027128861497e-07	2.6202712886149676e-07
0.0005859999999999999	-2.6076954326327627e-07	2.6076954326327627e-07	2.60769543263276e-07
0.000587	-2.5848281941207e-07	2.5848281941207e-07	2.5848281941206975e-07
0.000588	-2.551759819622093e-07	2.551759819622093e-07	2.55175981962209e-07
0.000589	-2.5086208149036293e-07	2.5086208149036293e-07	2.508620814903627e-07
0.0005899999999999999	-2.455581429908554e-07	2.455581429908554e-07	2.455581429908552e-07
0.0005909999999999999	-2.3928509868580925e-07	2.3928509868580925e-07	2.3928509868580904e-07
0.000592	-2.320677054152115e-07	2.320677054152115e-07	2.3206770541521124e-07
0.000593	-2.2393444693299128e-07	2.2393444693299128e-07	2.2393444693299096e-07
0.000594	-2.1491742149464353e-07	2.1491742149464353e-07	2.1491742149464327e-07
0.0005949999999999999	-2.0505221518008544e-07	2.0505221518008544e-07	2.0505221518008517e-07
0.000596	-1.9437776145165888e-07	1.9437776145165888e-07	1.9437776145165856e-07
0.000597	-1.8293618750153393e-07	1.8293618750153393e-07	1.8293618750153367e-07
0.000598	-1.7077264799493534e-07	1.7077264799493534e-07	1.7077264799493507e-07
0.0005989999999999999	-1.5793514686530188e-07	1.5793514686530188e-07	1.5793514686530156e-07
0.0006	-1.4447434786469656e-07	1.4447434786469656e-07	1.444743478646963e-07
0.000601	-1.3044337461712047e-07	1.3044337461712047e-07	1.304433746171202e-07
0.000602	-1.1589760096383959e-07	1.1589760096383959e-07	1.1589760096383932e-07
0.000603	-1.0089443242813157e-07	1.0089443242813157e-07	1.0089443242813136e-07
0.0006039999999999999	-8.54930796619121e-08	8.54930796619121e-08	8.549307966191184e-08
0.000605	-6.975432476833894e-08	6.975432476833894e-08	6.975432476833868e-08
0.000606	-5.3740281422625994e-08	5.3740281422625994e-08	5.374028142262578e-08
0.000607	-3.751414973773588e-08	3.751414973773588e-08	3.751414973773572e-08
0.0006079999999999999	-2.1139966842417172e-08	2.1139966842417172e-08	2.1139966842417013e-08
0.000609	-4.682354155902054e-09	4.682354155902054e-09	4.6823541559018424e-09
0.00061	1.1793737643300644e-08	-1.1793737643300644e-08	-1.1793737643300856e-08
0.000611	2.8223284948073362e-08	-2.8223284948073362e-08	-2.822328494807352e-08
0.000612	4.454144784114846e-08	-4.454144784114846e-08	-4.4541447841148565e-08
0.0006129999999999999	6.068382598864409e-08	-6.068382598864409e-08	-6.068382598864425e-08
0.000614	7.658671279876553e-08	-7.658671279876553e-08	-7.658671279876563e-08
0.000615	9.218734684261354e-08	-9.218734684261354e-08	-9.21873468426137e-08
0.000616	1.0742415954486648e-07	-1.0742415954486648e-07	-1.0742415954486659e-07
0.0006169999999999999	1.2223701816682308e-07	-1.2223701816682308e-07	-1.2223701816682316e-07
0.000618	1.365674631228599e-07	-1.365674631228599e-07	-1.3656746312285995e-07
0.000619	1.503589386936867e-07	-1.503589386936867e-07	-1.5035893869368673e-07
0.00062	1.635570162259577e-07	-1.635570162259577e-07	-1.6355701622595776e-07
0.000621	1.7610960893727778e-07	-1.7610960893727778e-07	-1.7610960893727776e-07
0.0006219999999999999	1.8796717747894632e-07	-1.8796717747894632e-07	-1.879671774789463e-07
0.000623	1.9908292544514057e-07	-1.9908292544514057e-07	-1.990829254451405e-07
0.000624	2.0941298405694326e-07	-2.0941298405694326e-07	-2.094129840569432e-07
0.000625	2.1891658529236505e-07	-2.1891658529236505e-07	-2.18916585292365e-07
0.0006259999999999999	2.2755622277910894e-07	-2.2755622277910894e-07	-2.2755622277910886e-07
0.000627	2.3529779981509637e-07	-2.3529779981509637e-07	-2.3529779981509626e-07
0.000628	2.421107639325497e-07	-2.421107639325497e-07	-2.421107639325496e-07
0.000629	2.4796822747465126e-07	-2.4796822747465126e-07	-2.4796822747465115e-07
0.0006299999999999999	2.528470737088143e-07	-2.528470737088143e-07	-2.528470737088141e-07
0.0006309999999999999	2.567280480578919e-07	-2.567280480578919e-07	-2.5672804805789175e-07
0.000632	2.595958340891705e-07	-2.595958340891705e-07	-2.595958340891703e-07
0.000633	2.6143911396135757e-07	-2.6143911396135757e-07	-2.6143911396135736e-07
0.000634	2.6225061309090877e-07	-2.6225061309090877e-07	-2.6225061309090856e-07
0.0006349999999999999	2.620271288614959e-07	-2.620271288614959e-07	-2.620271288614957e-07
0.000636	2.607695432632777e-07	-2.607695432632777e-07	-2.607695432632775e-07
0.000637	2.584828194120689e-07	-2.584828194120689e-07	-2.5848281941206864e-07
0.000638	2.551759819622104e-07	-2.551759819622104e-07	-2.551759819622102e-07
0.0006389999999999999	2.5086208149036187e-07	-2.5086208149036187e-07	-2.5086208149036166e-07
0.0006399999999999999	2.455581429908564e-07	-2.455581429908564e-07	-2.455581429908562e-07
0.000641	2.392850986858084e-07	-2.392850986858084e-07	-2.392850986858082e-07
0.000642	2.3206770541521235e-07	-2.3206770541521235e-07	-2.3206770541521208e-07
0.000643	2.239344469329919e-07	-2.239344469329919e-07	-2.2393444693299163e-07
0.0006439999999999999	2.1491742149464282e-07	-2.1491742149464282e-07	-2.149174214946425e-07
0.000645	2.0505221518008592e-07	-2.0505221518008592e-07	-2.0505221518008562e-07
0.000646	1.9437776145165835e-07	-1.9437776145165835e-07	-1.9437776145165814e-07
0.000647	1.8293618750153415e-07	-1.8293618750153415e-07	-1.8293618750153388e-07
0.0006479999999999999	1.7077264799493502e-07	-1.7077264799493502e-07	-1.707726479949347e-07
0.000649	1.5793514686530182e-07	-1.5793514686530182e-07	-1.579351468653016e-07
0.00065	1.4447434786469646e-07	-1.4447434786469646e-07	-1.444743478646962e-07
0.000651	1.3044337461712026e-07	-1.3044337461712026e-07	-1.3044337461712e-07
0.000652	1.1589760096383927e-07	-1.1589760096383927e-07	-1.15897600963839e-07
0.0006529999999999999	1.0089443242813183e-07	-1.0089443242813183e-07	-1.0089443242813157e-07
0.000654	8.549307966191237e-08	-8.549307966191237e-08	-8.549307966191215e-08
0.000655	6.975432476833937e-08	-6.975432476833937e-08	-6.975432476833915e-08
0.000656	5.37402814226252e-08	-5.37402814226252e-08	-5.374028142262499e-08
0.0006569999999999999	3.751414973773646e-08	-3.751414973773646e-08	-3.751414973773625e-08
0.000658	2.1139966842416166e-08	-2.1139966842416166e-08	-2.1139966842415954e-08
0.000659	4.6823541559026365e-09	-4.6823541559026365e-09	-4.682354155902425e-09
0.00066	-1.1793737643301914e-08	1.1793737643301914e-08	1.1793737643302126e-08
0.000661	-2.8223284948074686e-08	2.8223284948074686e-08	2.822328494807479e-08
0.0006619999999999999	-4.45414478411474e-08	4.45414478411474e-08	4.454144784114756e-08
0.000663	-6.068382598864308e-08	6.068382598864308e-08	6.068382598864324e-08
0.000664	-7.658671279876706e-08	7.658671279876706e-08	7.658671279876717e-08
0.000665	-9.218734684261508e-08	9.218734684261508e-08	9.218734684261518e-08
0.0006659999999999999	-1.0742415954486521e-07	1.0742415954486521e-07	1.0742415954486526e-07
0.000667	-1.2223701816682475e-07	1.2223701816682475e-07	1.2223701816682483e-07
0.000668	-1.365674631228585e-07	1.365674631228585e-07	1.3656746312285852e-07
0.000669	-1.5035893869368842e-07	1.5035893869368842e-07	1.5035893869368845e-07
0.00067	-1.635570162259593e-07	1.635570162259593e-07	1.6355701622595932e-07
0.0006709999999999999	-1.7610960893727617e-07	1.7610960893727617e-07	1.7610960893727617e-07
0.000672	-1.879671774789448e-07	1.879671774789448e-07	1.8796717747894484e-07
0.000673	-1.9908292544514242e-07	1.9908292544514242e-07	1.9908292544514242e-07
0.000674	-2.0941298405694506e-07	2.0941298405694506e-07	2.09412984056945e-07
0.0006749999999999999	-2.1891658529236346e-07	2.1891658529236346e-07	2.189165852923634e-07
0.000676	-2.275562227791107e-07	2.275562227791107e-07	2.2755622277911063e-07
0.000677	-2.3529779981509478e-07	2.3529779981509478e-07	2.3529779981509468e-07
0.000678	-2.4211076393255146e-07	2.4211076393255146e-07	2.4211076393255136e-07
0.0006789999999999999	-2.4796822747464967e-07	2.4796822747464967e-07	2.4796822747464957e-07
0.0006799999999999999	-2.5284707370881603e-07	2.5284707370881603e-07	2.528470737088158e-07
0.000681	-2.5672804805789037e-07	2.5672804805789037e-07	2.5672804805789026e-07
0.000682	-2.595958340891721e-07	2.595958340891721e-07	2.595958340891719e-07
0.000683	-2.6143911396135895e-07	2.6143911396135895e-07	2.6143911396135873e-07
0.0006839999999999999	-2.6225061309090724e-07	2.6225061309090724e-07	2.6225061309090697e-07
0.000685	-2.620271288614945e-07	2.620271288614945e-07	2.6202712886149427e-07
0.000686	-2.607695432632765e-07	2.607695432632765e-07	2.607695432632762e-07
0.000687	-2.584828194120703e-07	2.584828194120703e-07	2.5848281941207e-07
0.0006879999999999999	-2.5517598196220944e-07	2.5517598196220944e-07	2.5517598196220917e-07
0.0006889999999999999	-2.5086208149036303e-07	2.5086208149036303e-07	2.508620814903628e-07
0.00069	-2.455581429908555e-07	2.455581429908555e-07	2.4555814299085524e-07
0.000691	-2.3928509868580936e-07	2.3928509868580936e-07	2.3928509868580915e-07
0.000692	-2.3206770541521317e-07	2.3206770541521317e-07	2.320677054152129e-07
0.0006929999999999999	-2.239344469329912e-07	2.239344469329912e-07	2.2393444693299088e-07
0.000694	-2.1491742149464226e-07	2.1491742149464226e-07	2.1491742149464197e-07
0.000695	-2.0505221518008552e-07	2.0505221518008552e-07	2.0505221518008525e-07
0.000696	-1.9437776145165888e-07	1.9437776145165888e-07	1.9437776145165862e-07
0.0006969999999999999	-1.8293618750153393e-07	1.8293618750153393e-07	1.8293618750153367e-07
0.0006979999999999999	-1.7077264799493528e-07	1.7077264799493528e-07	1.7077264799493502e-07
0.000699	-1.5793514686530188e-07	1.5793514686530188e-07	1.5793514686530156e-07
0.0007	-1.4447434786469656e-07	1.4447434786469656e-07	1.444743478646963e-07
0.000701	-1.3044337461712026e-07	1.3044337461712026e-07	1.3044337461712005e-07
0.0007019999999999999	-1.1589760096383959e-07	1.1589760096383959e-07	1.1589760096383932e-07
0.000703	-1.008944324281322e-07	1.008944324281322e-07	1.0089443242813194e-07
0.000704	-8.5493079661912e-08	8.5493079661912e-08	8.549307966191173e-08
0.000705	-6.9754324768339e-08	6.9754324768339e-08	6.975432476833873e-08
0.0007059999999999999	-5.374028142262605e-08	5.374028142262605e-08	5.3740281422625835e-08
0.000707	-3.751414973773593e-08	3.751414973773593e-08	3.751414973773577e-08
0.000708	-2.1139966842417225e-08	2.1139966842417225e-08	2.1139966842417066e-08
0.000709	-4.682354155902001e-09	4.682354155902001e-09	4.6823541559017895e-09
0.00071	1.1793737643302444e-08	-1.1793737643302444e-08	-1.1793737643302656e-08
0.0007109999999999999	2.8223284948073097e-08	-2.8223284948073097e-08	-2.8223284948073256e-08
0.000712	4.4541447841146024e-08	-4.4541447841146024e-08	-4.454144784114613e-08
0.000713	6.068382598864398e-08	-6.068382598864398e-08	-6.068382598864414e-08
0.000714	7.658671279876791e-08	-7.658671279876791e-08	-7.658671279876807e-08
0.0007149999999999999	9.218734684261328e-08	-9.218734684261328e-08	-9.218734684261338e-08
0.000716	1.0742415954486352e-07	-1.0742415954486352e-07	-1.0742415954486362e-07
0.000717	1.2223701816682314e-07	-1.2223701816682314e-07	-1.222370181668232e-07
0.000718	1.3656746312285985e-07	-1.3656746312285985e-07	-1.365674631228599e-07
0.000719	1.503589386936897e-07	-1.503589386936897e-07	-1.5035893869368975e-07
0.0007199999999999999	1.6355701622595744e-07	-1.6355701622595744e-07	-1.6355701622595747e-07
0.000721	1.761096089372744e-07	-1.761096089372744e-07	-1.7610960893727442e-07
0.000722	1.8796717747894635e-07	-1.8796717747894635e-07	-1.879671774789464e-07
0.000723	1.9908292544514382e-07	-1.9908292544514382e-07	-1.9908292544514382e-07
0.0007239999999999999	2.0941298405694305e-07	-2.0941298405694305e-07	-2.09412984056943e-07
0.000725	2.1891658529236163e-07	-2.1891658529236163e-07	-2.1891658529236158e-07
0.000726	2.2755622277910907e-07	-2.2755622277910907e-07	-2.2755622277910897e-07
0.000727	2.3529779981509648e-07	-2.3529779981509648e-07	-2.3529779981509637e-07
0.0007279999999999999	2.421107639325498e-07	-2.421107639325498e-07	-2.421107639325497e-07
0.0007289999999999999	2.479682274746514e-07	-2.479682274746514e-07	-2.4796822747465126e-07
0.00073	2.528470737088144e-07	-2.528470737088144e-07	-2.5284707370881423e-07
0.000731	2.5672804805789206e-07	-2.5672804805789206e-07	-2.5672804805789185e-07
0.000732	2.5959583408917356e-07	-2.5959583408917356e-07	-2.5959583408917335e-07
0.0007329999999999999	2.614391139613574e-07	-2.614391139613574e-07	-2.614391139613572e-07
0.000734	2.622506130909059e-07	-2.622506130909059e-07	-2.6225061309090565e-07
0.000735	2.62027128861496e-07	-2.62027128861496e-07	-2.620271288614958e-07
0.000736	2.607695432632778e-07	-2.607695432632778e-07	-2.6076954326327754e-07
0.0007369999999999999	2.58482819412069e-07	-2.58482819412069e-07	-2.5848281941206875e-07
0.0007379999999999999	2.551759819622105e-07	-2.551759819622105e-07	-2.551759819622103e-07
0.000739	2.50862081490362e-07	-2.50862081490362e-07	-2.5086208149036176e-07
0.00074	2.4555814299085657e-07	-2.4555814299085657e-07	-2.455581429908563e-07
0.000741	2.392850986858102e-07	-2.392850986858102e-07	-2.3928509868581e-07
0.0007419999999999999	2.320677054152123e-07	-2.320677054152123e-07	-2.3206770541521203e-07
0.000743	2.2393444693299046e-07	-2.2393444693299046e-07	-2.239344469329902e-07
0.000744	2.149174214946429e-07	-2.149174214946429e-07	-2.1491742149464258e-07
0.000745	2.0505221518008594e-07	-2.0505221518008594e-07	-2.0505221518008565e-07
0.0007459999999999999	1.943777614516584e-07	-1.943777614516584e-07	-1.9437776145165814e-07
0.0007469999999999999	1.8293618750153356e-07	-1.8293618750153356e-07	-1.829361875015333e-07
0.000748	1.7077264799493507e-07	-1.7077264799493507e-07	-1.707726479949348e-07
0.000749	1.5793514686530193e-07	-1.5793514686530193e-07	-1.5793514686530172e-07
0.00075	1.4447434786469656e-07	-1.4447434786469656e-07	-1.444743478646963e-07
0.0007509999999999999	1.3044337461712036e-07	-1.3044337461712036e-07	-1.304433746171201e-07
0.000752	1.1589760096383975e-07	-1.1589760096383975e-07	-1.1589760096383948e-07
0.000753	1.0089443242813194e-07	-1.0089443242813194e-07	-1.0089443242813167e-07
0.000754	8.549307966191163e-08	-8.549307966191163e-08	-8.549307966191136e-08
0.0007549999999999999	6.975432476833947e-08	-6.975432476833947e-08	-6.975432476833926e-08
0.0007559999999999999	5.374028142262663e-08	-5.374028142262663e-08	-5.374028142262642e-08
0.000757	3.7514149737736566e-08	-3.7514149737736566e-08	-3.7514149737736354e-08
0.000758	2.1139966842416378e-08	-2.1139966842416378e-08	-2.1139966842416166e-08
0.000759	4.682354155901101e-09	-4.682354155901101e-09	-4.6823541559008895e-09
0.0007599999999999999	-1.1793737643301438e-08	1.1793737643301438e-08	1.179373764330165e-08
0.000761	-2.822328494807209e-08	2.822328494807209e-08	2.822328494807225e-08
0.000762	-4.454144784114719e-08	4.454144784114719e-08	4.4541447841147294e-08
0.000763	-6.06838259886452e-08	6.06838259886452e-08	6.068382598864536e-08
0.0007639999999999999	-7.658671279876658e-08	7.658671279876658e-08	7.658671279876669e-08
0.000765	-9.218734684261206e-08	9.218734684261206e-08	9.218734684261211e-08
0.000766	-1.0742415954486505e-07	1.0742415954486505e-07	1.074241595448651e-07
0.000767	-1.222370181668246e-07	1.222370181668246e-07	1.2223701816682467e-07
0.000768	-1.365674631228612e-07	1.365674631228612e-07	1.3656746312286125e-07
0.0007689999999999999	-1.50358938693688e-07	1.50358938693688e-07	1.5035893869368802e-07
0.00077	-1.6355701622595588e-07	1.6355701622595588e-07	1.6355701622595588e-07
0.000771	-1.7610960893727606e-07	1.7610960893727606e-07	1.7610960893727606e-07
0.000772	-1.879671774789479e-07	1.879671774789479e-07	1.8796717747894794e-07
0.0007729999999999999	-1.99082925445142e-07	1.99082925445142e-07	1.9908292544514194e-07
0.000774	-2.0941298405694133e-07	2.0941298405694133e-07	2.0941298405694128e-07
0.000775	-2.1891658529236333e-07	2.1891658529236333e-07	2.1891658529236325e-07
0.000776	-2.2755622277911055e-07	2.2755622277911055e-07	2.2755622277911047e-07
0.0007769999999999999	-2.352977998150946e-07	2.352977998150946e-07	2.352977998150945e-07
0.0007779999999999999	-2.421107639325513e-07	2.421107639325513e-07	2.421107639325512e-07
0.000779	-2.4796822747464957e-07	2.4796822747464957e-07	2.4796822747464946e-07
0.00078	-2.528470737088159e-07	2.528470737088159e-07	2.528470737088157e-07
0.000781	-2.5672804805789334e-07	2.5672804805789334e-07	2.567280480578932e-07
0.0007819999999999999	-2.5959583408917176e-07	2.5959583408917176e-07	2.5959583408917155e-07
0.000783	-2.614391139613558e-07	2.614391139613558e-07	2.6143911396135566e-07
0.000784	-2.6225061309090724e-07	2.6225061309090724e-07	2.62250613090907e-07
0.000785	-2.6202712886149723e-07	2.6202712886149723e-07	2.62027128861497e-07
0.0007859999999999999	-2.607695432632764e-07	2.607695432632764e-07	2.607695432632761e-07
0.0007869999999999999	-2.5848281941206774e-07	2.5848281941206774e-07	2.584828194120675e-07
0.000788	-2.5517598196220954e-07	2.5517598196220954e-07	2.551759819622093e-07
0.000789	-2.5086208149036314e-07	2.5086208149036314e-07	2.5086208149036293e-07
0.00079	-2.4555814299085757e-07	2.4555814299085757e-07	2.4555814299085726e-07
0.0007909999999999999	-2.3928509868580936e-07	2.3928509868580936e-07	2.3928509868580915e-07
0.000792	-2.3206770541521166e-07	2.3206770541521166e-07	2.3206770541521137e-07
0.000793	-2.2393444693299136e-07	2.2393444693299136e-07	2.2393444693299107e-07
0.000794	-2.1491742149464356e-07	2.1491742149464356e-07	2.1491742149464332e-07
0.0007949999999999999	-2.050522151800855e-07	2.050522151800855e-07	2.0505221518008525e-07
0.0007959999999999999	-1.9437776145165809e-07	1.9437776145165809e-07	1.9437776145165782e-07
0.000797	-1.8293618750153399e-07	1.8293618750153399e-07	1.8293618750153372e-07
0.000798	-1.707726479949354e-07	1.707726479949354e-07	1.7077264799493512e-07
0.000799	-1.5793514686530214e-07	1.5793514686530214e-07	1.5793514686530188e-07
0.0007999999999999999	-1.4447434786469662e-07	1.4447434786469662e-07	1.4447434786469635e-07
0.000801	-1.3044337461712047e-07	1.3044337461712047e-07	1.304433746171202e-07
0.000802	-1.1589760096383964e-07	1.1589760096383964e-07	1.1589760096383937e-07
0.000803	-1.0089443242813162e-07	1.0089443242813162e-07	1.0089443242813141e-07
0.0008039999999999999	-8.549307966191215e-08	8.549307966191215e-08	8.549307966191189e-08
0.0008049999999999999	-6.975432476834005e-08	6.975432476834005e-08	6.975432476833979e-08
0.000806	-5.3740281422625994e-08	5.3740281422625994e-08	5.374028142262573e-08
0.000807	-3.751414973773588e-08	3.751414973773588e-08	3.7514149737735666e-08
0.000808	-2.1139966842415584e-08	2.1139966842415584e-08	2.1139966842415372e-08
0.0008089999999999999	-4.682354155902107e-09	4.682354155902107e-09	4.682354155901895e-09
0.00081	1.1793737643300485e-08	-1.1793737643300485e-08	-1.1793737643300697e-08
0.000811	2.822328494807315e-08	-2.822328494807315e-08	-2.822328494807331e-08
0.000812	4.45414478411483e-08	-4.45414478411483e-08	-4.4541447841148406e-08
0.0008129999999999999	6.068382598864393e-08	-6.068382598864393e-08	-6.068382598864409e-08
0.0008139999999999999	7.658671279876537e-08	-7.658671279876537e-08	-7.658671279876547e-08
0.000815	9.218734684261344e-08	-9.218734684261344e-08	-9.218734684261354e-08
0.000816	1.0742415954486632e-07	-1.0742415954486632e-07	-1.0742415954486643e-07
0.0008169999999999999	1.2223701816682303e-07	-1.2223701816682303e-07	-1.222370181668231e-07
0.0008179999999999999	1.3656746312285683e-07	-1.3656746312285683e-07	-1.3656746312285688e-07
0.000819	1.5035893869368686e-07	-1.5035893869368686e-07	-1.5035893869368694e-07
0.00082	1.6355701622595786e-07	-1.6355701622595786e-07	-1.635570162259579e-07
0.000821	1.7610960893727802e-07	-1.7610960893727802e-07	-1.76109608937278e-07
0.0008219999999999999	1.879671774789465e-07	-1.879671774789465e-07	-1.8796717747894648e-07
0.000823	1.9908292544514072e-07	-1.9908292544514072e-07	-1.990829254451407e-07
0.000824	2.0941298405694337e-07	-2.0941298405694337e-07	-2.0941298405694332e-07
0.000825	2.1891658529236515e-07	-2.1891658529236515e-07	-2.1891658529236507e-07
0.0008259999999999999	2.2755622277910897e-07	-2.2755622277910897e-07	-2.2755622277910889e-07
0.0008269999999999999	2.352977998150932e-07	-2.352977998150932e-07	-2.352977998150931e-07
0.000828	2.4211076393255e-07	-2.4211076393255e-07	-2.421107639325499e-07
0.000829	2.479682274746515e-07	-2.479682274746515e-07	-2.479682274746514e-07
0.00083	2.5284707370881767e-07	-2.5284707370881767e-07	-2.528470737088175e-07
0.0008309999999999999	2.5672804805789196e-07	-2.5672804805789196e-07	-2.567280480578918e-07
0.000832	2.595958340891705e-07	-2.595958340891705e-07	-2.5959583408917033e-07
0.000833	2.6143911396135757e-07	-2.6143911396135757e-07	-2.6143911396135736e-07
0.000834	2.622506130909087e-07	-2.622506130909087e-07	-2.622506130909085e-07
0.0008349999999999999	2.6202712886149586e-07	-2.6202712886149586e-07	-2.6202712886149565e-07
0.0008359999999999999	2.6076954326327516e-07	-2.6076954326327516e-07	-2.607695432632749e-07
0.000837	2.584828194120691e-07	-2.584828194120691e-07	-2.5848281941206885e-07
0.000838	2.551759819622106e-07	-2.551759819622106e-07	-2.551759819622104e-07
0.000839	2.508620814903641e-07	-2.508620814903641e-07	-2.508620814903639e-07
0.0008399999999999999	2.4555814299085646e-07	-2.4555814299085646e-07	-2.455581429908562e-07
0.000841	2.392850986858084e-07	-2.392850986858084e-07	-2.392850986858081e-07
0.000842	2.3206770541521237e-07	-2.3206770541521237e-07	-2.3206770541521206e-07
0.000843	2.2393444693299186e-07	-2.2393444693299186e-07	-2.239344469329916e-07
0.0008439999999999999	2.1491742149464285e-07	-2.1491742149464285e-07	-2.1491742149464253e-07
0.0008449999999999999	2.05052215180085e-07	-2.05052215180085e-07	-2.0505221518008467e-07
0.000846	1.9437776145165846e-07	-1.9437776145165846e-07	-1.9437776145165825e-07
0.000847	1.8293618750153425e-07	-1.8293618750153425e-07	-1.8293618750153404e-07
0.000848	1.7077264799493555e-07	-1.7077264799493555e-07	-1.7077264799493523e-07
0.0008489999999999999	1.5793514686530177e-07	-1.5793514686530177e-07	-1.579351468653015e-07
0.00085	1.4447434786469662e-07	-1.4447434786469662e-07	-1.4447434786469635e-07
0.000851	1.3044337461712036e-07	-1.3044337461712036e-07	-1.304433746171201e-07
0.000852	1.1589760096383943e-07	-1.1589760096383943e-07	-1.1589760096383916e-07
0.0008529999999999999	1.0089443242813194e-07	-1.0089443242813194e-07	-1.0089443242813167e-07
0.0008539999999999999	8.549307966191242e-08	-8.549307966191242e-08	-8.549307966191221e-08
0.000855	6.975432476833942e-08	-6.975432476833942e-08	-6.975432476833921e-08
0.000856	5.3740281422625306e-08	-5.3740281422625306e-08	-5.3740281422625094e-08
0.000857	3.751414973773524e-08	-3.751414973773524e-08	-3.751414973773498e-08
0.0008579999999999999	2.1139966842417966e-08	-2.1139966842417966e-08	-2.1139966842417754e-08
0.000859	4.682354155902795e-09	-4.682354155902795e-09	-4.6823541559025836e-09
0.00086	-1.1793737643301756e-08	1.1793737643301756e-08	1.1793737643301967e-08
0.000861	-2.8223284948074474e-08	2.8223284948074474e-08	2.822328494807458e-08
0.0008619999999999999	-4.454144784114719e-08	4.454144784114719e-08	4.454144784114735e-08
0.0008629999999999999	-6.068382598864292e-08	6.068382598864292e-08	6.068382598864308e-08
0.000864	-7.65867127987669e-08	7.65867127987669e-08	7.658671279876701e-08
0.000865	-9.218734684261492e-08	9.218734684261492e-08	9.218734684261508e-08
0.0008659999999999999	-1.07424159544865e-07	1.07424159544865e-07	1.074241595448651e-07
0.0008669999999999999	-1.2223701816682173e-07	1.2223701816682173e-07	1.2223701816682179e-07
0.000868	-1.3656746312285855e-07	1.3656746312285855e-07	1.365674631228586e-07
0.000869	-1.5035893869368847e-07	1.5035893869368847e-07	1.503589386936885e-07
0.00087	-1.6355701622595934e-07	1.6355701622595934e-07	1.6355701622595934e-07
0.0008709999999999999	-1.7610960893727622e-07	1.7610960893727622e-07	1.7610960893727622e-07
0.0008719999999999999	-1.879671774789449e-07	1.879671774789449e-07	1.8796717747894487e-07
0.000873	-1.9908292544514242e-07	1.9908292544514242e-07	1.9908292544514237e-07
0.000874	-2.0941298405694496e-07	2.0941298405694496e-07	2.0941298405694488e-07
0.0008749999999999999	-2.189165852923634e-07	2.189165852923634e-07	2.1891658529236335e-07
0.0008759999999999999	-2.2755622277910746e-07	2.2755622277910746e-07	2.2755622277910735e-07
0.000877	-2.35297799815095e-07	2.35297799815095e-07	2.3529779981509491e-07
0.000878	-2.421107639325517e-07	2.421107639325517e-07	2.421107639325515e-07
0.000879	-2.47968227474653e-07	2.47968227474653e-07	2.4796822747465285e-07
0.0008799999999999999	-2.5284707370881587e-07	2.5284707370881587e-07	2.528470737088157e-07
0.000881	-2.5672804805789037e-07	2.5672804805789037e-07	2.567280480578902e-07
0.000882	-2.595958340891721e-07	2.595958340891721e-07	2.5959583408917187e-07
0.000883	-2.61439113961359e-07	2.61439113961359e-07	2.6143911396135884e-07
0.0008839999999999999	-2.622506130909073e-07	2.622506130909073e-07	2.622506130909071e-07
0.0008849999999999999	-2.620271288614946e-07	2.620271288614946e-07	2.620271288614944e-07
0.000886	-2.607695432632766e-07	2.607695432632766e-07	2.607695432632763e-07
0.000887	-2.584828194120703e-07	2.584828194120703e-07	2.5848281941207007e-07
0.000888	-2.5517598196221166e-07	2.5517598196221166e-07	2.551759819622114e-07
0.0008889999999999999	-2.508620814903608e-07	2.508620814903608e-07	2.508620814903606e-07
0.00089	-2.455581429908556e-07	2.455581429908556e-07	2.4555814299085535e-07
0.000891	-2.3928509868580946e-07	2.3928509868580946e-07	2.3928509868580925e-07
0.000892	-2.3206770541521333e-07	2.3206770541521333e-07	2.3206770541521306e-07
0.0008929999999999999	-2.239344469329913e-07	2.239344469329913e-07	2.2393444693299102e-07
0.0008939999999999999	-2.149174214946424e-07	2.149174214946424e-07	2.149174214946421e-07
0.000895	-2.050522151800856e-07	2.050522151800856e-07	2.0505221518008533e-07
0.000896	-1.9437776145165899e-07	1.9437776145165899e-07	1.9437776145165872e-07
0.000897	-1.8293618750153462e-07	1.8293618750153462e-07	1.8293618750153436e-07
0.0008979999999999999	-1.7077264799493496e-07	1.7077264799493496e-07	1.707726479949347e-07
0.000899	-1.5793514686530204e-07	1.5793514686530204e-07	1.5793514686530172e-07
0.0009	-1.4447434786469672e-07	1.4447434786469672e-07	1.4447434786469646e-07
0.000901	-1.3044337461712042e-07	1.3044337461712042e-07	1.304433746171202e-07
0.0009019999999999999	-1.158976009638398e-07	1.158976009638398e-07	1.1589760096383953e-07
0.0009029999999999999	-1.0089443242813236e-07	1.0089443242813236e-07	1.008944324281321e-07
0.000904	-8.549307966191221e-08	8.549307966191221e-08	8.549307966191194e-08
0.000905	-6.97543247683391e-08	6.97543247683391e-08	6.975432476833884e-08
0.000906	-5.374028142262499e-08	5.374028142262499e-08	5.3740281422624777e-08
0.0009069999999999999	-3.751414973773752e-08	3.751414973773752e-08	3.7514149737737254e-08
0.000908	-2.1139966842417225e-08	2.1139966842417225e-08	2.1139966842417013e-08
0.000909	-4.682354155901948e-09	4.682354155901948e-09	4.6823541559017895e-09
0.00091	1.1793737643302497e-08	-1.1793737643302497e-08	-1.1793737643302656e-08
0.0009109999999999999	2.8223284948073097e-08	-2.8223284948073097e-08	-2.8223284948073256e-08
0.0009119999999999999	4.454144784114597e-08	-4.454144784114597e-08	-4.454144784114608e-08
0.000913	6.068382598864398e-08	-6.068382598864398e-08	-6.068382598864414e-08
0.000914	7.658671279876796e-08	-7.658671279876796e-08	-7.658671279876807e-08
0.0009149999999999999	9.218734684261328e-08	-9.218734684261328e-08	-9.218734684261338e-08
0.0009159999999999999	1.0742415954486346e-07	-1.0742415954486346e-07	-1.0742415954486357e-07
0.000917	1.222370181668231e-07	-1.222370181668231e-07	-1.222370181668232e-07
0.000918	1.3656746312285985e-07	-1.3656746312285985e-07	-1.365674631228599e-07
0.000919	1.5035893869368977e-07	-1.5035893869368977e-07	-1.503589386936898e-07
0.0009199999999999999	1.6355701622595432e-07	-1.6355701622595432e-07	-1.635570162259544e-07
0.0009209999999999999	1.761096089372746e-07	-1.761096089372746e-07	-1.7610960893727463e-07
0.000922	1.879671774789466e-07	-1.879671774789466e-07	-1.879671774789466e-07
0.000923	1.99082925445144e-07	-1.99082925445144e-07	-1.99082925445144e-07
0.0009239999999999999	2.0941298405694326e-07	-2.0941298405694326e-07	-2.094129840569432e-07
0.0009249999999999999	2.1891658529236184e-07	-2.1891658529236184e-07	-2.189165852923618e-07
0.000926	2.2755622277910926e-07	-2.2755622277910926e-07	-2.2755622277910915e-07
0.000927	2.352977998150967e-07	-2.352977998150967e-07	-2.3529779981509658e-07
0.000928	2.4211076393255316e-07	-2.4211076393255316e-07	-2.4211076393255305e-07
0.0009289999999999999	2.479682274746481e-07	-2.479682274746481e-07	-2.47968227474648e-07
0.0009299999999999999	2.5284707370881455e-07	-2.5284707370881455e-07	-2.5284707370881444e-07
0.000931	2.5672804805789217e-07	-2.5672804805789217e-07	-2.5672804805789206e-07
0.000932	2.5959583408917367e-07	-2.5959583408917367e-07	-2.595958340891735e-07
0.0009329999999999999	2.614391139613575e-07	-2.614391139613575e-07	-2.6143911396135736e-07
0.0009339999999999999	2.62250613090906e-07	-2.62250613090906e-07	-2.6225061309090586e-07
0.000935	2.620271288614961e-07	-2.620271288614961e-07	-2.620271288614959e-07
0.000936	2.607695432632779e-07	-2.607695432632779e-07	-2.6076954326327765e-07
0.000937	2.5848281941207145e-07	-2.5848281941207145e-07	-2.584828194120712e-07
0.0009379999999999999	2.5517598196220816e-07	-2.5517598196220816e-07	-2.5517598196220795e-07
0.000939	2.5086208149036203e-07	-2.5086208149036203e-07	-2.508620814903618e-07
0.00094	2.455581429908566e-07	-2.455581429908566e-07	-2.455581429908564e-07
0.000941	2.392850986858103e-07	-2.392850986858103e-07	-2.392850986858101e-07
0.0009419999999999999	2.3206770541521243e-07	-2.3206770541521243e-07	-2.320677054152121e-07
0.0009429999999999999	2.2393444693299051e-07	-2.2393444693299051e-07	-2.2393444693299025e-07
0.000944	2.1491742149464293e-07	-2.1491742149464293e-07	-2.149174214946427e-07
0.000945	2.0505221518008607e-07	-2.0505221518008607e-07	-2.0505221518008578e-07
0.000946	1.9437776145165925e-07	-1.9437776145165925e-07	-1.9437776145165899e-07
0.0009469999999999999	1.8293618750153356e-07	-1.8293618750153356e-07	-1.829361875015333e-07
0.000948	1.7077264799493507e-07	-1.7077264799493507e-07	-1.707726479949348e-07
0.000949	1.5793514686530193e-07	-1.5793514686530193e-07	-1.5793514686530172e-07
0.00095	1.4447434786469656e-07	-1.4447434786469656e-07	-1.444743478646963e-07
0.0009509999999999999	1.3044337461712063e-07	-1.3044337461712063e-07	-1.3044337461712036e-07
0.0009519999999999999	1.158976009638398e-07	-1.158976009638398e-07	-1.1589760096383953e-07
0.000953	1.0089443242813189e-07	-1.0089443242813189e-07	-1.0089443242813162e-07
0.000954	8.549307966191163e-08	-8.549307966191163e-08	-8.549307966191136e-08
0.0009549999999999999	6.975432476833947e-08	-6.975432476833947e-08	-6.975432476833926e-08
0.0009559999999999999	5.3740281422626524e-08	-5.3740281422626524e-08	-5.374028142262631e-08
0.000957	3.751414973773651e-08	-3.751414973773651e-08	-3.75141497377363e-08
0.000958	2.1139966842416325e-08	-2.1139966842416325e-08	-2.1139966842416113e-08
0.000959	4.682354155901048e-09	-4.682354155901048e-09	-4.6823541559008366e-09
0.0009599999999999999	-1.1793737643299585e-08	1.1793737643299585e-08	1.1793737643299797e-08
0.0009609999999999999	-2.8223284948072356e-08	2.8223284948072356e-08	2.8223284948072462e-08
0.000962	-4.45414478411474e-08	4.45414478411474e-08	4.454144784114756e-08
0.000963	-6.068382598864541e-08	6.068382598864541e-08	6.068382598864557e-08
0.0009639999999999999	-7.65867127987668e-08	7.65867127987668e-08	7.65867127987669e-08
0.0009649999999999999	-9.218734684261222e-08	9.218734684261222e-08	9.218734684261232e-08
0.000966	-1.0742415954486521e-07	1.0742415954486521e-07	1.0742415954486532e-07
0.000967	-1.2223701816682475e-07	1.2223701816682475e-07	1.222370181668248e-07
0.000968	-1.3656746312286138e-07	1.3656746312286138e-07	1.3656746312286143e-07
0.0009689999999999999	-1.5035893869368509e-07	1.5035893869368509e-07	1.503589386936851e-07
0.0009699999999999999	-1.6355701622595625e-07	1.6355701622595625e-07	1.6355701622595625e-07
0.000971	-1.7610960893727638e-07	1.7610960893727638e-07	1.7610960893727643e-07
0.000972	-1.8796717747894825e-07	1.8796717747894825e-07	1.8796717747894828e-07
0.0009729999999999999	-1.990829254451423e-07	1.990829254451423e-07	1.9908292544514226e-07
0.0009739999999999999	-2.0941298405694165e-07	2.0941298405694165e-07	2.094129840569416e-07
0.000975	-2.1891658529236354e-07	2.1891658529236354e-07	2.1891658529236348e-07
0.000976	-2.2755622277911077e-07	2.2755622277911077e-07	2.2755622277911069e-07
0.000977	-2.35297799815098e-07	2.35297799815098e-07	2.352977998150979e-07
0.000978	-2.4211076393254797e-07	2.4211076393254797e-07	2.4211076393254786e-07
0.000979	-2.4796822747465285e-07	2.4796822747465285e-07	2.4796822747465274e-07
0.00098	-2.528470737088157e-07	2.528470737088157e-07	2.528470737088156e-07
0.0009809999999999999	-2.5672804805789026e-07	2.5672804805789026e-07	2.5672804805789005e-07
0.000982	-2.595958340891719e-07	2.595958340891719e-07	2.5959583408917176e-07
0.000983	-2.61439113961356e-07	2.61439113961356e-07	2.6143911396135577e-07
0.0009839999999999998	-2.622506130909047e-07	2.622506130909047e-07	2.6225061309090443e-07
0.000985	-2.6202712886149755e-07	2.6202712886149755e-07	2.6202712886149734e-07
0.000986	-2.607695432632767e-07	2.607695432632767e-07	2.6076954326327643e-07
0.000987	-2.5848281941207034e-07	2.5848281941207034e-07	2.584828194120701e-07
0.000988	-2.5517598196220965e-07	2.5517598196220965e-07	2.5517598196220944e-07
0.0009889999999999999	-2.5086208149036123e-07	2.5086208149036123e-07	2.50862081490361e-07
0.00099	-2.455581429908579e-07	2.455581429908579e-07	2.4555814299085757e-07
0.000991	-2.392850986858079e-07	2.392850986858079e-07	2.392850986858076e-07
0.000992	-2.3206770541521362e-07	2.3206770541521362e-07	2.3206770541521335e-07
0.000993	-2.2393444693299157e-07	2.2393444693299157e-07	2.2393444693299126e-07
0.0009939999999999999	-2.1491742149464266e-07	2.1491742149464266e-07	2.1491742149464237e-07
0.000995	-2.0505221518008682e-07	2.0505221518008682e-07	2.0505221518008658e-07
0.000996	-1.943777614516583e-07	1.943777614516583e-07	1.9437776145165803e-07
0.000997	-1.8293618750153473e-07	1.8293618750153473e-07	1.8293618750153446e-07
0.000998	-1.7077264799493555e-07	1.7077264799493555e-07	1.7077264799493528e-07
0.0009989999999999999	-1.5793514686530214e-07	1.5793514686530214e-07	1.5793514686530182e-07
0.001	-1.4447434786469683e-07	1.4447434786469683e-07	1.4447434786469656e-07
