0.002	4.908635750568339e-12	-4.908635750568339e-12	-4.908635750568339e-12
0.004	1.4730956182325877e-11	-1.4730956182325877e-11	-1.4730956182325877e-11
0.006	2.451968283122795e-11	-2.451968283122795e-11	-2.451968283122795e-11
0.008	3.4211763596318685e-11	-3.4211763596318685e-11	-3.4211763596318685e-11
0.01	4.376882676783653e-11	-4.376882676783653e-11	-4.376882676783653e-11
0.012	5.315315437919853e-11	-5.315315437919853e-11	-5.315315437919853e-11
0.014	6.232771077360709e-11	-6.232771077360709e-11	-6.232771077360709e-11
0.016	7.125628816841599e-11	-7.125628816841599e-11	-7.125628816841599e-11
0.018000000000000002	7.990364954772455e-11	-7.990364954772455e-11	-7.990364954772455e-11
0.02	8.823566772677372e-11	-8.823566772677372e-11	-8.823566772677372e-11
0.022	9.621946003634795e-11	-9.621946003634795e-11	-9.621946003634795e-11
0.024	1.0382351809564776e-10	-1.0382351809564776e-10	-1.0382351809564776e-10
0.026000000000000002	1.1101783216147789e-10	-1.1101783216147789e-10	-1.1101783216147789e-10
0.028	1.1777400956299012e-10	-1.1777400956299012e-10	-1.1777400956299012e-10
0.03	1.2406538675458324e-10	-1.2406538675458324e-10	-1.2406538675458324e-10
0.032	1.2986713454474052e-10	-1.2986713454474052e-10	-1.2986713454474052e-10
0.034	1.3515635608549978e-10	-1.3515635608549978e-10	-1.3515635608549978e-10
0.036000000000000004	1.3991217723585457e-10	-1.3991217723585457e-10	-1.3991217723585457e-10
0.038	1.4411582894245346e-10	-1.4411582894245346e-10	-1.4411582894245346e-10
0.04	1.4775072131247645e-10	-1.4775072131247645e-10	-1.4775072131247645e-10
0.042	1.5080250908636242e-10	-1.5080250908636242e-10	-1.5080250908636242e-10
0.044	1.5325914825199695e-10	-1.5325914825199695e-10	-1.5325914825199695e-10
0.046	1.5511094357692656e-10	-1.5511094357692656e-10	-1.5511094357692656e-10
0.048	1.5635058687100702e-10	-1.5635058687100702e-10	-1.5635058687100702e-10
0.05	1.5697318582849565e-10	-1.5697318582849565e-10	-1.5697318582849565e-10
0.052000000000000005	1.5697628333574738e-10	-1.5697628333574738e-10	-1.5697628333574738e-10
0.054	1.5635986716831404e-10	-1.5635986716831404e-10	-1.5635986716831404e-10
0.056	1.551263700391967e-10	-1.551263700391967e-10	-1.551263700391967e-10
0.058	1.5328065999803147e-10	-1.5328065999803147e-10	-1.5328065999803147e-10
0.06	1.5083002121912585e-10	-1.5083002121912585e-10	-1.5083002121912585e-10
0.062	1.477841252541514e-10	-1.477841252541514e-10	-1.477841252541514e-10
0.064	1.441549928629431e-10	-1.441549928629431e-10	-1.441549928629431e-10
0.066	1.3995694657305592e-10	-1.3995694657305592e-10	-1.3995694657305592e-10
0.068	1.3520655415529252e-10	-1.3520655415529252e-10	-1.3520655415529252e-10
0.07	1.2992256323827554e-10	-1.2992256323827554e-10	-1.2992256323827554e-10
0.07200000000000001	1.241258273201324e-10	-1.241258273201324e-10	-1.241258273201324e-10
0.074	1.1783922346925124e-10	-1.1783922346925124e-10	-1.1783922346925124e-10
0.076	1.1108756203895881e-10	-1.1108756203895881e-10	-1.1108756203895881e-10
0.078	1.0389748875237755e-10	-1.0389748875237755e-10	-1.0389748875237755e-10
0.08	9.629737954393777e-11	-9.629737954393777e-11	-9.629737954393777e-11
0.082	8.831722857252638e-11	-8.831722857252638e-11	-8.831722857252638e-11
0.084	7.998852984824267e-11	-7.998852984824267e-11	-7.998852984824267e-11
0.08600000000000001	7.134415293993138e-11	-7.134415293993138e-11	-7.134415293993138e-11
0.088	6.241821325400897e-11	-6.241821325400897e-11	-6.241821325400897e-11
0.09	5.32459373965426e-11	-5.32459373965426e-11	-5.32459373965426e-11
0.092	4.386352414992652e-11	-4.386352414992652e-11	-4.386352414992652e-11
0.094	3.4308001612829564e-11	-3.4308001612829564e-11	-3.4308001612829564e-11
0.096	2.461708106720039e-11	-2.461708106720039e-11	-2.461708106720039e-11
0.098	1.482900814907458e-11	-1.482900814907458e-11	-1.482900814907458e-11
0.1	4.982411910514142e-12	-4.982411910514142e-12	-4.982411910514142e-12
0.10200000000000001	-4.883847631610757e-12	4.883847631610757e-12	4.883847631610757e-12
0.10400000000000001	-1.473083285835051e-11	1.473083285835051e-11	1.473083285835051e-11
0.106	-2.4519682217676656e-11	2.4519682217676656e-11	2.4519682217676656e-11
0.108	-3.4211763593265975e-11	3.4211763593265975e-11	3.4211763593265975e-11
0.11	-4.376882676782123e-11	4.376882676782123e-11	4.376882676782123e-11
0.112	-5.315315437919853e-11	5.315315437919853e-11	5.315315437919853e-11
0.114	-6.232771077360791e-11	6.232771077360791e-11	6.232771077360791e-11
0.116	-7.125628816841599e-11	7.125628816841599e-11	7.125628816841599e-11
0.11800000000000001	-7.990364954772414e-11	7.990364954772414e-11	7.990364954772414e-11
0.12	-8.823566772677372e-11	8.823566772677372e-11	8.823566772677372e-11
0.122	-9.621946003634795e-11	9.621946003634795e-11	9.621946003634795e-11
0.124	-1.0382351809564776e-10	1.0382351809564776e-10	1.0382351809564776e-10
0.126	-1.1101783216147727e-10	1.1101783216147727e-10	1.1101783216147727e-10
0.128	-1.1777400956299094e-10	1.1777400956299094e-10	1.1777400956299094e-10
0.13	-1.2406538675458303e-10	1.2406538675458303e-10	1.2406538675458303e-10
0.132	-1.2986713454474134e-10	1.2986713454474134e-10	1.2986713454474134e-10
0.134	-1.3515635608549875e-10	1.3515635608549875e-10	1.3515635608549875e-10
0.136	-1.3991217723585602e-10	1.3991217723585602e-10	1.3991217723585602e-10
0.138	-1.4411582894245305e-10	1.4411582894245305e-10	1.4411582894245305e-10
0.14	-1.4775072131247542e-10	1.4775072131247542e-10	1.4775072131247542e-10
0.14200000000000002	-1.5080250908636345e-10	1.5080250908636345e-10	1.5080250908636345e-10
0.14400000000000002	-1.5325914825199643e-10	1.5325914825199643e-10	1.5325914825199643e-10
0.146	-1.5511094357692537e-10	1.5511094357692537e-10	1.5511094357692537e-10
0.148	-1.5635058687100596e-10	1.5635058687100596e-10	1.5635058687100596e-10
0.15	-1.5697318582849725e-10	1.5697318582849725e-10	1.5697318582849725e-10
0.152	-1.5697628333574627e-10	1.5697628333574627e-10	1.5697628333574627e-10
0.154	-1.5635986716831567e-10	1.5635986716831567e-10	1.5635986716831567e-10
0.156	-1.5512637003919567e-10	1.5512637003919567e-10	1.5512637003919567e-10
0.158	-1.532806599980326e-10	1.532806599980326e-10	1.532806599980326e-10
0.16	-1.5083002121912523e-10	1.5083002121912523e-10	1.5083002121912523e-10
0.162	-1.4778412525415254e-10	1.4778412525415254e-10	1.4778412525415254e-10
0.164	-1.4415499286294206e-10	1.4415499286294206e-10	1.4415499286294206e-10
0.166	-1.3995694657305717e-10	1.3995694657305717e-10	1.3995694657305717e-10
0.168	-1.3520655415529127e-10	1.3520655415529127e-10	1.3520655415529127e-10
0.17	-1.2992256323827575e-10	1.2992256323827575e-10	1.2992256323827575e-10
0.17200000000000001	-1.2412582732013344e-10	1.2412582732013344e-10	1.2412582732013344e-10
0.17400000000000002	-1.1783922346925103e-10	1.1783922346925103e-10	1.1783922346925103e-10
0.176	-1.110875620389584e-10	1.110875620389584e-10	1.110875620389584e-10
0.178	-1.0389748875237673e-10	1.0389748875237673e-10	1.0389748875237673e-10
0.18	-9.62973795439386e-11	9.62973795439386e-11	9.62973795439386e-11
0.182	-8.831722857252555e-11	8.831722857252555e-11	8.831722857252555e-11
0.184	-7.99885298482435e-11	7.99885298482435e-11	7.99885298482435e-11
0.186	-7.134415293993055e-11	7.134415293993055e-11	7.134415293993055e-11
0.188	-6.24182132540098e-11	6.24182132540098e-11	6.24182132540098e-11
0.19	-5.324593739654219e-11	5.324593739654219e-11	5.324593739654219e-11
0.192	-4.386352414992652e-11	4.386352414992652e-11	4.386352414992652e-11
0.194	-3.430800161282915e-11	3.430800161282915e-11	3.430800161282915e-11
0.196	-2.4617081067199975e-11	2.4617081067199975e-11	2.4617081067199975e-11
0.198	-1.4829008149074992e-11	1.4829008149074992e-11	1.4829008149074992e-11
0.2	-4.982411910514142e-12	4.982411910514142e-12	4.982411910514142e-12
0.202	4.883847631610757e-12	-4.883847631610757e-12	-4.883847631610757e-12
0.20400000000000001	1.473083285835051e-11	-1.473083285835051e-11	-1.473083285835051e-11
0.20600000000000002	2.451968221767707e-11	-2.451968221767707e-11	-2.451968221767707e-11
0.20800000000000002	3.4211763593265975e-11	-3.4211763593265975e-11	-3.4211763593265975e-11
0.21	4.3768826767820815e-11	-4.3768826767820815e-11	-4.3768826767820815e-11
0.212	5.315315437919853e-11	-5.315315437919853e-11	-5.315315437919853e-11
0.214	6.232771077360791e-11	-6.232771077360791e-11	-6.232771077360791e-11
0.216	7.125628816841557e-11	-7.125628816841557e-11	-7.125628816841557e-11
0.218	7.990364954772497e-11	-7.990364954772497e-11	-7.990364954772497e-11
0.22	8.823566772677372e-11	-8.823566772677372e-11	-8.823566772677372e-11
0.222	9.621946003634836e-11	-9.621946003634836e-11	-9.621946003634836e-11
0.224	1.0382351809564734e-10	-1.0382351809564734e-10	-1.0382351809564734e-10
0.226	1.1101783216147707e-10	-1.1101783216147707e-10	-1.1101783216147707e-10
0.228	1.1777400956299115e-10	-1.1777400956299115e-10	-1.1777400956299115e-10
0.23	1.2406538675458283e-10	-1.2406538675458283e-10	-1.2406538675458283e-10
0.232	1.2986713454474134e-10	-1.2986713454474134e-10	-1.2986713454474134e-10
0.234	1.3515635608549875e-10	-1.3515635608549875e-10	-1.3515635608549875e-10
0.23600000000000002	1.3991217723585602e-10	-1.3991217723585602e-10	-1.3991217723585602e-10
0.23800000000000002	1.4411582894245284e-10	-1.4411582894245284e-10	-1.4411582894245284e-10
0.24	1.477507213124753e-10	-1.477507213124753e-10	-1.477507213124753e-10
0.242	1.5080250908636138e-10	-1.5080250908636138e-10	-1.5080250908636138e-10
0.244	1.532591482519985e-10	-1.532591482519985e-10	-1.532591482519985e-10
0.246	1.5511094357692537e-10	-1.5511094357692537e-10	-1.5511094357692537e-10
0.248	1.5635058687100813e-10	-1.5635058687100813e-10	-1.5635058687100813e-10
0.25	1.569731858284951e-10	-1.569731858284951e-10	-1.569731858284951e-10
0.252	1.5697628333574627e-10	-1.5697628333574627e-10	-1.5697628333574627e-10
0.254	1.5635986716831564e-10	-1.5635986716831564e-10	-1.5635986716831564e-10
0.256	1.5512637003919779e-10	-1.5512637003919779e-10	-1.5512637003919779e-10
0.258	1.5328065999803033e-10	-1.5328065999803033e-10	-1.5328065999803033e-10
0.26	1.5083002121912533e-10	-1.5083002121912533e-10	-1.5083002121912533e-10
0.262	1.4778412525415037e-10	-1.4778412525415037e-10	-1.4778412525415037e-10
0.264	1.44154992862946e-10	-1.44154992862946e-10	-1.44154992862946e-10
0.266	1.399569465730553e-10	-1.399569465730553e-10	-1.399569465730553e-10
0.268	1.352065541552917e-10	-1.352065541552917e-10	-1.352065541552917e-10
0.27	1.2992256323827554e-10	-1.2992256323827554e-10	-1.2992256323827554e-10
0.272	1.241258273201349e-10	-1.241258273201349e-10	-1.241258273201349e-10
0.274	1.1783922346925124e-10	-1.1783922346925124e-10	-1.1783922346925124e-10
0.276	1.1108756203895799e-10	-1.1108756203895799e-10	-1.1108756203895799e-10
0.278	1.0389748875237673e-10	-1.0389748875237673e-10	-1.0389748875237673e-10
0.28	9.629737954393736e-11	-9.629737954393736e-11	-9.629737954393736e-11
0.28200000000000003	8.831722857252845e-11	-8.831722857252845e-11	-8.831722857252845e-11
0.28400000000000003	7.998852984824226e-11	-7.998852984824226e-11	-7.998852984824226e-11
0.28600000000000003	7.134415293993055e-11	-7.134415293993055e-11	-7.134415293993055e-11
0.28800000000000003	6.241821325400897e-11	-6.241821325400897e-11	-6.241821325400897e-11
0.29	5.32459373965426e-11	-5.32459373965426e-11	-5.32459373965426e-11
0.292	4.386352414992652e-11	-4.386352414992652e-11	-4.386352414992652e-11
0.294	3.4308001612829564e-11	-3.4308001612829564e-11	-3.4308001612829564e-11
0.296	2.4617081067200802e-11	-2.4617081067200802e-11	-2.4617081067200802e-11
0.298	1.4829008149075406e-11	-1.4829008149075406e-11	-1.4829008149075406e-11
0.3	4.982411910514142e-12	-4.982411910514142e-12	-4.982411910514142e-12
0.302	-4.883847631610757e-12	4.883847631610757e-12	4.883847631610757e-12
0.304	-1.4730832858350096e-11	1.4730832858350096e-11	1.4730832858350096e-11
0.306	-2.4519682217676243e-11	2.4519682217676243e-11	2.4519682217676243e-11
0.308	-3.42117635932668e-11	3.42117635932668e-11	3.42117635932668e-11
0.31	-4.3768826767820815e-11	4.3768826767820815e-11	4.3768826767820815e-11
0.312	-5.315315437919812e-11	5.315315437919812e-11	5.315315437919812e-11
0.314	-6.23277107736075e-11	6.23277107736075e-11	6.23277107736075e-11
0.316	-7.125628816841764e-11	7.125628816841764e-11	7.125628816841764e-11
0.318	-7.990364954772414e-11	7.990364954772414e-11	7.990364954772414e-11
0.32	-8.82356677267733e-11	8.82356677267733e-11	8.82356677267733e-11
0.322	-9.621946003634712e-11	9.621946003634712e-11	9.621946003634712e-11
0.324	-1.0382351809565024e-10	1.0382351809565024e-10	1.0382351809565024e-10
0.326	-1.1101783216147707e-10	1.1101783216147707e-10	1.1101783216147707e-10
0.328	-1.177740095629895e-10	1.177740095629895e-10	1.177740095629895e-10
0.33	-1.2406538675458262e-10	1.2406538675458262e-10	1.2406538675458262e-10
0.332	-1.298671345447434e-10	1.298671345447434e-10	1.298671345447434e-10
0.334	-1.3515635608549896e-10	1.3515635608549896e-10	1.3515635608549896e-10
0.336	-1.3991217723585395e-10	1.3991217723585395e-10	1.3991217723585395e-10
0.338	-1.4411582894245295e-10	1.4411582894245295e-10	1.4411582894245295e-10
0.34	-1.477507213124752e-10	1.477507213124752e-10	1.477507213124752e-10
0.342	-1.5080250908636573e-10	1.5080250908636573e-10	1.5080250908636573e-10
0.34400000000000003	-1.5325914825199633e-10	1.5325914825199633e-10	1.5325914825199633e-10
0.34600000000000003	-1.5511094357692547e-10	1.5511094357692547e-10	1.5511094357692547e-10
0.34800000000000003	-1.563505868710059e-10	1.563505868710059e-10	1.563505868710059e-10
0.35000000000000003	-1.569731858284995e-10	1.569731858284995e-10	1.569731858284995e-10
0.352	-1.5697628333574185e-10	1.5697628333574185e-10	1.5697628333574185e-10
0.354	-1.5635986716831347e-10	1.5635986716831347e-10	1.5635986716831347e-10
0.356	-1.5512637003919572e-10	1.5512637003919572e-10	1.5512637003919572e-10
0.358	-1.5328065999803468e-10	1.5328065999803468e-10	1.5328065999803468e-10
0.36	-1.5083002121912543e-10	1.5083002121912543e-10	1.5083002121912543e-10
0.362	-1.4778412525415037e-10	1.4778412525415037e-10	1.4778412525415037e-10
0.364	-1.4415499286294216e-10	1.4415499286294216e-10	1.4415499286294216e-10
0.366	-1.399569465730555e-10	1.399569465730555e-10	1.399569465730555e-10
0.368	-1.352065541552952e-10	1.352065541552952e-10	1.352065541552952e-10
0.37	-1.2992256323827575e-10	1.2992256323827575e-10	1.2992256323827575e-10
0.372	-1.2412582732013137e-10	1.2412582732013137e-10	1.2412582732013137e-10
0.374	-1.1783922346925145e-10	1.1783922346925145e-10	1.1783922346925145e-10
0.376	-1.110875620389613e-10	1.110875620389613e-10	1.110875620389613e-10
0.378	-1.0389748875237673e-10	1.0389748875237673e-10	1.0389748875237673e-10
0.38	-9.629737954393736e-11	9.629737954393736e-11	9.629737954393736e-11
0.382	-8.831722857252597e-11	8.831722857252597e-11	8.831722857252597e-11
0.384	-7.998852984824432e-11	7.998852984824432e-11	7.998852984824432e-11
0.386	-7.134415293993055e-11	7.134415293993055e-11	7.134415293993055e-11
0.388	-6.241821325400897e-11	6.241821325400897e-11	6.241821325400897e-11
0.39	-5.32459373965426e-11	5.32459373965426e-11	5.32459373965426e-11
0.392	-4.386352414992611e-11	4.386352414992611e-11	4.386352414992611e-11
0.394	-3.430800161283039e-11	3.430800161283039e-11	3.430800161283039e-11
0.396	-2.461708106720039e-11	2.461708106720039e-11	2.461708106720039e-11
0.398	-1.482900814907458e-11	1.482900814907458e-11	1.482900814907458e-11
0.4	-4.982411910514142e-12	4.982411910514142e-12	4.982411910514142e-12
0.402	4.883847631610757e-12	-4.883847631610757e-12	-4.883847631610757e-12
0.404	1.4730832858350923e-11	-1.4730832858350923e-11	-1.4730832858350923e-11
0.406	2.4519682217676656e-11	-2.4519682217676656e-11	-2.4519682217676656e-11
0.40800000000000003	3.4211763593265975e-11	-3.4211763593265975e-11	-3.4211763593265975e-11
0.41000000000000003	4.376882676782247e-11	-4.376882676782247e-11	-4.376882676782247e-11
0.41200000000000003	5.315315437919812e-11	-5.315315437919812e-11	-5.315315437919812e-11
0.41400000000000003	6.232771077360791e-11	-6.232771077360791e-11	-6.232771077360791e-11
0.41600000000000004	7.125628816841599e-11	-7.125628816841599e-11	-7.125628816841599e-11
0.418	7.990364954772166e-11	-7.990364954772166e-11	-7.990364954772166e-11
0.42	8.823566772677579e-11	-8.823566772677579e-11	-8.823566772677579e-11
0.422	9.621946003634712e-11	-9.621946003634712e-11	-9.621946003634712e-11
0.424	1.0382351809564693e-10	-1.0382351809564693e-10	-1.0382351809564693e-10
0.426	1.1101783216147707e-10	-1.1101783216147707e-10	-1.1101783216147707e-10
0.428	1.177740095629926e-10	-1.177740095629926e-10	-1.177740095629926e-10
0.43	1.2406538675458283e-10	-1.2406538675458283e-10	-1.2406538675458283e-10
0.432	1.298671345447397e-10	-1.298671345447397e-10	-1.298671345447397e-10
0.434	1.3515635608549854e-10	-1.3515635608549854e-10	-1.3515635608549854e-10
0.436	1.3991217723585767e-10	-1.3991217723585767e-10	-1.3991217723585767e-10
0.438	1.4411582894245284e-10	-1.4411582894245284e-10	-1.4411582894245284e-10
0.44	1.477507213124753e-10	-1.477507213124753e-10	-1.477507213124753e-10
0.442	1.5080250908636128e-10	-1.5080250908636128e-10	-1.5080250908636128e-10
0.444	1.5325914825200067e-10	-1.5325914825200067e-10	-1.5325914825200067e-10
0.446	1.5511094357692542e-10	-1.5511094357692542e-10	-1.5511094357692542e-10
0.448	1.563505868710059e-10	-1.563505868710059e-10	-1.563505868710059e-10
0.45	1.5697318582849508e-10	-1.5697318582849508e-10	-1.5697318582849508e-10
0.452	1.569762833357463e-10	-1.569762833357463e-10	-1.569762833357463e-10
0.454	1.5635986716831784e-10	-1.5635986716831784e-10	-1.5635986716831784e-10
0.456	1.5512637003919561e-10	-1.5512637003919561e-10	-1.5512637003919561e-10
0.458	1.5328065999803033e-10	-1.5328065999803033e-10	-1.5328065999803033e-10
0.46	1.5083002121912533e-10	-1.5083002121912533e-10	-1.5083002121912533e-10
0.462	1.477841252541544e-10	-1.477841252541544e-10	-1.477841252541544e-10
0.464	1.4415499286294185e-10	-1.4415499286294185e-10	-1.4415499286294185e-10
0.466	1.399569465730551e-10	-1.399569465730551e-10	-1.399569465730551e-10
0.468	1.352065541552917e-10	-1.352065541552917e-10	-1.352065541552917e-10
0.47000000000000003	1.2992256323827926e-10	-1.2992256323827926e-10	-1.2992256323827926e-10
0.47200000000000003	1.2412582732013137e-10	-1.2412582732013137e-10	-1.2412582732013137e-10
0.47400000000000003	1.1783922346925103e-10	-1.1783922346925103e-10	-1.1783922346925103e-10
0.47600000000000003	1.1108756203895757e-10	-1.1108756203895757e-10	-1.1108756203895757e-10
0.47800000000000004	1.0389748875237673e-10	-1.0389748875237673e-10	-1.0389748875237673e-10
0.48	9.629737954393736e-11	-9.629737954393736e-11	-9.629737954393736e-11
0.482	8.831722857252597e-11	-8.831722857252597e-11	-8.831722857252597e-11
0.484	7.998852984824226e-11	-7.998852984824226e-11	-7.998852984824226e-11
0.486	7.134415293993097e-11	-7.134415293993097e-11	-7.134415293993097e-11
0.488	6.241821325401103e-11	-6.241821325401103e-11	-6.241821325401103e-11
0.49	5.32459373965426e-11	-5.32459373965426e-11	-5.32459373965426e-11
0.492	4.386352414992611e-11	-4.386352414992611e-11	-4.386352414992611e-11
0.494	3.430800161282915e-11	-3.430800161282915e-11	-3.430800161282915e-11
0.496	2.461708106720163e-11	-2.461708106720163e-11	-2.461708106720163e-11
0.498	1.482900814907458e-11	-1.482900814907458e-11	-1.482900814907458e-11
0.5	4.982411910514142e-12	-4.982411910514142e-12	-4.982411910514142e-12
0.502	-4.8838476316103435e-12	4.8838476316103435e-12	4.8838476316103435e-12
0.504	-1.473083285835051e-11	1.473083285835051e-11	1.473083285835051e-11
0.506	-2.451968221767707e-11	2.451968221767707e-11	2.451968221767707e-11
0.508	-3.4211763593265975e-11	3.4211763593265975e-11	3.4211763593265975e-11
0.51	-4.376882676782247e-11	4.376882676782247e-11	4.376882676782247e-11
0.512	-5.315315437919812e-11	5.315315437919812e-11	5.315315437919812e-11
0.514	-6.232771077360791e-11	6.232771077360791e-11	6.232771077360791e-11
0.516	-7.125628816841557e-11	7.125628816841557e-11	7.125628816841557e-11
0.518	-7.990364954772373e-11	7.990364954772373e-11	7.990364954772373e-11
0.52	-8.82356677267733e-11	8.82356677267733e-11	8.82356677267733e-11
0.522	-9.621946003634712e-11	9.621946003634712e-11	9.621946003634712e-11
0.524	-1.0382351809564755e-10	1.0382351809564755e-10	1.0382351809564755e-10
0.526	-1.1101783216148348e-10	1.1101783216148348e-10	1.1101783216148348e-10
0.528	-1.177740095629895e-10	1.177740095629895e-10	1.177740095629895e-10
0.53	-1.2406538675458262e-10	1.2406538675458262e-10	1.2406538675458262e-10
0.532	-1.298671345447397e-10	1.298671345447397e-10	1.298671345447397e-10
0.534	-1.3515635608549875e-10	1.3515635608549875e-10	1.3515635608549875e-10
0.536	-1.3991217723585395e-10	1.3991217723585395e-10	1.3991217723585395e-10
0.538	-1.4411582894245284e-10	1.4411582894245284e-10	1.4411582894245284e-10
0.54	-1.477507213124752e-10	1.477507213124752e-10	1.477507213124752e-10
0.542	-1.5080250908636128e-10	1.5080250908636128e-10	1.5080250908636128e-10
0.544	-1.5325914825200502e-10	1.5325914825200502e-10	1.5325914825200502e-10
0.546	-1.5511094357692552e-10	1.5511094357692552e-10	1.5511094357692552e-10
0.548	-1.5635058687100583e-10	1.5635058687100583e-10	1.5635058687100583e-10
0.55	-1.569731858284951e-10	1.569731858284951e-10	1.569731858284951e-10
0.552	-1.5697628333574624e-10	1.5697628333574624e-10	1.5697628333574624e-10
0.554	-1.563598671683135e-10	1.563598671683135e-10	1.563598671683135e-10
0.556	-1.5512637003919567e-10	1.5512637003919567e-10	1.5512637003919567e-10
0.558	-1.5328065999803044e-10	1.5328065999803044e-10	1.5328065999803044e-10
0.56	-1.5083002121912523e-10	1.5083002121912523e-10	1.5083002121912523e-10
0.562	-1.4778412525415864e-10	1.4778412525415864e-10	1.4778412525415864e-10
0.5640000000000001	-1.4415499286294175e-10	1.4415499286294175e-10	1.4415499286294175e-10
0.5660000000000001	-1.399569465730551e-10	1.399569465730551e-10	1.399569465730551e-10
0.5680000000000001	-1.3520655415529127e-10	1.3520655415529127e-10	1.3520655415529127e-10
0.5700000000000001	-1.2992256323827534e-10	1.2992256323827534e-10	1.2992256323827534e-10
0.5720000000000001	-1.2412582732013137e-10	1.2412582732013137e-10	1.2412582732013137e-10
0.5740000000000001	-1.1783922346925124e-10	1.1783922346925124e-10	1.1783922346925124e-10
0.5760000000000001	-1.1108756203895799e-10	1.1108756203895799e-10	1.1108756203895799e-10
0.578	-1.0389748875237673e-10	1.0389748875237673e-10	1.0389748875237673e-10
0.58	-9.629737954393736e-11	9.629737954393736e-11	9.629737954393736e-11
0.582	-8.831722857252597e-11	8.831722857252597e-11	8.831722857252597e-11
0.584	-7.998852984824226e-11	7.998852984824226e-11	7.998852984824226e-11
0.586	-7.134415293993097e-11	7.134415293993097e-11	7.134415293993097e-11
0.588	-6.241821325400897e-11	6.241821325400897e-11	6.241821325400897e-11
0.59	-5.3245937396543016e-11	5.3245937396543016e-11	5.3245937396543016e-11
0.592	-4.3863524149926935e-11	4.3863524149926935e-11	4.3863524149926935e-11
0.594	-3.4308001612829564e-11	3.4308001612829564e-11	3.4308001612829564e-11
0.596	-2.4617081067202457e-11	2.4617081067202457e-11	2.4617081067202457e-11
0.598	-1.482900814907458e-11	1.482900814907458e-11	1.482900814907458e-11
0.6	-4.982411910514142e-12	4.982411910514142e-12	4.982411910514142e-12
0.602	4.8838476316103435e-12	-4.8838476316103435e-12	-4.8838476316103435e-12
0.604	1.473083285835051e-11	-1.473083285835051e-11	-1.473083285835051e-11
0.606	2.451968221767583e-11	-2.451968221767583e-11	-2.451968221767583e-11
0.608	3.421176359326556e-11	-3.421176359326556e-11	-3.421176359326556e-11
0.61	4.37688267678204e-11	-4.37688267678204e-11	-4.37688267678204e-11
0.612	5.3153154379197704e-11	-5.3153154379197704e-11	-5.3153154379197704e-11
0.614	6.232771077361081e-11	-6.232771077361081e-11	-6.232771077361081e-11
0.616	7.125628816841557e-11	-7.125628816841557e-11	-7.125628816841557e-11
0.618	7.990364954772414e-11	-7.990364954772414e-11	-7.990364954772414e-11
0.62	8.82356677267733e-11	-8.82356677267733e-11	-8.82356677267733e-11
0.622	9.621946003634712e-11	-9.621946003634712e-11	-9.621946003634712e-11
0.624	1.0382351809564734e-10	-1.0382351809564734e-10	-1.0382351809564734e-10
0.626	1.1101783216147727e-10	-1.1101783216147727e-10	-1.1101783216147727e-10
0.628	1.1777400956298887e-10	-1.1777400956298887e-10	-1.1777400956298887e-10
0.63	1.2406538675458986e-10	-1.2406538675458986e-10	-1.2406538675458986e-10
0.632	1.2986713454473948e-10	-1.2986713454473948e-10	-1.2986713454473948e-10
0.634	1.3515635608549896e-10	-1.3515635608549896e-10	-1.3515635608549896e-10
0.636	1.3991217723585395e-10	-1.3991217723585395e-10	-1.3991217723585395e-10
0.638	1.4411582894245295e-10	-1.4411582894245295e-10	-1.4411582894245295e-10
0.64	1.477507213124753e-10	-1.477507213124753e-10	-1.477507213124753e-10
0.642	1.5080250908636128e-10	-1.5080250908636128e-10	-1.5080250908636128e-10
0.644	1.5325914825199633e-10	-1.5325914825199633e-10	-1.5325914825199633e-10
0.646	1.5511094357692542e-10	-1.5511094357692542e-10	-1.5511094357692542e-10
0.648	1.5635058687101462e-10	-1.5635058687101462e-10	-1.5635058687101462e-10
0.65	1.5697318582849513e-10	-1.5697318582849513e-10	-1.5697318582849513e-10
0.652	1.569762833357463e-10	-1.569762833357463e-10	-1.569762833357463e-10
0.654	1.5635986716831342e-10	-1.5635986716831342e-10	-1.5635986716831342e-10
0.656	1.5512637003919572e-10	-1.5512637003919572e-10	-1.5512637003919572e-10
0.658	1.5328065999803033e-10	-1.5328065999803033e-10	-1.5328065999803033e-10
0.66	1.5083002121912523e-10	-1.5083002121912523e-10	-1.5083002121912523e-10
0.662	1.4778412525415047e-10	-1.4778412525415047e-10	-1.4778412525415047e-10
0.664	1.4415499286295002e-10	-1.4415499286295002e-10	-1.4415499286295002e-10
0.666	1.399569465730551e-10	-1.399569465730551e-10	-1.399569465730551e-10
0.668	1.3520655415529127e-10	-1.3520655415529127e-10	-1.3520655415529127e-10
0.67	1.2992256323827534e-10	-1.2992256323827534e-10	-1.2992256323827534e-10
0.672	1.2412582732013137e-10	-1.2412582732013137e-10	-1.2412582732013137e-10
0.674	1.1783922346925103e-10	-1.1783922346925103e-10	-1.1783922346925103e-10
0.676	1.1108756203895778e-10	-1.1108756203895778e-10	-1.1108756203895778e-10
0.678	1.0389748875237673e-10	-1.0389748875237673e-10	-1.0389748875237673e-10
0.68	9.629737954393736e-11	-9.629737954393736e-11	-9.629737954393736e-11
0.682	8.831722857253093e-11	-8.831722857253093e-11	-8.831722857253093e-11
0.684	7.998852984824226e-11	-7.998852984824226e-11	-7.998852984824226e-11
0.686	7.134415293993055e-11	-7.134415293993055e-11	-7.134415293993055e-11
0.6880000000000001	6.241821325400897e-11	-6.241821325400897e-11	-6.241821325400897e-11
0.6900000000000001	5.324593739654219e-11	-5.324593739654219e-11	-5.324593739654219e-11
0.6920000000000001	4.386352414992611e-11	-4.386352414992611e-11	-4.386352414992611e-11
0.6940000000000001	3.430800161282915e-11	-3.430800161282915e-11	-3.430800161282915e-11
0.6960000000000001	2.4617081067199975e-11	-2.4617081067199975e-11	-2.4617081067199975e-11
0.6980000000000001	1.4829008149074992e-11	-1.4829008149074992e-11	-1.4829008149074992e-11
0.7000000000000001	4.982411910514142e-12	-4.982411910514142e-12	-4.982411910514142e-12
0.7020000000000001	-4.883847631610757e-12	4.883847631610757e-12	4.883847631610757e-12
0.704	-1.4730832858349682e-11	1.4730832858349682e-11	1.4730832858349682e-11
0.706	-2.451968221767583e-11	2.451968221767583e-11	2.451968221767583e-11
0.708	-3.421176359326556e-11	3.421176359326556e-11	3.421176359326556e-11
0.71	-4.376882676781999e-11	4.376882676781999e-11	4.376882676781999e-11
0.712	-5.315315437919812e-11	5.315315437919812e-11	5.315315437919812e-11
0.714	-6.232771077360667e-11	6.232771077360667e-11	6.232771077360667e-11
0.716	-7.125628816841888e-11	7.125628816841888e-11	7.125628816841888e-11
0.718	-7.990364954772414e-11	7.990364954772414e-11	7.990364954772414e-11
0.72	-8.82356677267733e-11	8.82356677267733e-11	8.82356677267733e-11
0.722	-9.621946003634712e-11	9.621946003634712e-11	9.621946003634712e-11
0.724	-1.0382351809564693e-10	1.0382351809564693e-10	1.0382351809564693e-10
0.726	-1.1101783216147748e-10	1.1101783216147748e-10	1.1101783216147748e-10
0.728	-1.1777400956298908e-10	1.1777400956298908e-10	1.1777400956298908e-10
0.73	-1.2406538675458262e-10	1.2406538675458262e-10	1.2406538675458262e-10
0.732	-1.298671345447397e-10	1.298671345447397e-10	1.298671345447397e-10
0.734	-1.35156356085506e-10	1.35156356085506e-10	1.35156356085506e-10
0.736	-1.3991217723585395e-10	1.3991217723585395e-10	1.3991217723585395e-10
0.738	-1.4411582894245284e-10	1.4411582894245284e-10	1.4411582894245284e-10
0.74	-1.477507213124753e-10	1.477507213124753e-10	1.477507213124753e-10
0.742	-1.5080250908636118e-10	1.5080250908636118e-10	1.5080250908636118e-10
0.744	-1.5325914825199643e-10	1.5325914825199643e-10	1.5325914825199643e-10
0.746	-1.5511094357692542e-10	1.5511094357692542e-10	1.5511094357692542e-10
0.748	-1.563505868710058e-10	1.563505868710058e-10	1.563505868710058e-10
0.75	-1.5697318582849505e-10	1.5697318582849505e-10	1.5697318582849505e-10
0.752	-1.569762833357551e-10	1.569762833357551e-10	1.569762833357551e-10
0.754	-1.5635986716831352e-10	1.5635986716831352e-10	1.5635986716831352e-10
0.756	-1.5512637003919572e-10	1.5512637003919572e-10	1.5512637003919572e-10
0.758	-1.5328065999803023e-10	1.5328065999803023e-10	1.5328065999803023e-10
0.76	-1.5083002121912523e-10	1.5083002121912523e-10	1.5083002121912523e-10
0.762	-1.4778412525415037e-10	1.4778412525415037e-10	1.4778412525415037e-10
0.764	-1.4415499286294206e-10	1.4415499286294206e-10	1.4415499286294206e-10
0.766	-1.399569465730553e-10	1.399569465730553e-10	1.399569465730553e-10
0.768	-1.3520655415529913e-10	1.3520655415529913e-10	1.3520655415529913e-10
0.77	-1.2992256323827534e-10	1.2992256323827534e-10	1.2992256323827534e-10
0.772	-1.2412582732013137e-10	1.2412582732013137e-10	1.2412582732013137e-10
0.774	-1.1783922346925083e-10	1.1783922346925083e-10	1.1783922346925083e-10
0.776	-1.1108756203895799e-10	1.1108756203895799e-10	1.1108756203895799e-10
0.778	-1.0389748875237673e-10	1.0389748875237673e-10	1.0389748875237673e-10
0.78	-9.629737954393736e-11	9.629737954393736e-11	9.629737954393736e-11
0.782	-8.831722857252597e-11	8.831722857252597e-11	8.831722857252597e-11
0.784	-7.998852984824226e-11	7.998852984824226e-11	7.998852984824226e-11
0.786	-7.134415293993469e-11	7.134415293993469e-11	7.134415293993469e-11
0.788	-6.241821325400897e-11	6.241821325400897e-11	6.241821325400897e-11
0.79	-5.324593739654219e-11	5.324593739654219e-11	5.324593739654219e-11
0.792	-4.3863524149925694e-11	4.3863524149925694e-11	4.3863524149925694e-11
0.794	-3.430800161282915e-11	3.430800161282915e-11	3.430800161282915e-11
0.796	-2.4617081067199975e-11	2.4617081067199975e-11	2.4617081067199975e-11
0.798	-1.4829008149074992e-11	1.4829008149074992e-11	1.4829008149074992e-11
0.8	-4.982411910514142e-12	4.982411910514142e-12	4.982411910514142e-12
0.802	4.883847631610757e-12	-4.883847631610757e-12	-4.883847631610757e-12
0.804	1.4730832858350923e-11	-1.4730832858350923e-11	-1.4730832858350923e-11
0.806	2.4519682217676656e-11	-2.4519682217676656e-11	-2.4519682217676656e-11
0.808	3.4211763593265975e-11	-3.4211763593265975e-11	-3.4211763593265975e-11
0.81	4.376882676782123e-11	-4.376882676782123e-11	-4.376882676782123e-11
0.812	5.315315437919853e-11	-5.315315437919853e-11	-5.315315437919853e-11
0.8140000000000001	6.23277107736075e-11	-6.23277107736075e-11	-6.23277107736075e-11
0.8160000000000001	7.125628816841557e-11	-7.125628816841557e-11	-7.125628816841557e-11
0.8180000000000001	7.990364954772414e-11	-7.990364954772414e-11	-7.990364954772414e-11
0.8200000000000001	8.823566772677868e-11	-8.823566772677868e-11	-8.823566772677868e-11
0.8220000000000001	9.621946003634712e-11	-9.621946003634712e-11	-9.621946003634712e-11
0.8240000000000001	1.0382351809564776e-10	-1.0382351809564776e-10	-1.0382351809564776e-10
0.8260000000000001	1.1101783216147727e-10	-1.1101783216147727e-10	-1.1101783216147727e-10
0.8280000000000001	1.177740095629895e-10	-1.177740095629895e-10	-1.177740095629895e-10
0.8300000000000001	1.2406538675458283e-10	-1.2406538675458283e-10	-1.2406538675458283e-10
0.8320000000000001	1.298671345447399e-10	-1.298671345447399e-10	-1.298671345447399e-10
0.834	1.351563560854911e-10	-1.351563560854911e-10	-1.351563560854911e-10
0.836	1.3991217723585354e-10	-1.3991217723585354e-10	-1.3991217723585354e-10
0.838	1.441158289424609e-10	-1.441158289424609e-10	-1.441158289424609e-10
0.84	1.4775072131247542e-10	-1.4775072131247542e-10	-1.4775072131247542e-10
0.842	1.5080250908636118e-10	-1.5080250908636118e-10	-1.5080250908636118e-10
0.844	1.5325914825199643e-10	-1.5325914825199643e-10	-1.5325914825199643e-10
0.846	1.5511094357692542e-10	-1.5511094357692542e-10	-1.5511094357692542e-10
0.848	1.5635058687100585e-10	-1.5635058687100585e-10	-1.5635058687100585e-10
0.85	1.5697318582849508e-10	-1.5697318582849508e-10	-1.5697318582849508e-10
0.852	1.569762833357463e-10	-1.569762833357463e-10	-1.569762833357463e-10
0.854	1.563598671683222e-10	-1.563598671683222e-10	-1.563598671683222e-10
0.856	1.5512637003919572e-10	-1.5512637003919572e-10	-1.5512637003919572e-10
0.858	1.5328065999803044e-10	-1.5328065999803044e-10	-1.5328065999803044e-10
0.86	1.5083002121912523e-10	-1.5083002121912523e-10	-1.5083002121912523e-10
0.862	1.4778412525415047e-10	-1.4778412525415047e-10	-1.4778412525415047e-10
0.864	1.4415499286294185e-10	-1.4415499286294185e-10	-1.4415499286294185e-10
0.866	1.399569465730555e-10	-1.399569465730555e-10	-1.399569465730555e-10
0.868	1.352065541552917e-10	-1.352065541552917e-10	-1.352065541552917e-10
0.87	1.2992256323827596e-10	-1.2992256323827596e-10	-1.2992256323827596e-10
0.872	1.241258273201386e-10	-1.241258273201386e-10	-1.241258273201386e-10
0.874	1.1783922346925124e-10	-1.1783922346925124e-10	-1.1783922346925124e-10
0.876	1.1108756203895799e-10	-1.1108756203895799e-10	-1.1108756203895799e-10
0.878	1.0389748875237673e-10	-1.0389748875237673e-10	-1.0389748875237673e-10
0.88	9.629737954393736e-11	-9.629737954393736e-11	-9.629737954393736e-11
0.882	8.831722857252638e-11	-8.831722857252638e-11	-8.831722857252638e-11
0.884	7.998852984824184e-11	-7.998852984824184e-11	-7.998852984824184e-11
0.886	7.134415293993138e-11	-7.134415293993138e-11	-7.134415293993138e-11
0.888	6.241821325401269e-11	-6.241821325401269e-11	-6.241821325401269e-11
0.89	5.324593739654219e-11	-5.324593739654219e-11	-5.324593739654219e-11
0.892	4.386352414992611e-11	-4.386352414992611e-11	-4.386352414992611e-11
0.894	3.430800161282915e-11	-3.430800161282915e-11	-3.430800161282915e-11
0.896	2.4617081067199975e-11	-2.4617081067199975e-11	-2.4617081067199975e-11
0.898	1.4829008149074992e-11	-1.4829008149074992e-11	-1.4829008149074992e-11
0.9	4.982411910514142e-12	-4.982411910514142e-12	-4.982411910514142e-12
0.902	-4.8838476316103435e-12	4.8838476316103435e-12	4.8838476316103435e-12
0.904	-1.473083285835051e-11	1.473083285835051e-11	1.473083285835051e-11
0.906	-2.4519682217677897e-11	2.4519682217677897e-11	2.4519682217677897e-11
0.908	-3.4211763593265975e-11	3.4211763593265975e-11	3.4211763593265975e-11
0.91	-4.3768826767820815e-11	4.3768826767820815e-11	4.3768826767820815e-11
0.912	-5.315315437919853e-11	5.315315437919853e-11	5.315315437919853e-11
0.914	-6.232771077360709e-11	6.232771077360709e-11	6.232771077360709e-11
0.916	-7.125628816841557e-11	7.125628816841557e-11	7.125628816841557e-11
0.918	-7.990364954772373e-11	7.990364954772373e-11	7.990364954772373e-11
0.92	-8.82356677267733e-11	8.82356677267733e-11	8.82356677267733e-11
0.922	-9.621946003634712e-11	9.621946003634712e-11	9.621946003634712e-11
0.924	-1.0382351809565293e-10	1.0382351809565293e-10	1.0382351809565293e-10
0.926	-1.110178321614781e-10	1.110178321614781e-10	1.110178321614781e-10
0.928	-1.177740095629895e-10	1.177740095629895e-10	1.177740095629895e-10
0.93	-1.2406538675458262e-10	1.2406538675458262e-10	1.2406538675458262e-10
0.932	-1.298671345447399e-10	1.298671345447399e-10	1.298671345447399e-10
0.934	-1.3515635608549875e-10	1.3515635608549875e-10	1.3515635608549875e-10
0.936	-1.3991217723585395e-10	1.3991217723585395e-10	1.3991217723585395e-10
0.9380000000000001	-1.4411582894245295e-10	1.4411582894245295e-10	1.4411582894245295e-10
0.9400000000000001	-1.477507213124838e-10	1.477507213124838e-10	1.477507213124838e-10
0.9420000000000001	-1.5080250908636138e-10	1.5080250908636138e-10	1.5080250908636138e-10
0.9440000000000001	-1.5325914825199643e-10	1.5325914825199643e-10	1.5325914825199643e-10
0.9460000000000001	-1.5511094357692552e-10	1.5511094357692552e-10	1.5511094357692552e-10
0.9480000000000001	-1.5635058687100588e-10	1.5635058687100588e-10	1.5635058687100588e-10
0.9500000000000001	-1.569731858284951e-10	1.569731858284951e-10	1.569731858284951e-10
0.9520000000000001	-1.5697628333574627e-10	1.5697628333574627e-10	1.5697628333574627e-10
0.9540000000000001	-1.5635986716831347e-10	1.5635986716831347e-10	1.5635986716831347e-10
0.9560000000000001	-1.5512637003919567e-10	1.5512637003919567e-10	1.5512637003919567e-10
0.9580000000000001	-1.5328065999803892e-10	1.5328065999803892e-10	1.5328065999803892e-10
0.96	-1.5083002121911665e-10	1.5083002121911665e-10	1.5083002121911665e-10
0.962	-1.4778412525415047e-10	1.4778412525415047e-10	1.4778412525415047e-10
0.964	-1.4415499286294206e-10	1.4415499286294206e-10	1.4415499286294206e-10
0.966	-1.399569465730553e-10	1.399569465730553e-10	1.399569465730553e-10
0.968	-1.3520655415529148e-10	1.3520655415529148e-10	1.3520655415529148e-10
0.97	-1.2992256323827596e-10	1.2992256323827596e-10	1.2992256323827596e-10
0.972	-1.2412582732013179e-10	1.2412582732013179e-10	1.2412582732013179e-10
0.974	-1.1783922346925165e-10	1.1783922346925165e-10	1.1783922346925165e-10
0.976	-1.1108756203896398e-10	1.1108756203896398e-10	1.1108756203896398e-10
0.978	-1.0389748875237714e-10	1.0389748875237714e-10	1.0389748875237714e-10
0.98	-9.629737954393777e-11	9.629737954393777e-11	9.629737954393777e-11
0.982	-8.831722857252597e-11	8.831722857252597e-11	8.831722857252597e-11
0.984	-7.998852984824226e-11	7.998852984824226e-11	7.998852984824226e-11
0.986	-7.134415293993138e-11	7.134415293993138e-11	7.134415293993138e-11
0.988	-6.241821325400938e-11	6.241821325400938e-11	6.241821325400938e-11
0.99	-5.3245937396543016e-11	5.3245937396543016e-11	5.3245937396543016e-11
0.992	-4.3863524149929e-11	4.3863524149929e-11	4.3863524149929e-11
0.994	-3.4308001612828737e-11	3.4308001612828737e-11	3.4308001612828737e-11
0.996	-2.461708106720039e-11	2.461708106720039e-11	2.461708106720039e-11
0.998	-1.4829008149074992e-11	1.4829008149074992e-11	1.4829008149074992e-11
1.0	-4.982411910514142e-12	4.982411910514142e-12	4.982411910514142e-12
1.002	4.8838476316103435e-12	-4.8838476316103435e-12	-4.8838476316103435e-12
1.004	1.473083285835051e-11	-1.473083285835051e-11	-1.473083285835051e-11
1.006	2.451968221767583e-11	-2.451968221767583e-11	-2.451968221767583e-11
1.008	3.421176359326556e-11	-3.421176359326556e-11	-3.421176359326556e-11
1.01	4.3768826767822883e-11	-4.3768826767822883e-11	-4.3768826767822883e-11
1.012	5.315315437919853e-11	-5.315315437919853e-11	-5.315315437919853e-11
1.014	6.232771077360709e-11	-6.232771077360709e-11	-6.232771077360709e-11
1.016	7.125628816841557e-11	-7.125628816841557e-11	-7.125628816841557e-11
1.018	7.990364954772373e-11	-7.990364954772373e-11	-7.990364954772373e-11
1.02	8.823566772677827e-11	-8.823566772677827e-11	-8.823566772677827e-11
1.022	9.621946003634174e-11	-9.621946003634174e-11	-9.621946003634174e-11
1.024	1.0382351809565334e-10	-1.0382351809565334e-10	-1.0382351809565334e-10
1.026	1.1101783216147128e-10	-1.1101783216147128e-10	-1.1101783216147128e-10
1.028	1.177740095629959e-10	-1.177740095629959e-10	-1.177740095629959e-10
1.03	1.240653867545758e-10	-1.240653867545758e-10	-1.240653867545758e-10
1.032	1.2986713454474693e-10	-1.2986713454474693e-10	-1.2986713454474693e-10
1.034	1.351563560854913e-10	-1.351563560854913e-10	-1.351563560854913e-10
1.036	1.399121772358618e-10	-1.399121772358618e-10	-1.399121772358618e-10
1.038	1.4411582894246111e-10	-1.4411582894246111e-10	-1.4411582894246111e-10
1.04	1.4775072131246714e-10	-1.4775072131246714e-10	-1.4775072131246714e-10
1.042	1.5080250908636966e-10	-1.5080250908636966e-10	-1.5080250908636966e-10
1.044	1.5325914825198775e-10	-1.5325914825198775e-10	-1.5325914825198775e-10
1.046	1.5511094357693416e-10	-1.5511094357693416e-10	-1.5511094357693416e-10
1.048	1.5635058687099712e-10	-1.5635058687099712e-10	-1.5635058687099712e-10
1.05	1.5697318582850387e-10	-1.5697318582850387e-10	-1.5697318582850387e-10
1.052	1.5697628333575513e-10	-1.5697628333575513e-10	-1.5697628333575513e-10
1.054	1.5635986716830468e-10	-1.5635986716830468e-10	-1.5635986716830468e-10
1.056	1.5512637003920435e-10	-1.5512637003920435e-10	-1.5512637003920435e-10
1.058	1.532806599980216e-10	-1.532806599980216e-10	-1.532806599980216e-10
1.06	1.508300212191336e-10	-1.508300212191336e-10	-1.508300212191336e-10
1.062	1.47784125254142e-10	-1.47784125254142e-10	-1.47784125254142e-10
1.064	1.4415499286294992e-10	-1.4415499286294992e-10	-1.4415499286294992e-10
1.066	1.3995694657304703e-10	-1.3995694657304703e-10	-1.3995694657304703e-10
1.068	1.3520655415529893e-10	-1.3520655415529893e-10	-1.3520655415529893e-10
1.07	1.2992256323828237e-10	-1.2992256323828237e-10	-1.2992256323828237e-10
1.072	1.2412582732012414e-10	-1.2412582732012414e-10	-1.2412582732012414e-10
1.074	1.1783922346925765e-10	-1.1783922346925765e-10	-1.1783922346925765e-10
1.076	1.1108756203895137e-10	-1.1108756203895137e-10	-1.1108756203895137e-10
1.078	1.038974887523821e-10	-1.038974887523821e-10	-1.038974887523821e-10
1.08	9.629737954393157e-11	-9.629737954393157e-11	-9.629737954393157e-11
1.082	8.831722857253052e-11	-8.831722857253052e-11	-8.831722857253052e-11
1.084	7.998852984823771e-11	-7.998852984823771e-11	-7.998852984823771e-11
1.086	7.13441529399351e-11	-7.13441529399351e-11	-7.13441529399351e-11
1.088	6.241821325401228e-11	-6.241821325401228e-11	-6.241821325401228e-11
1.09	5.324593739653971e-11	-5.324593739653971e-11	-5.324593739653971e-11
1.092	4.386352414992859e-11	-4.386352414992859e-11	-4.386352414992859e-11
1.094	3.430800161282667e-11	-3.430800161282667e-11	-3.430800161282667e-11
1.096	2.461708106720163e-11	-2.461708106720163e-11	-2.461708106720163e-11
1.098	1.482900814907375e-11	-1.482900814907375e-11	-1.482900814907375e-11
1.1	4.982411910514142e-12	-4.982411910514142e-12	-4.982411910514142e-12
1.102	-4.8838476316103435e-12	4.8838476316103435e-12	4.8838476316103435e-12
1.104	-1.4730832858351336e-11	1.4730832858351336e-11	1.4730832858351336e-11
1.106	-2.4519682217677897e-11	2.4519682217677897e-11	2.4519682217677897e-11
1.108	-3.421176359326432e-11	3.421176359326432e-11	3.421176359326432e-11
1.11	-4.376882676782371e-11	4.376882676782371e-11	4.376882676782371e-11
1.112	-5.3153154379195636e-11	5.3153154379195636e-11	5.3153154379195636e-11
1.114	-6.232771077361081e-11	6.232771077361081e-11	6.232771077361081e-11
1.116	-7.125628816841144e-11	7.125628816841144e-11	7.125628816841144e-11
1.118	-7.990364954772869e-11	7.990364954772869e-11	7.990364954772869e-11
1.12	-8.823566772676834e-11	8.823566772676834e-11	8.823566772676834e-11
1.122	-9.62194600363525e-11	9.62194600363525e-11	9.62194600363525e-11
1.124	-1.0382351809565376e-10	1.0382351809565376e-10	1.0382351809565376e-10
1.1260000000000001	-1.1101783216147128e-10	1.1101783216147128e-10	1.1101783216147128e-10
1.1280000000000001	-1.1777400956299632e-10	1.1777400956299632e-10	1.1777400956299632e-10
1.1300000000000001	-1.24065386754576e-10	1.24065386754576e-10	1.24065386754576e-10
1.1320000000000001	-1.2986713454474693e-10	1.2986713454474693e-10	1.2986713454474693e-10
1.1340000000000001	-1.351563560854915e-10	1.351563560854915e-10	1.351563560854915e-10
1.1360000000000001	-1.3991217723586202e-10	1.3991217723586202e-10	1.3991217723586202e-10
1.1380000000000001	-1.4411582894244498e-10	1.4411582894244498e-10	1.4411582894244498e-10
1.1400000000000001	-1.4775072131248358e-10	1.4775072131248358e-10	1.4775072131248358e-10
1.1420000000000001	-1.5080250908637007e-10	1.5080250908637007e-10	1.5080250908637007e-10
1.1440000000000001	-1.5325914825198785e-10	1.5325914825198785e-10	1.5325914825198785e-10
1.1460000000000001	-1.551109435769342e-10	1.551109435769342e-10	1.551109435769342e-10
1.1480000000000001	-1.5635058687099725e-10	1.5635058687099725e-10	1.5635058687099725e-10
1.1500000000000001	-1.5697318582850384e-10	1.5697318582850384e-10	1.5697318582850384e-10
1.1520000000000001	-1.569762833357375e-10	1.569762833357375e-10	1.569762833357375e-10
1.154	-1.563598671683046e-10	1.563598671683046e-10	1.563598671683046e-10
1.156	-1.551263700392044e-10	1.551263700392044e-10	1.551263700392044e-10
1.158	-1.5328065999802196e-10	1.5328065999802196e-10	1.5328065999802196e-10
1.16	-1.508300212191339e-10	1.508300212191339e-10	1.508300212191339e-10
1.162	-1.477841252541422e-10	1.477841252541422e-10	1.477841252541422e-10
1.164	-1.4415499286295013e-10	1.4415499286295013e-10	1.4415499286295013e-10
1.166	-1.3995694657304765e-10	1.3995694657304765e-10	1.3995694657304765e-10
1.168	-1.3520655415529913e-10	1.3520655415529913e-10	1.3520655415529913e-10
1.17	-1.299225632382685e-10	1.299225632382685e-10	1.299225632382685e-10
1.172	-1.2412582732013944e-10	1.2412582732013944e-10	1.2412582732013944e-10
1.174	-1.1783922346925786e-10	1.1783922346925786e-10	1.1783922346925786e-10
1.176	-1.110875620389522e-10	1.110875620389522e-10	1.110875620389522e-10
1.178	-1.0389748875238231e-10	1.0389748875238231e-10	1.0389748875238231e-10
1.18	-9.62973795439324e-11	9.62973795439324e-11	9.62973795439324e-11
1.182	-8.831722857253052e-11	8.831722857253052e-11	8.831722857253052e-11
1.184	-7.998852984823812e-11	7.998852984823812e-11	7.998852984823812e-11
1.186	-7.134415293993552e-11	7.134415293993552e-11	7.134415293993552e-11
1.188	-6.241821325400607e-11	6.241821325400607e-11	6.241821325400607e-11
1.19	-5.32459373965455e-11	5.32459373965455e-11	5.32459373965455e-11
1.192	-4.3863524149929416e-11	4.3863524149929416e-11	4.3863524149929416e-11
1.194	-3.4308001612827496e-11	3.4308001612827496e-11	3.4308001612827496e-11
1.196	-2.4617081067202043e-11	2.4617081067202043e-11	2.4617081067202043e-11
1.198	-1.4829008149074165e-11	1.4829008149074165e-11	1.4829008149074165e-11
1.2	-4.9824119105149696e-12	4.9824119105149696e-12	4.9824119105149696e-12
1.202	4.88384763160993e-12	-4.88384763160993e-12	-4.88384763160993e-12
1.204	1.4730832858350923e-11	-1.4730832858350923e-11	-1.4730832858350923e-11
1.206	2.4519682217674175e-11	-2.4519682217674175e-11	-2.4519682217674175e-11
1.208	3.4211763593267216e-11	-3.4211763593267216e-11	-3.4211763593267216e-11
1.21	4.37688267678233e-11	-4.37688267678233e-11	-4.37688267678233e-11
1.212	5.315315437919522e-11	-5.315315437919522e-11	-5.315315437919522e-11
1.214	6.232771077361081e-11	-6.232771077361081e-11	-6.232771077361081e-11
1.216	7.125628816841144e-11	-7.125628816841144e-11	-7.125628816841144e-11
1.218	7.990364954772828e-11	-7.990364954772828e-11	-7.990364954772828e-11
1.22	8.823566772676834e-11	-8.823566772676834e-11	-8.823566772676834e-11
1.222	9.621946003635208e-11	-9.621946003635208e-11	-9.621946003635208e-11
1.224	1.0382351809564093e-10	-1.0382351809564093e-10	-1.0382351809564093e-10
1.226	1.1101783216148306e-10	-1.1101783216148306e-10	-1.1101783216148306e-10
1.228	1.177740095629955e-10	-1.177740095629955e-10	-1.177740095629955e-10
1.23	1.240653867545758e-10	-1.240653867545758e-10	-1.240653867545758e-10
1.232	1.2986713454474693e-10	-1.2986713454474693e-10	-1.2986713454474693e-10
1.234	1.351563560854911e-10	-1.351563560854911e-10	-1.351563560854911e-10
1.236	1.399121772358618e-10	-1.399121772358618e-10	-1.399121772358618e-10
1.238	1.4411582894244467e-10	-1.4411582894244467e-10	-1.4411582894244467e-10
1.24	1.4775072131248348e-10	-1.4775072131248348e-10	-1.4775072131248348e-10
1.242	1.5080250908636976e-10	-1.5080250908636976e-10	-1.5080250908636976e-10
1.244	1.5325914825198775e-10	-1.5325914825198775e-10	-1.5325914825198775e-10
1.246	1.5511094357693416e-10	-1.5511094357693416e-10	-1.5511094357693416e-10
1.248	1.5635058687099714e-10	-1.5635058687099714e-10	-1.5635058687099714e-10
1.25	1.5697318582850384e-10	-1.5697318582850384e-10	-1.5697318582850384e-10
1.252	1.569762833357375e-10	-1.569762833357375e-10	-1.569762833357375e-10
1.254	1.5635986716832218e-10	-1.5635986716832218e-10	-1.5635986716832218e-10
1.256	1.5512637003918703e-10	-1.5512637003918703e-10	-1.5512637003918703e-10
1.258	1.5328065999803897e-10	-1.5328065999803897e-10	-1.5328065999803897e-10
1.26	1.508300212191338e-10	-1.508300212191338e-10	-1.508300212191338e-10
1.262	1.47784125254142e-10	-1.47784125254142e-10	-1.47784125254142e-10
1.264	1.4415499286295033e-10	-1.4415499286295033e-10	-1.4415499286295033e-10
1.266	1.3995694657304724e-10	-1.3995694657304724e-10	-1.3995694657304724e-10
1.268	1.3520655415529872e-10	-1.3520655415529872e-10	-1.3520655415529872e-10
1.27	1.299225632382685e-10	-1.299225632382685e-10	-1.299225632382685e-10
1.272	1.241258273201386e-10	-1.241258273201386e-10	-1.241258273201386e-10
1.274	1.1783922346924462e-10	-1.1783922346924462e-10	-1.1783922346924462e-10
1.276	1.1108756203896419e-10	-1.1108756203896419e-10	-1.1108756203896419e-10
1.278	1.0389748875238293e-10	-1.0389748875238293e-10	-1.0389748875238293e-10
1.28	9.629737954393157e-11	-9.629737954393157e-11	-9.629737954393157e-11
1.282	8.831722857253093e-11	-8.831722857253093e-11	-8.831722857253093e-11
1.284	7.998852984823771e-11	-7.998852984823771e-11	-7.998852984823771e-11
1.286	7.13441529399351e-11	-7.13441529399351e-11	-7.13441529399351e-11
1.288	6.241821325400566e-11	-6.241821325400566e-11	-6.241821325400566e-11
1.29	5.32459373965455e-11	-5.32459373965455e-11	-5.32459373965455e-11
1.292	4.386352414992404e-11	-4.386352414992404e-11	-4.386352414992404e-11
1.294	3.430800161283163e-11	-3.430800161283163e-11	-3.430800161283163e-11
1.296	2.4617081067202043e-11	-2.4617081067202043e-11	-2.4617081067202043e-11
1.298	1.482900814907375e-11	-1.482900814907375e-11	-1.482900814907375e-11
1.3	4.982411910514142e-12	-4.982411910514142e-12	-4.982411910514142e-12
1.302	-4.8838476316103435e-12	4.8838476316103435e-12	4.8838476316103435e-12
1.304	-1.4730832858351336e-11	1.4730832858351336e-11	1.4730832858351336e-11
1.306	-2.4519682217674588e-11	2.4519682217674588e-11	2.4519682217674588e-11
1.308	-3.421176359326763e-11	3.421176359326763e-11	3.421176359326763e-11
1.31	-4.376882676781792e-11	4.376882676781792e-11	4.376882676781792e-11
1.312	-5.315315437920101e-11	5.315315437920101e-11	5.315315437920101e-11
1.314	-6.232771077361081e-11	6.232771077361081e-11	6.232771077361081e-11
1.316	-7.125628816841185e-11	7.125628816841185e-11	7.125628816841185e-11
1.318	-7.990364954772869e-11	7.990364954772869e-11	7.990364954772869e-11
1.32	-8.823566772676875e-11	8.823566772676875e-11	8.823566772676875e-11
1.322	-9.62194600363525e-11	9.62194600363525e-11	9.62194600363525e-11
1.324	-1.0382351809564135e-10	1.0382351809564135e-10	1.0382351809564135e-10
1.326	-1.1101783216148368e-10	1.1101783216148368e-10	1.1101783216148368e-10
1.328	-1.177740095629961e-10	1.177740095629961e-10	1.177740095629961e-10
1.33	-1.240653867545762e-10	1.240653867545762e-10	1.240653867545762e-10
1.332	-1.2986713454474713e-10	1.2986713454474713e-10	1.2986713454474713e-10
1.334	-1.351563560854915e-10	1.351563560854915e-10	1.351563560854915e-10
1.336	-1.399121772358618e-10	1.399121772358618e-10	1.399121772358618e-10
1.338	-1.4411582894244498e-10	1.4411582894244498e-10	1.4411582894244498e-10
1.34	-1.4775072131248358e-10	1.4775072131248358e-10	1.4775072131248358e-10
1.342	-1.508025090863529e-10	1.508025090863529e-10	1.508025090863529e-10
1.344	-1.532591482520048e-10	1.532591482520048e-10	1.532591482520048e-10
1.346	-1.551109435769343e-10	1.551109435769343e-10	1.551109435769343e-10
1.348	-1.563505868709972e-10	1.563505868709972e-10	1.563505868709972e-10
1.35	-1.5697318582850387e-10	1.5697318582850387e-10	1.5697318582850387e-10
1.352	-1.5697628333573748e-10	1.5697628333573748e-10	1.5697628333573748e-10
1.354	-1.5635986716832213e-10	1.5635986716832213e-10	1.5635986716832213e-10
1.356	-1.5512637003918688e-10	1.5512637003918688e-10	1.5512637003918688e-10
1.358	-1.5328065999803892e-10	1.5328065999803892e-10	1.5328065999803892e-10
1.36	-1.5083002121911675e-10	1.5083002121911675e-10	1.5083002121911675e-10
1.362	-1.4778412525415864e-10	1.4778412525415864e-10	1.4778412525415864e-10
1.364	-1.4415499286295002e-10	1.4415499286295002e-10	1.4415499286295002e-10
1.366	-1.3995694657304703e-10	1.3995694657304703e-10	1.3995694657304703e-10
1.368	-1.3520655415529872e-10	1.3520655415529872e-10	1.3520655415529872e-10
1.37	-1.299225632382681e-10	1.299225632382681e-10	1.299225632382681e-10
1.372	-1.24125827320138e-10	1.24125827320138e-10	1.24125827320138e-10
1.374	-1.1783922346924462e-10	1.1783922346924462e-10	1.1783922346924462e-10
1.3760000000000001	-1.1108756203896419e-10	1.1108756203896419e-10	1.1108756203896419e-10
1.3780000000000001	-1.0389748875237052e-10	1.0389748875237052e-10	1.0389748875237052e-10
1.3800000000000001	-9.629737954394315e-11	9.629737954394315e-11	9.629737954394315e-11
1.3820000000000001	-8.831722857253052e-11	8.831722857253052e-11	8.831722857253052e-11
1.3840000000000001	-7.99885298482373e-11	7.99885298482373e-11	7.99885298482373e-11
1.3860000000000001	-7.134415293993469e-11	7.134415293993469e-11	7.134415293993469e-11
1.3880000000000001	-6.241821325400524e-11	6.241821325400524e-11	6.241821325400524e-11
1.3900000000000001	-5.324593739654467e-11	5.324593739654467e-11	5.324593739654467e-11
1.3920000000000001	-4.386352414992445e-11	4.386352414992445e-11	4.386352414992445e-11
1.3940000000000001	-3.4308001612830805e-11	3.4308001612830805e-11	3.4308001612830805e-11
1.3960000000000001	-2.4617081067198734e-11	2.4617081067198734e-11	2.4617081067198734e-11
1.3980000000000001	-1.482900814907582e-11	1.482900814907582e-11	1.482900814907582e-11
1.4000000000000001	-4.982411910513729e-12	4.982411910513729e-12	4.982411910513729e-12
1.4020000000000001	4.883847631610757e-12	-4.883847631610757e-12	-4.883847631610757e-12
1.4040000000000001	1.473083285835175e-11	-1.473083285835175e-11	-1.473083285835175e-11
1.4060000000000001	2.4519682217675415e-11	-2.4519682217675415e-11	-2.4519682217675415e-11
1.408	3.421176359326391e-11	-3.421176359326391e-11	-3.421176359326391e-11
1.41	4.3768826767817507e-11	-4.3768826767817507e-11	-4.3768826767817507e-11
1.412	5.31531543792006e-11	-5.31531543792006e-11	-5.31531543792006e-11
1.414	6.23277107736104e-11	-6.23277107736104e-11	-6.23277107736104e-11
1.416	7.125628816841102e-11	-7.125628816841102e-11	-7.125628816841102e-11
1.418	7.990364954772869e-11	-7.990364954772869e-11	-7.990364954772869e-11
1.42	8.823566772676751e-11	-8.823566772676751e-11	-8.823566772676751e-11
1.422	9.62194600363525e-11	-9.62194600363525e-11	-9.62194600363525e-11
1.424	1.0382351809564135e-10	-1.0382351809564135e-10	-1.0382351809564135e-10
1.426	1.1101783216148306e-10	-1.1101783216148306e-10	-1.1101783216148306e-10
1.428	1.1777400956298226e-10	-1.1777400956298226e-10	-1.1777400956298226e-10
1.43	1.2406538675458903e-10	-1.2406538675458903e-10	-1.2406538675458903e-10
1.432	1.2986713454474713e-10	-1.2986713454474713e-10	-1.2986713454474713e-10
1.434	1.351563560854913e-10	-1.351563560854913e-10	-1.351563560854913e-10
1.436	1.399121772358616e-10	-1.399121772358616e-10	-1.399121772358616e-10
1.438	1.4411582894244467e-10	-1.4411582894244467e-10	-1.4411582894244467e-10
1.44	1.4775072131248358e-10	-1.4775072131248358e-10	-1.4775072131248358e-10
1.442	1.508025090863526e-10	-1.508025090863526e-10	-1.508025090863526e-10
1.444	1.532591482520047e-10	-1.532591482520047e-10	-1.532591482520047e-10
1.446	1.5511094357691668e-10	-1.5511094357691668e-10	-1.5511094357691668e-10
1.448	1.5635058687101451e-10	-1.5635058687101451e-10	-1.5635058687101451e-10
1.45	1.5697318582850395e-10	-1.5697318582850395e-10	-1.5697318582850395e-10
1.452	1.569762833357375e-10	-1.569762833357375e-10	-1.569762833357375e-10
1.454	1.563598671683222e-10	-1.563598671683222e-10	-1.563598671683222e-10
1.456	1.5512637003918693e-10	-1.5512637003918693e-10	-1.5512637003918693e-10
1.458	1.5328065999803897e-10	-1.5328065999803897e-10	-1.5328065999803897e-10
1.46	1.5083002121911685e-10	-1.5083002121911685e-10	-1.5083002121911685e-10
1.462	1.4778412525415895e-10	-1.4778412525415895e-10	-1.4778412525415895e-10
1.464	1.44154992862934e-10	-1.44154992862934e-10	-1.44154992862934e-10
1.466	1.3995694657306337e-10	-1.3995694657306337e-10	-1.3995694657306337e-10
1.468	1.3520655415529893e-10	-1.3520655415529893e-10	-1.3520655415529893e-10
1.47	1.299225632382685e-10	-1.299225632382685e-10	-1.299225632382685e-10
1.472	1.241258273201386e-10	-1.241258273201386e-10	-1.241258273201386e-10
1.474	1.1783922346924462e-10	-1.1783922346924462e-10	-1.1783922346924462e-10
1.476	1.110875620389644e-10	-1.110875620389644e-10	-1.110875620389644e-10
1.478	1.0389748875237176e-10	-1.0389748875237176e-10	-1.0389748875237176e-10
1.48	9.629737954394315e-11	-9.629737954394315e-11	-9.629737954394315e-11
1.482	8.831722857252142e-11	-8.831722857252142e-11	-8.831722857252142e-11
1.484	7.998852984824722e-11	-7.998852984824722e-11	-7.998852984824722e-11
1.486	7.13441529399351e-11	-7.13441529399351e-11	-7.13441529399351e-11
1.488	6.241821325400607e-11	-6.241821325400607e-11	-6.241821325400607e-11
1.49	5.3245937396545084e-11	-5.3245937396545084e-11	-5.3245937396545084e-11
1.492	4.386352414992404e-11	-4.386352414992404e-11	-4.386352414992404e-11
1.494	3.430800161283163e-11	-3.430800161283163e-11	-3.430800161283163e-11
1.496	2.461708106719956e-11	-2.461708106719956e-11	-2.461708106719956e-11
1.498	1.4829008149076646e-11	-1.4829008149076646e-11	-1.4829008149076646e-11
1.5	4.982411910514142e-12	-4.982411910514142e-12	-4.982411910514142e-12
1.502	-4.8838476316103435e-12	4.8838476316103435e-12	4.8838476316103435e-12
1.504	-1.4730832858351336e-11	1.4730832858351336e-11	1.4730832858351336e-11
1.506	-2.4519682217674588e-11	2.4519682217674588e-11	2.4519682217674588e-11
1.508	-3.421176359326763e-11	3.421176359326763e-11	3.421176359326763e-11
1.51	-4.3768826767818334e-11	4.3768826767818334e-11	4.3768826767818334e-11
1.512	-5.315315437920101e-11	5.315315437920101e-11	5.315315437920101e-11
1.514	-6.232771077360336e-11	6.232771077360336e-11	6.232771077360336e-11
1.516	-7.125628816841847e-11	7.125628816841847e-11	7.125628816841847e-11
1.518	-7.990364954772869e-11	7.990364954772869e-11	7.990364954772869e-11
1.52	-8.823566772676793e-11	8.823566772676793e-11	8.823566772676793e-11
1.522	-9.62194600363525e-11	9.62194600363525e-11	9.62194600363525e-11
1.524	-1.0382351809564114e-10	1.0382351809564114e-10	1.0382351809564114e-10
1.526	-1.1101783216148327e-10	1.1101783216148327e-10	1.1101783216148327e-10
1.528	-1.1777400956298308e-10	1.1777400956298308e-10	1.1777400956298308e-10
1.53	-1.2406538675458944e-10	1.2406538675458944e-10	1.2406538675458944e-10
1.532	-1.2986713454473224e-10	1.2986713454473224e-10	1.2986713454473224e-10
1.534	-1.35156356085506e-10	1.35156356085506e-10	1.35156356085506e-10
1.536	-1.399121772358618e-10	1.399121772358618e-10	1.399121772358618e-10
1.538	-1.4411582894244488e-10	1.4411582894244488e-10	1.4411582894244488e-10
1.54	-1.4775072131248358e-10	1.4775072131248358e-10	1.4775072131248358e-10
1.542	-1.508025090863528e-10	1.508025090863528e-10	1.508025090863528e-10
1.544	-1.532591482520048e-10	1.532591482520048e-10	1.532591482520048e-10
1.546	-1.5511094357691673e-10	1.5511094357691673e-10	1.5511094357691673e-10
1.548	-1.5635058687101456e-10	1.5635058687101456e-10	1.5635058687101456e-10
1.55	-1.569731858284863e-10	1.569731858284863e-10	1.569731858284863e-10
1.552	-1.5697628333575506e-10	1.5697628333575506e-10	1.5697628333575506e-10
1.554	-1.5635986716832233e-10	1.5635986716832233e-10	1.5635986716832233e-10
1.556	-1.5512637003918693e-10	1.5512637003918693e-10	1.5512637003918693e-10
1.558	-1.5328065999803892e-10	1.5328065999803892e-10	1.5328065999803892e-10
1.56	-1.5083002121911675e-10	1.5083002121911675e-10	1.5083002121911675e-10
1.562	-1.4778412525415864e-10	1.4778412525415864e-10	1.4778412525415864e-10
1.564	-1.441549928629341e-10	1.441549928629341e-10	1.441549928629341e-10
1.566	-1.3995694657306316e-10	1.3995694657306316e-10	1.3995694657306316e-10
1.568	-1.3520655415528404e-10	1.3520655415528404e-10	1.3520655415528404e-10
1.57	-1.2992256323828299e-10	1.2992256323828299e-10	1.2992256323828299e-10
1.572	-1.241258273201384e-10	1.241258273201384e-10	1.241258273201384e-10
1.574	-1.1783922346924441e-10	1.1783922346924441e-10	1.1783922346924441e-10
1.576	-1.1108756203896398e-10	1.1108756203896398e-10	1.1108756203896398e-10
1.578	-1.0389748875237052e-10	1.0389748875237052e-10	1.0389748875237052e-10
1.58	-9.629737954394315e-11	9.629737954394315e-11	9.629737954394315e-11
1.582	-8.8317228572521e-11	8.8317228572521e-11	8.8317228572521e-11
1.584	-7.998852984824639e-11	7.998852984824639e-11	7.998852984824639e-11
1.586	-7.134415293992724e-11	7.134415293992724e-11	7.134415293992724e-11
1.588	-6.241821325401269e-11	6.241821325401269e-11	6.241821325401269e-11
1.59	-5.3245937396545084e-11	5.3245937396545084e-11	5.3245937396545084e-11
1.592	-4.386352414992404e-11	4.386352414992404e-11	4.386352414992404e-11
1.594	-3.430800161283122e-11	3.430800161283122e-11	3.430800161283122e-11
1.596	-2.4617081067199148e-11	2.4617081067199148e-11	2.4617081067199148e-11
1.598	-1.482900814907582e-11	1.482900814907582e-11	1.482900814907582e-11
1.6	-4.982411910513729e-12	4.982411910513729e-12	4.982411910513729e-12
1.602	4.883847631610757e-12	-4.883847631610757e-12	-4.883847631610757e-12
1.604	1.4730832858351336e-11	-1.4730832858351336e-11	-1.4730832858351336e-11
1.606	2.4519682217675415e-11	-2.4519682217675415e-11	-2.4519682217675415e-11
1.608	3.4211763593268457e-11	-3.4211763593268457e-11	-3.4211763593268457e-11
1.61	4.3768826767818334e-11	-4.3768826767818334e-11	-4.3768826767818334e-11
1.612	5.315315437920184e-11	-5.315315437920184e-11	-5.315315437920184e-11
1.614	6.232771077360419e-11	-6.232771077360419e-11	-6.232771077360419e-11
1.616	7.12562881684193e-11	-7.12562881684193e-11	-7.12562881684193e-11
1.618	7.990364954771918e-11	-7.990364954771918e-11	-7.990364954771918e-11
1.62	8.823566772677868e-11	-8.823566772677868e-11	-8.823566772677868e-11
1.622	9.621946003635291e-11	-9.621946003635291e-11	-9.621946003635291e-11
1.624	1.0382351809564197e-10	-1.0382351809564197e-10	-1.0382351809564197e-10
1.6260000000000001	1.1101783216148368e-10	-1.1101783216148368e-10	-1.1101783216148368e-10
1.6280000000000001	1.1777400956298288e-10	-1.1777400956298288e-10	-1.1777400956298288e-10
1.6300000000000001	1.2406538675458986e-10	-1.2406538675458986e-10	-1.2406538675458986e-10
1.6320000000000001	1.2986713454473245e-10	-1.2986713454473245e-10	-1.2986713454473245e-10
1.6340000000000001	1.351563560855066e-10	-1.351563560855066e-10	-1.351563560855066e-10
1.6360000000000001	1.399121772358461e-10	-1.399121772358461e-10	-1.399121772358461e-10
1.6380000000000001	1.4411582894246132e-10	-1.4411582894246132e-10	-1.4411582894246132e-10
1.6400000000000001	1.477507213124839e-10	-1.477507213124839e-10	-1.477507213124839e-10
1.6420000000000001	1.50802509086353e-10	-1.50802509086353e-10	-1.50802509086353e-10
1.6440000000000001	1.532591482520049e-10	-1.532591482520049e-10	-1.532591482520049e-10
1.6460000000000001	1.5511094357691678e-10	-1.5511094357691678e-10	-1.5511094357691678e-10
1.6480000000000001	1.5635058687101464e-10	-1.5635058687101464e-10	-1.5635058687101464e-10
1.6500000000000001	1.5697318582848632e-10	-1.5697318582848632e-10	-1.5697318582848632e-10
1.6520000000000001	1.5697628333575506e-10	-1.5697628333575506e-10	-1.5697628333575506e-10
1.6540000000000001	1.5635986716830465e-10	-1.5635986716830465e-10	-1.5635986716830465e-10
1.6560000000000001	1.551263700392043e-10	-1.551263700392043e-10	-1.551263700392043e-10
1.6580000000000001	1.532806599980388e-10	-1.532806599980388e-10	-1.532806599980388e-10
1.6600000000000001	1.5083002121911665e-10	-1.5083002121911665e-10	-1.5083002121911665e-10
1.6620000000000001	1.4778412525415853e-10	-1.4778412525415853e-10	-1.4778412525415853e-10
1.6640000000000001	1.4415499286293358e-10	-1.4415499286293358e-10	-1.4415499286293358e-10
1.666	1.3995694657304745e-10	-1.3995694657304745e-10	-1.3995694657304745e-10
1.668	1.3520655415528404e-10	-1.3520655415528404e-10	-1.3520655415528404e-10
1.67	1.299225632382834e-10	-1.299225632382834e-10	-1.299225632382834e-10
1.672	1.2412582732012517e-10	-1.2412582732012517e-10	-1.2412582732012517e-10
1.674	1.1783922346925848e-10	-1.1783922346925848e-10	-1.1783922346925848e-10
1.676	1.1108756203896419e-10	-1.1108756203896419e-10	-1.1108756203896419e-10
1.678	1.0389748875237135e-10	-1.0389748875237135e-10	-1.0389748875237135e-10
1.68	9.629737954394274e-11	-9.629737954394274e-11	-9.629737954394274e-11
1.682	8.831722857252142e-11	-8.831722857252142e-11	-8.831722857252142e-11
1.684	7.998852984824763e-11	-7.998852984824763e-11	-7.998852984824763e-11
1.686	7.134415293992766e-11	-7.134415293992766e-11	-7.134415293992766e-11
1.688	6.24182132540131e-11	-6.24182132540131e-11	-6.24182132540131e-11
1.69	5.324593739654591e-11	-5.324593739654591e-11	-5.324593739654591e-11
1.692	4.386352414992445e-11	-4.386352414992445e-11	-4.386352414992445e-11
1.694	3.430800161283163e-11	-3.430800161283163e-11	-3.430800161283163e-11
1.696	2.461708106719956e-11	-2.461708106719956e-11	-2.461708106719956e-11
1.698	1.4829008149076646e-11	-1.4829008149076646e-11	-1.4829008149076646e-11
1.7	4.982411910514142e-12	-4.982411910514142e-12	-4.982411910514142e-12
1.702	-4.8838476316103435e-12	4.8838476316103435e-12	4.8838476316103435e-12
1.704	-1.4730832858348855e-11	1.4730832858348855e-11	1.4730832858348855e-11
1.706	-2.4519682217677483e-11	2.4519682217677483e-11	2.4519682217677483e-11
1.708	-3.421176359326763e-11	3.421176359326763e-11	3.421176359326763e-11
1.71	-4.376882676781792e-11	4.376882676781792e-11	4.376882676781792e-11
1.712	-5.315315437920101e-11	5.315315437920101e-11	5.315315437920101e-11
1.714	-6.232771077360378e-11	6.232771077360378e-11	6.232771077360378e-11
1.716	-7.125628816841847e-11	7.125628816841847e-11	7.125628816841847e-11
1.718	-7.990364954771876e-11	7.990364954771876e-11	7.990364954771876e-11
1.72	-8.823566772677827e-11	8.823566772677827e-11	8.823566772677827e-11
1.722	-9.621946003634133e-11	9.621946003634133e-11	9.621946003634133e-11
1.724	-1.0382351809565231e-10	1.0382351809565231e-10	1.0382351809565231e-10
1.726	-1.1101783216148348e-10	1.1101783216148348e-10	1.1101783216148348e-10
1.728	-1.1777400956298267e-10	1.1777400956298267e-10	1.1777400956298267e-10
1.73	-1.2406538675458965e-10	1.2406538675458965e-10	1.2406538675458965e-10
1.732	-1.2986713454473204e-10	1.2986713454473204e-10	1.2986713454473204e-10
1.734	-1.351563560855062e-10	1.351563560855062e-10	1.351563560855062e-10
1.736	-1.3991217723584568e-10	1.3991217723584568e-10	1.3991217723584568e-10
1.738	-1.441158289424607e-10	1.441158289424607e-10	1.441158289424607e-10
1.74	-1.4775072131246694e-10	1.4775072131246694e-10	1.4775072131246694e-10
1.742	-1.5080250908636945e-10	1.5080250908636945e-10	1.5080250908636945e-10
1.744	-1.5325914825200502e-10	1.5325914825200502e-10	1.5325914825200502e-10
1.746	-1.5511094357691673e-10	1.5511094357691673e-10	1.5511094357691673e-10
1.748	-1.5635058687101462e-10	1.5635058687101462e-10	1.5635058687101462e-10
1.75	-1.569731858284863e-10	1.569731858284863e-10	1.569731858284863e-10
1.752	-1.5697628333575508e-10	1.5697628333575508e-10	1.5697628333575508e-10
1.754	-1.563598671683047e-10	1.563598671683047e-10	1.563598671683047e-10
1.756	-1.551263700392044e-10	1.551263700392044e-10	1.551263700392044e-10
1.758	-1.5328065999802175e-10	1.5328065999802175e-10	1.5328065999802175e-10
1.76	-1.508300212191338e-10	1.508300212191338e-10	1.508300212191338e-10
1.762	-1.4778412525415874e-10	1.4778412525415874e-10	1.4778412525415874e-10
1.764	-1.441549928629338e-10	1.441549928629338e-10	1.441549928629338e-10
1.766	-1.3995694657306337e-10	1.3995694657306337e-10	1.3995694657306337e-10
1.768	-1.3520655415528424e-10	1.3520655415528424e-10	1.3520655415528424e-10
1.77	-1.2992256323828299e-10	1.2992256323828299e-10	1.2992256323828299e-10
1.772	-1.2412582732012476e-10	1.2412582732012476e-10	1.2412582732012476e-10
1.774	-1.1783922346925806e-10	1.1783922346925806e-10	1.1783922346925806e-10
1.776	-1.1108756203896378e-10	1.1108756203896378e-10	1.1108756203896378e-10
1.778	-1.0389748875237094e-10	1.0389748875237094e-10	1.0389748875237094e-10
1.78	-9.629737954394315e-11	9.629737954394315e-11	9.629737954394315e-11
1.782	-8.8317228572521e-11	8.8317228572521e-11	8.8317228572521e-11
1.784	-7.99885298482468e-11	7.99885298482468e-11	7.99885298482468e-11
1.786	-7.134415293992683e-11	7.134415293992683e-11	7.134415293992683e-11
1.788	-6.241821325401269e-11	6.241821325401269e-11	6.241821325401269e-11
1.79	-5.324593739653971e-11	5.324593739653971e-11	5.324593739653971e-11
1.792	-4.3863524149929416e-11	4.3863524149929416e-11	4.3863524149929416e-11
1.794	-3.430800161283122e-11	3.430800161283122e-11	3.430800161283122e-11
1.796	-2.4617081067199148e-11	2.4617081067199148e-11	2.4617081067199148e-11
1.798	-1.482900814907582e-11	1.482900814907582e-11	1.482900814907582e-11
1.8	-4.982411910513729e-12	4.982411910513729e-12	4.982411910513729e-12
1.802	4.883847631610757e-12	-4.883847631610757e-12	-4.883847631610757e-12
1.804	1.473083285834927e-11	-1.473083285834927e-11	-1.473083285834927e-11
1.806	2.4519682217677897e-11	-2.4519682217677897e-11	-2.4519682217677897e-11
1.808	3.4211763593263494e-11	-3.4211763593263494e-11	-3.4211763593263494e-11
1.81	4.3768826767822883e-11	-4.3768826767822883e-11	-4.3768826767822883e-11
1.812	5.3153154379201426e-11	-5.3153154379201426e-11	-5.3153154379201426e-11
1.814	6.23277107736046e-11	-6.23277107736046e-11	-6.23277107736046e-11
1.816	7.12562881684193e-11	-7.12562881684193e-11	-7.12562881684193e-11
1.818	7.990364954771959e-11	-7.990364954771959e-11	-7.990364954771959e-11
1.82	8.823566772677827e-11	-8.823566772677827e-11	-8.823566772677827e-11
1.822	9.621946003634174e-11	-9.621946003634174e-11	-9.621946003634174e-11
1.824	1.0382351809565293e-10	-1.0382351809565293e-10	-1.0382351809565293e-10
1.826	1.1101783216147128e-10	-1.1101783216147128e-10	-1.1101783216147128e-10
1.828	1.177740095629957e-10	-1.177740095629957e-10	-1.177740095629957e-10
1.83	1.2406538675458986e-10	-1.2406538675458986e-10	-1.2406538675458986e-10
1.832	1.2986713454473224e-10	-1.2986713454473224e-10	-1.2986713454473224e-10
1.834	1.351563560855066e-10	-1.351563560855066e-10	-1.351563560855066e-10
1.836	1.399121772358461e-10	-1.399121772358461e-10	-1.399121772358461e-10
1.838	1.4411582894246111e-10	-1.4411582894246111e-10	-1.4411582894246111e-10
1.84	1.4775072131246714e-10	-1.4775072131246714e-10	-1.4775072131246714e-10
1.842	1.5080250908636966e-10	-1.5080250908636966e-10	-1.5080250908636966e-10
1.844	1.5325914825198764e-10	-1.5325914825198764e-10	-1.5325914825198764e-10
1.846	1.5511094357693416e-10	-1.5511094357693416e-10	-1.5511094357693416e-10
1.848	1.5635058687101482e-10	-1.5635058687101482e-10	-1.5635058687101482e-10
1.85	1.5697318582848632e-10	-1.5697318582848632e-10	-1.5697318582848632e-10
1.852	1.5697628333575508e-10	-1.5697628333575508e-10	-1.5697628333575508e-10
1.854	1.563598671683046e-10	-1.563598671683046e-10	-1.563598671683046e-10
1.856	1.5512637003920435e-10	-1.5512637003920435e-10	-1.5512637003920435e-10
1.858	1.5328065999802165e-10	-1.5328065999802165e-10	-1.5328065999802165e-10
1.86	1.508300212191337e-10	-1.508300212191337e-10	-1.508300212191337e-10
1.862	1.477841252541422e-10	-1.477841252541422e-10	-1.477841252541422e-10
1.864	1.4415499286295023e-10	-1.4415499286295023e-10	-1.4415499286295023e-10
1.866	1.3995694657306296e-10	-1.3995694657306296e-10	-1.3995694657306296e-10
1.868	1.3520655415528383e-10	-1.3520655415528383e-10	-1.3520655415528383e-10
1.87	1.2992256323828257e-10	-1.2992256323828257e-10	-1.2992256323828257e-10
1.872	1.2412582732012455e-10	-1.2412582732012455e-10	-1.2412582732012455e-10
1.874	1.1783922346925765e-10	-1.1783922346925765e-10	-1.1783922346925765e-10
1.8760000000000001	1.1108756203895158e-10	-1.1108756203895158e-10	-1.1108756203895158e-10
1.8780000000000001	1.038974887523821e-10	-1.038974887523821e-10	-1.038974887523821e-10
1.8800000000000001	9.629737954394232e-11	-9.629737954394232e-11	-9.629737954394232e-11
1.8820000000000001	8.831722857252018e-11	-8.831722857252018e-11	-8.831722857252018e-11
1.8840000000000001	7.998852984824639e-11	-7.998852984824639e-11	-7.998852984824639e-11
1.8860000000000001	7.134415293992683e-11	-7.134415293992683e-11	-7.134415293992683e-11
1.8880000000000001	6.241821325401228e-11	-6.241821325401228e-11	-6.241821325401228e-11
1.8900000000000001	5.324593739653971e-11	-5.324593739653971e-11	-5.324593739653971e-11
1.8920000000000001	4.386352414992859e-11	-4.386352414992859e-11	-4.386352414992859e-11
1.8940000000000001	3.4308001612827496e-11	-3.4308001612827496e-11	-3.4308001612827496e-11
1.8960000000000001	2.461708106720163e-11	-2.461708106720163e-11	-2.461708106720163e-11
1.8980000000000001	1.4829008149074992e-11	-1.4829008149074992e-11	-1.4829008149074992e-11
1.9000000000000001	4.982411910513315e-12	-4.982411910513315e-12	-4.982411910513315e-12
1.9020000000000001	-4.883847631611171e-12	4.883847631611171e-12	4.883847631611171e-12
1.9040000000000001	-1.473083285835051e-11	1.473083285835051e-11	1.473083285835051e-11
1.9060000000000001	-2.451968221767831e-11	2.451968221767831e-11	2.451968221767831e-11
1.9080000000000001	-3.421176359326391e-11	3.421176359326391e-11	3.421176359326391e-11
1.9100000000000001	-4.376882676782371e-11	4.376882676782371e-11	4.376882676782371e-11
1.9120000000000001	-5.315315437919522e-11	5.315315437919522e-11	5.315315437919522e-11
1.9140000000000001	-6.232771077361081e-11	6.232771077361081e-11	6.232771077361081e-11
1.9160000000000001	-7.125628816842012e-11	7.125628816842012e-11	7.125628816842012e-11
1.9180000000000001	-7.990364954772042e-11	7.990364954772042e-11	7.990364954772042e-11
1.92	-8.823566772676834e-11	8.823566772676834e-11	8.823566772676834e-11
1.922	-9.621946003634133e-11	9.621946003634133e-11	9.621946003634133e-11
1.924	-1.0382351809565231e-10	1.0382351809565231e-10	1.0382351809565231e-10
1.926	-1.1101783216147024e-10	1.1101783216147024e-10	1.1101783216147024e-10
1.928	-1.1777400956299529e-10	1.1777400956299529e-10	1.1777400956299529e-10
1.93	-1.2406538675457517e-10	1.2406538675457517e-10	1.2406538675457517e-10
1.932	-1.298671345447465e-10	1.298671345447465e-10	1.298671345447465e-10
1.934	-1.351563560855062e-10	1.351563560855062e-10	1.351563560855062e-10
1.936	-1.399121772358461e-10	1.399121772358461e-10	1.399121772358461e-10
1.938	-1.441158289424609e-10	1.441158289424609e-10	1.441158289424609e-10
1.94	-1.4775072131246683e-10	1.4775072131246683e-10	1.4775072131246683e-10
1.942	-1.5080250908636945e-10	1.5080250908636945e-10	1.5080250908636945e-10
1.944	-1.5325914825198754e-10	1.5325914825198754e-10	1.5325914825198754e-10
1.946	-1.551109435769339e-10	1.551109435769339e-10	1.551109435769339e-10
1.948	-1.5635058687099706e-10	1.5635058687099706e-10	1.5635058687099706e-10
1.95	-1.5697318582850382e-10	1.5697318582850382e-10	1.5697318582850382e-10
1.952	-1.5697628333575519e-10	1.5697628333575519e-10	1.5697628333575519e-10
1.954	-1.5635986716830465e-10	1.5635986716830465e-10	1.5635986716830465e-10
1.956	-1.551263700392045e-10	1.551263700392045e-10	1.551263700392045e-10
1.958	-1.532806599980218e-10	1.532806599980218e-10	1.532806599980218e-10
1.96	-1.508300212191337e-10	1.508300212191337e-10	1.508300212191337e-10
1.962	-1.477841252541423e-10	1.477841252541423e-10	1.477841252541423e-10
1.964	-1.4415499286295044e-10	1.4415499286295044e-10	1.4415499286295044e-10
1.966	-1.3995694657306316e-10	1.3995694657306316e-10	1.3995694657306316e-10
1.968	-1.3520655415528404e-10	1.3520655415528404e-10	1.3520655415528404e-10
1.97	-1.299225632382832e-10	1.299225632382832e-10	1.299225632382832e-10
1.972	-1.2412582732012476e-10	1.2412582732012476e-10	1.2412582732012476e-10
1.974	-1.1783922346925786e-10	1.1783922346925786e-10	1.1783922346925786e-10
1.976	-1.110875620389524e-10	1.110875620389524e-10	1.110875620389524e-10
1.978	-1.0389748875238231e-10	1.0389748875238231e-10	1.0389748875238231e-10
1.98	-9.629737954393198e-11	9.629737954393198e-11	9.629737954393198e-11
1.982	-8.831722857253093e-11	8.831722857253093e-11	8.831722857253093e-11
1.984	-7.998852984824722e-11	7.998852984824722e-11	7.998852984824722e-11
1.986	-7.134415293992683e-11	7.134415293992683e-11	7.134415293992683e-11
1.988	-6.241821325401269e-11	6.241821325401269e-11	6.241821325401269e-11
1.99	-5.324593739653971e-11	5.324593739653971e-11	5.324593739653971e-11
1.992	-4.3863524149929e-11	4.3863524149929e-11	4.3863524149929e-11
1.994	-3.4308001612827496e-11	3.4308001612827496e-11	3.4308001612827496e-11
1.996	-2.461708106720287e-11	2.461708106720287e-11	2.461708106720287e-11
1.998	-1.482900814907458e-11	1.482900814907458e-11	1.482900814907458e-11
2.0	-4.9824119105149696e-12	4.9824119105149696e-12	4.9824119105149696e-12
