1e-05	-0.000986635	-5.17268e-06
2e-05	-0.00344933	-0.00394264
3e-05	-0.00663839	-0.00786455
4e-05	-0.0101712	-0.0117554
5e-05	-0.0138489	-0.0155999
6e-05	-0.0175645	-0.0193828
7e-05	-0.021257	-0.0230892
8e-05	-0.0248887	-0.0267045
9e-05	-0.0284337	-0.0302144
0.0001	-0.0318723	-0.0336051
0.00011	-0.035188	-0.0368631
0.00012	-0.0383663	-0.0399757
0.00013	-0.0413939	-0.0429305
0.00014	-0.0442585	-0.0457158
0.00015	-0.0469486	-0.0483208
0.00016	-0.0494535	-0.050735
0.00017	-0.0517633	-0.052949
0.00018	-0.0538688	-0.0549541
0.00019	-0.0557618	-0.0567423
0.0002	-0.0574347	-0.0583065
0.00021	-0.0588809	-0.0596406
0.00022	-0.0600947	-0.0607394
0.00023	-0.0610714	-0.0615984
0.00024	-0.061807	-0.0622144
0.00025	-0.0622988	-0.0625848
0.00026	-0.0625446	-0.0627082
0.00027	-0.0625437	-0.0625841
0.00028	-0.0622959	-0.0622131
0.00029	-0.0618022	-0.0615965
0.0003	-0.0610647	-0.0607368
0.00031	-0.0600861	-0.0596374
0.00032	-0.0588704	-0.0583027
0.00033	-0.0574224	-0.0567379
0.00034	-0.0557478	-0.0549491
0.00035	-0.0538531	-0.0529435
0.00036	-0.0517459	-0.050729
0.00037	-0.0494345	-0.0483142
0.00038	-0.046928	-0.0457088
0.00039	-0.0442363	-0.042923
0.0004	-0.04137	-0.0399677
0.00041	-0.0383405	-0.0368548
0.00042	-0.0351596	-0.0335964
0.00043	-0.03184	-0.0302054
0.00044	-0.0283947	-0.0266952
0.00045	-0.0248374	-0.0230796
0.00046	-0.021182	-0.019373
0.00047	-0.0174431	-0.0155899
0.00048	-0.0136353	-0.0117453
0.00049	-0.00977367	-0.00785433
0.0005	-0.00587349	-0.00393236
0.00051	-0.00195013	5.13169e-06
0.00052	0.00198093	0.0039426
0.00053	0.00590417	0.00786451
0.00054	0.0098041	0.0117554
0.00055	0.0136654	0.0155999
0.00056	0.0174727	0.0193828
0.00057	0.021211	0.0230892
0.00058	0.0248657	0.0267045
0.00059	0.0284222	0.0302144
0.0006	0.0318665	0.0336051
0.00061	0.0351851	0.0368631
0.00062	0.0383648	0.0399756
0.00063	0.0413932	0.0429304
0.00064	0.0442581	0.0457158
0.00065	0.0469484	0.0483207
0.00066	0.0494534	0.050735
0.00067	0.0517632	0.052949
0.00068	0.0538688	0.0549541
0.00069	0.0557618	0.0567422
0.0007	0.0574346	0.0583065
0.00071	0.0588809	0.0596406
0.00072	0.0600947	0.0607394
0.00073	0.0610714	0.0615984
0.00074	0.061807	0.0622143
0.00075	0.0622988	0.0625848
0.00076	0.0625446	0.0627082
0.00077	0.0625437	0.0625841
0.00078	0.0622959	0.0622131
0.00079	0.0618022	0.0615965
0.0008	0.0610647	0.0607368
0.00081	0.0600861	0.0596374
0.00082	0.0588704	0.0583027
0.00083	0.0574224	0.0567379
0.00084	0.0557478	0.0549491
0.00085	0.0538531	0.0529435
0.00086	0.051746	0.050729
0.00087	0.0494346	0.0483142
0.00088	0.0469281	0.0457088
0.00089	0.0442364	0.042923
0.0009	0.0413701	0.0399678
0.00091	0.0383405	0.0368548
0.00092	0.0351597	0.0335964
0.00093	0.0318401	0.0302054
0.00094	0.0283948	0.0266952
0.00095	0.0248374	0.0230797
0.00096	0.0211821	0.019373
0.00097	0.0174431	0.01559
0.00098	0.0136353	0.0117453
0.00099	0.00977372	0.00785437
0.001	0.00587353	0.0039324
0.00101	0.00195017	-5.0907e-06
0.00102	-0.00198089	-0.00394256
0.00103	-0.00590413	-0.00786447
0.00104	-0.00980406	-0.0117553
0.00105	-0.0136653	-0.0155998
0.00106	-0.0174726	-0.0193827
0.00107	-0.021211	-0.0230891
0.00108	-0.0248656	-0.0267044
0.00109	-0.0284222	-0.0302144
0.0011	-0.0318665	-0.033605
0.00111	-0.0351851	-0.0368631
0.00112	-0.0383648	-0.0399756
0.00113	-0.0413931	-0.0429304
0.00114	-0.0442581	-0.0457158
0.00115	-0.0469484	-0.0483207
0.00116	-0.0494534	-0.050735
0.00117	-0.0517632	-0.052949
0.00118	-0.0538688	-0.054954
0.00119	-0.0557617	-0.0567422
0.0012	-0.0574346	-0.0583065
0.00121	-0.0588808	-0.0596406
0.00122	-0.0600947	-0.0607393
0.00123	-0.0610714	-0.0615984
0.00124	-0.061807	-0.0622143
0.00125	-0.0622988	-0.0625848
0.00126	-0.0625446	-0.0627082
0.00127	-0.0625437	-0.0625841
0.00128	-0.0622959	-0.0622131
0.00129	-0.0618022	-0.0615965
0.0013	-0.0610647	-0.0607368
0.00131	-0.0600861	-0.0596375
0.00132	-0.0588704	-0.0583027
0.00133	-0.0574224	-0.0567379
0.00134	-0.0557478	-0.0549492
0.00135	-0.0538532	-0.0529436
0.00136	-0.051746	-0.050729
0.00137	-0.0494346	-0.0483143
0.00138	-0.0469281	-0.0457088
0.00139	-0.0442364	-0.042923
0.0014	-0.0413701	-0.0399678
0.00141	-0.0383406	-0.0368549
0.00142	-0.0351597	-0.0335965
0.00143	-0.0318401	-0.0302055
0.00144	-0.0283948	-0.0266953
0.00145	-0.0248375	-0.0230797
0.00146	-0.0211821	-0.0193731
0.00147	-0.0174432	-0.01559
0.00148	-0.0136354	-0.0117454
0.00149	-0.00977376	-0.00785441
0.0015	-0.00587357	-0.00393244
0.00151	-0.00195021	5.04972e-06
0.00152	0.00198084	0.00394252
0.00153	0.00590408	0.00786443
0.00154	0.00980402	0.0117553
0.00155	0.0136653	0.0155998
0.00156	0.0174726	0.0193827
0.00157	0.0212109	0.0230891
0.00158	0.0248656	0.0267044
0.00159	0.0284221	0.0302143
0.0016	0.0318665	0.033605
0.00161	0.0351851	0.036863
0.00162	0.0383648	0.0399756
0.00163	0.0413931	0.0429304
0.00164	0.0442581	0.0457157
0.00165	0.0469484	0.0483207
0.00166	0.0494534	0.0507349
0.00167	0.0517632	0.052949
0.00168	0.0538688	0.054954
0.00169	0.0557617	0.0567422
0.0017	0.0574346	0.0583064
0.00171	0.0588808	0.0596406
0.00172	0.0600947	0.0607393
0.00173	0.0610714	0.0615984
0.00174	0.061807	0.0622143
0.00175	0.0622988	0.0625848
0.00176	0.0625446	0.0627082
0.00177	0.0625437	0.0625841
0.00178	0.0622959	0.0622131
0.00179	0.0618022	0.0615965
0.0018	0.0610647	0.0607368
0.00181	0.0600861	0.0596375
0.00182	0.0588705	0.0583027
0.00183	0.0574225	0.0567379
0.00184	0.0557478	0.0549492
0.00185	0.0538532	0.0529436
0.00186	0.051746	0.050729
0.00187	0.0494346	0.0483143
0.00188	0.0469281	0.0457089
0.00189	0.0442364	0.042923
0.0019	0.0413701	0.0399678
0.00191	0.0383406	0.0368549
0.00192	0.0351597	0.0335965
0.00193	0.0318401	0.0302055
0.00194	0.0283948	0.0266953
0.00195	0.0248375	0.0230798
0.00196	0.0211822	0.0193731
0.00197	0.0174432	0.01559
0.00198	0.0136354	0.0117454
0.00199	0.0097738	0.00785445
0.002	0.00587362	0.00393248
0.00201	0.00195025	-5.00873e-06
0.00202	-0.0019808	-0.00394248
0.00203	-0.00590404	-0.00786439
0.00204	-0.00980398	-0.0117553
0.00205	-0.0136652	-0.0155997
0.00206	-0.0174725	-0.0193827
0.00207	-0.0212109	-0.0230891
0.00208	-0.0248656	-0.0267044
0.00209	-0.0284221	-0.0302143
0.0021	-0.0318664	-0.0336049
0.00211	-0.035185	-0.036863
0.00212	-0.0383647	-0.0399756
0.00213	-0.0413931	-0.0429303
0.00214	-0.044258	-0.0457157
0.00215	-0.0469483	-0.0483207
0.00216	-0.0494533	-0.0507349
0.00217	-0.0517632	-0.0529489
0.00218	-0.0538687	-0.054954
0.00219	-0.0557617	-0.0567422
0.0022	-0.0574346	-0.0583064
0.00221	-0.0588808	-0.0596406
0.00222	-0.0600947	-0.0607393
0.00223	-0.0610714	-0.0615984
0.00224	-0.061807	-0.0622143
0.00225	-0.0622988	-0.0625848
0.00226	-0.0625446	-0.0627082
0.00227	-0.0625437	-0.0625841
0.00228	-0.0622959	-0.0622131
0.00229	-0.0618022	-0.0615965
0.0023	-0.0610647	-0.0607368
0.00231	-0.0600862	-0.0596375
0.00232	-0.0588705	-0.0583028
0.00233	-0.0574225	-0.0567379
0.00234	-0.0557478	-0.0549492
0.00235	-0.0538532	-0.0529436
0.00236	-0.051746	-0.0507291
0.00237	-0.0494346	-0.0483143
0.00238	-0.0469281	-0.0457089
0.00239	-0.0442364	-0.0429231
0.0024	-0.0413702	-0.0399679
0.00241	-0.0383406	-0.0368549
0.00242	-0.0351598	-0.0335965
0.00243	-0.0318402	-0.0302055
0.00244	-0.0283949	-0.0266953
0.00245	-0.0248376	-0.0230798
0.00246	-0.0211822	-0.0193732
0.00247	-0.0174432	-0.0155901
0.00248	-0.0136354	-0.0117455
0.00249	-0.00977384	-0.00785449
0.0025	-0.00587366	-0.00393252
0.00251	-0.0019503	4.96775e-06
0.00252	0.00198076	0.00394244
0.00253	0.005904	0.00786435
0.00254	0.00980394	0.0117552
0.00255	0.0136652	0.0155997
0.00256	0.0174725	0.0193826
0.00257	0.0212109	0.023089
0.00258	0.0248655	0.0267043
0.00259	0.028422	0.0302142
0.0026	0.0318664	0.0336049
0.00261	0.035185	0.036863
0.00262	0.0383647	0.0399755
0.00263	0.041393	0.0429303
0.00264	0.044258	0.0457157
0.00265	0.0469483	0.0483206
0.00266	0.0494533	0.0507349
0.00267	0.0517632	0.0529489
0.00268	0.0538687	0.054954
0.00269	0.0557617	0.0567422
0.0027	0.0574346	0.0583064
0.00271	0.0588808	0.0596406
0.00272	0.0600947	0.0607393
0.00273	0.0610713	0.0615984
0.00274	0.061807	0.0622143
0.00275	0.0622988	0.0625848
0.00276	0.0625446	0.0627082
0.00277	0.0625437	0.0625841
0.00278	0.0622959	0.0622131
0.00279	0.0618023	0.0615965
0.0028	0.0610647	0.0607369
0.00281	0.0600862	0.0596375
0.00282	0.0588705	0.0583028
0.00283	0.0574225	0.056738
0.00284	0.0557479	0.0549492
0.00285	0.0538532	0.0529436
0.00286	0.051746	0.0507291
0.00287	0.0494347	0.0483143
0.00288	0.0469282	0.0457089
0.00289	0.0442365	0.0429231
0.0029	0.0413702	0.0399679
0.00291	0.0383407	0.036855
0.00292	0.0351598	0.0335966
0.00293	0.0318402	0.0302056
0.00294	0.0283949	0.0266954
0.00295	0.0248376	0.0230798
0.00296	0.0211822	0.0193732
0.00297	0.0174433	0.0155901
0.00298	0.0136355	0.0117455
0.00299	0.00977388	0.00785453
0.003	0.0058737	0.00393256
0.00301	0.00195034	-4.92676e-06
0.00302	-0.00198072	-0.0039424
0.00303	-0.00590396	-0.00786431
0.00304	-0.0098039	-0.0117552
0.00305	-0.0136652	-0.0155997
0.00306	-0.0174725	-0.0193826
0.00307	-0.0212108	-0.023089
0.00308	-0.0248655	-0.0267043
0.00309	-0.028422	-0.0302142
0.0031	-0.0318664	-0.0336049
0.00311	-0.035185	-0.0368629
0.00312	-0.0383647	-0.0399755
0.00313	-0.041393	-0.0429303
0.00314	-0.044258	-0.0457157
0.00315	-0.0469483	-0.0483206
0.00316	-0.0494533	-0.0507349
0.00317	-0.0517631	-0.0529489
0.00318	-0.0538687	-0.054954
0.00319	-0.0557617	-0.0567421
0.0032	-0.0574346	-0.0583064
0.00321	-0.0588808	-0.0596405
0.00322	-0.0600946	-0.0607393
0.00323	-0.0610713	-0.0615984
0.00324	-0.061807	-0.0622143
0.00325	-0.0622988	-0.0625847
0.00326	-0.0625446	-0.0627082
0.00327	-0.0625437	-0.0625841
0.00328	-0.0622959	-0.0622131
0.00329	-0.0618023	-0.0615965
0.0033	-0.0610647	-0.0607369
0.00331	-0.0600862	-0.0596375
0.00332	-0.0588705	-0.0583028
0.00333	-0.0574225	-0.056738
0.00334	-0.0557479	-0.0549492
0.00335	-0.0538532	-0.0529436
0.00336	-0.0517461	-0.0507291
0.00337	-0.0494347	-0.0483144
0.00338	-0.0469282	-0.0457089
0.00339	-0.0442365	-0.0429231
0.0034	-0.0413702	-0.0399679
0.00341	-0.0383407	-0.036855
0.00342	-0.0351598	-0.0335966
0.00343	-0.0318402	-0.0302056
0.00344	-0.028395	-0.0266954
0.00345	-0.0248376	-0.0230799
0.00346	-0.0211823	-0.0193732
0.00347	-0.0174433	-0.0155902
0.00348	-0.0136355	-0.0117455
0.00349	-0.00977392	-0.00785457
0.0035	-0.00587374	-0.0039326
0.00351	-0.00195038	4.88578e-06
0.00352	0.00198068	0.00394235
0.00353	0.00590392	0.00786426
0.00354	0.00980386	0.0117551
0.00355	0.0136651	0.0155996
0.00356	0.0174724	0.0193825
0.00357	0.0212108	0.023089
0.00358	0.0248655	0.0267043
0.00359	0.028422	0.0302142
0.0036	0.0318663	0.0336048
0.00361	0.0351849	0.0368629
0.00362	0.0383647	0.0399755
0.00363	0.041393	0.0429303
0.00364	0.0442579	0.0457156
0.00365	0.0469482	0.0483206
0.00366	0.0494533	0.0507348
0.00367	0.0517631	0.0529489
0.00368	0.0538687	0.0549539
0.00369	0.0557616	0.0567421
0.0037	0.0574345	0.0583064
0.00371	0.0588808	0.0596405
0.00372	0.0600946	0.0607393
0.00373	0.0610713	0.0615984
0.00374	0.061807	0.0622143
0.00375	0.0622987	0.0625847
0.00376	0.0625446	0.0627082
0.00377	0.0625437	0.0625841
0.00378	0.0622959	0.0622131
0.00379	0.0618023	0.0615965
0.0038	0.0610647	0.0607369
0.00381	0.0600862	0.0596375
0.00382	0.0588705	0.0583028
0.00383	0.0574225	0.056738
0.00384	0.0557479	0.0549493
0.00385	0.0538533	0.0529437
0.00386	0.0517461	0.0507291
0.00387	0.0494347	0.0483144
0.00388	0.0469282	0.045709
0.00389	0.0442365	0.0429232
0.0039	0.0413703	0.039968
0.00391	0.0383407	0.036855
0.00392	0.0351599	0.0335966
0.00393	0.0318403	0.0302056
0.00394	0.028395	0.0266955
0.00395	0.0248377	0.0230799
0.00396	0.0211823	0.0193733
0.00397	0.0174434	0.0155902
0.00398	0.0136356	0.0117456
0.00399	0.00977396	0.00785461
0.004	0.00587378	0.00393264
0.00401	0.00195042	-4.84479e-06
0.00402	-0.00198064	-0.00394231
0.00403	-0.00590388	-0.00786422
0.00404	-0.00980382	-0.0117551
0.00405	-0.0136651	-0.0155996
0.00406	-0.0174724	-0.0193825
0.00407	-0.0212108	-0.0230889
0.00408	-0.0248654	-0.0267042
0.00409	-0.0284219	-0.0302141
0.0041	-0.0318663	-0.0336048
0.00411	-0.0351849	-0.0368629
0.00412	-0.0383646	-0.0399754
0.00413	-0.0413929	-0.0429302
0.00414	-0.0442579	-0.0457156
0.00415	-0.0469482	-0.0483206
0.00416	-0.0494532	-0.0507348
0.00417	-0.0517631	-0.0529489
0.00418	-0.0538687	-0.0549539
0.00419	-0.0557616	-0.0567421
0.0042	-0.0574345	-0.0583064
0.00421	-0.0588808	-0.0596405
0.00422	-0.0600946	-0.0607393
0.00423	-0.0610713	-0.0615984
0.00424	-0.061807	-0.0622143
0.00425	-0.0622987	-0.0625847
0.00426	-0.0625446	-0.0627082
0.00427	-0.0625437	-0.0625841
0.00428	-0.0622959	-0.0622131
0.00429	-0.0618023	-0.0615965
0.0043	-0.0610647	-0.0607369
0.00431	-0.0600862	-0.0596375
0.00432	-0.0588705	-0.0583028
0.00433	-0.0574225	-0.056738
0.00434	-0.0557479	-0.0549493
0.00435	-0.0538533	-0.0529437
0.00436	-0.0517461	-0.0507292
0.00437	-0.0494347	-0.0483144
0.00438	-0.0469282	-0.045709
0.00439	-0.0442366	-0.0429232
0.0044	-0.0413703	-0.039968
0.00441	-0.0383408	-0.0368551
0.00442	-0.0351599	-0.0335967
0.00443	-0.0318403	-0.0302057
0.00444	-0.028395	-0.0266955
0.00445	-0.0248377	-0.0230799
0.00446	-0.0211823	-0.0193733
0.00447	-0.0174434	-0.0155902
0.00448	-0.0136356	-0.0117456
0.00449	-0.009774	-0.00785465
0.0045	-0.00587382	-0.00393268
0.00451	-0.00195046	4.80381e-06
0.00452	0.0019806	0.00394227
0.00453	0.00590384	0.00786418
0.00454	0.00980378	0.0117551
0.00455	0.013665	0.0155995
0.00456	0.0174724	0.0193825
0.00457	0.0212107	0.0230889
0.00458	0.0248654	0.0267042
0.00459	0.0284219	0.0302141
0.0046	0.0318663	0.0336048
0.00461	0.0351849	0.0368628
0.00462	0.0383646	0.0399754
0.00463	0.0413929	0.0429302
0.00464	0.0442579	0.0457156
0.00465	0.0469482	0.0483205
0.00466	0.0494532	0.0507348
0.00467	0.0517631	0.0529488
0.00468	0.0538686	0.0549539
0.00469	0.0557616	0.0567421
0.0047	0.0574345	0.0583064
0.00471	0.0588807	0.0596405
0.00472	0.0600946	0.0607393
0.00473	0.0610713	0.0615983
0.00474	0.061807	0.0622143
0.00475	0.0622987	0.0625847
0.00476	0.0625446	0.0627082
0.00477	0.0625437	0.0625841
0.00478	0.0622959	0.0622131
0.00479	0.0618023	0.0615966
0.0048	0.0610647	0.0607369
0.00481	0.0600862	0.0596375
0.00482	0.0588705	0.0583028
0.00483	0.0574225	0.056738
0.00484	0.0557479	0.0549493
0.00485	0.0538533	0.0529437
0.00486	0.0517461	0.0507292
0.00487	0.0494348	0.0483144
0.00488	0.0469283	0.045709
0.00489	0.0442366	0.0429232
0.0049	0.0413703	0.039968
0.00491	0.0383408	0.0368551
0.00492	0.0351599	0.0335967
0.00493	0.0318403	0.0302057
0.00494	0.0283951	0.0266955
0.00495	0.0248377	0.02308
0.00496	0.0211824	0.0193734
0.00497	0.0174434	0.0155903
0.00498	0.0136356	0.0117457
0.00499	0.00977404	0.00785469
0.005	0.00587386	0.00393273
0.00501	0.0019505	-4.76282e-06
0.00502	-0.00198056	-0.00394223
0.00503	-0.0059038	-0.00786414
0.00504	-0.00980374	-0.011755
0.00505	-0.013665	-0.0155995
0.00506	-0.0174723	-0.0193824
0.00507	-0.0212107	-0.0230888
0.00508	-0.0248653	-0.0267041
0.00509	-0.0284219	-0.0302141
0.0051	-0.0318662	-0.0336047
0.00511	-0.0351848	-0.0368628
0.00512	-0.0383646	-0.0399754
0.00513	-0.0413929	-0.0429302
0.00514	-0.0442579	-0.0457155
0.00515	-0.0469482	-0.0483205
0.00516	-0.0494532	-0.0507348
0.00517	-0.051763	-0.0529488
0.00518	-0.0538686	-0.0549539
0.00519	-0.0557616	-0.0567421
0.0052	-0.0574345	-0.0583063
0.00521	-0.0588807	-0.0596405
0.00522	-0.0600946	-0.0607393
0.00523	-0.0610713	-0.0615983
0.00524	-0.061807	-0.0622143
0.00525	-0.0622987	-0.0625847
0.00526	-0.0625446	-0.0627082
0.00527	-0.0625437	-0.0625841
0.00528	-0.0622959	-0.0622131
0.00529	-0.0618023	-0.0615966
0.0053	-0.0610647	-0.0607369
0.00531	-0.0600862	-0.0596376
0.00532	-0.0588706	-0.0583028
0.00533	-0.0574226	-0.056738
0.00534	-0.0557479	-0.0549493
0.00535	-0.0538533	-0.0529437
0.00536	-0.0517462	-0.0507292
0.00537	-0.0494348	-0.0483145
0.00538	-0.0469283	-0.0457091
0.00539	-0.0442366	-0.0429233
0.0054	-0.0413704	-0.0399681
0.00541	-0.0383408	-0.0368551
0.00542	-0.03516	-0.0335967
0.00543	-0.0318404	-0.0302058
0.00544	-0.0283951	-0.0266956
0.00545	-0.0248378	-0.02308
0.00546	-0.0211824	-0.0193734
0.00547	-0.0174435	-0.0155903
0.00548	-0.0136357	-0.0117457
0.00549	-0.00977408	-0.00785473
0.0055	-0.0058739	-0.00393277
0.00551	-0.00195054	4.72184e-06
0.00552	0.00198052	0.00394219
0.00553	0.00590376	0.0078641
0.00554	0.0098037	0.011755
0.00555	0.013665	0.0155995
0.00556	0.0174723	0.0193824
0.00557	0.0212106	0.0230888
0.00558	0.0248653	0.0267041
0.00559	0.0284218	0.030214
0.0056	0.0318662	0.0336047
0.00561	0.0351848	0.0368628
0.00562	0.0383645	0.0399753
0.00563	0.0413929	0.0429301
0.00564	0.0442578	0.0457155
0.00565	0.0469481	0.0483205
0.00566	0.0494532	0.0507348
0.00567	0.051763	0.0529488
0.00568	0.0538686	0.0549539
0.00569	0.0557616	0.0567421
0.0057	0.0574345	0.0583063
0.00571	0.0588807	0.0596405
0.00572	0.0600946	0.0607393
0.00573	0.0610713	0.0615983
0.00574	0.061807	0.0622143
0.00575	0.0622987	0.0625847
0.00576	0.0625446	0.0627082
0.00577	0.0625437	0.0625841
0.00578	0.0622959	0.0622131
0.00579	0.0618023	0.0615966
0.0058	0.0610648	0.0607369
0.00581	0.0600862	0.0596376
0.00582	0.0588706	0.0583029
0.00583	0.0574226	0.0567381
0.00584	0.055748	0.0549493
0.00585	0.0538533	0.0529438
0.00586	0.0517462	0.0507292
0.00587	0.0494348	0.0483145
0.00588	0.0469283	0.0457091
0.00589	0.0442366	0.0429233
0.0059	0.0413704	0.0399681
0.00591	0.0383409	0.0368552
0.00592	0.03516	0.0335968
0.00593	0.0318404	0.0302058
0.00594	0.0283951	0.0266956
0.00595	0.0248378	0.0230801
0.00596	0.0211825	0.0193734
0.00597	0.0174435	0.0155904
0.00598	0.0136357	0.0117457
0.00599	0.00977412	0.00785477
0.006	0.00587394	0.00393281
0.00601	0.00195058	-4.68085e-06
0.00602	-0.00198048	-0.00394215
0.00603	-0.00590372	-0.00786406
0.00604	-0.00980366	-0.0117549
0.00605	-0.0136649	-0.0155994
0.00606	-0.0174722	-0.0193823
0.00607	-0.0212106	-0.0230888
0.00608	-0.0248653	-0.0267041
0.00609	-0.0284218	-0.030214
0.0061	-0.0318662	-0.0336047
0.00611	-0.0351847	-0.0368627
0.00612	-0.0383645	-0.0399753
0.00613	-0.0413928	-0.0429301
0.00614	-0.0442578	-0.0457155
0.00615	-0.0469481	-0.0483205
0.00616	-0.0494531	-0.0507347
0.00617	-0.051763	-0.0529488
0.00618	-0.0538686	-0.0549538
0.00619	-0.0557615	-0.056742
0.0062	-0.0574345	-0.0583063
0.00621	-0.0588807	-0.0596405
0.00622	-0.0600946	-0.0607392
0.00623	-0.0610713	-0.0615983
0.00624	-0.061807	-0.0622143
0.00625	-0.0622987	-0.0625847
0.00626	-0.0625446	-0.0627082
0.00627	-0.0625437	-0.0625841
0.00628	-0.0622959	-0.0622131
0.00629	-0.0618023	-0.0615966
0.0063	-0.0610648	-0.0607369
0.00631	-0.0600862	-0.0596376
0.00632	-0.0588706	-0.0583029
0.00633	-0.0574226	-0.0567381
0.00634	-0.055748	-0.0549494
0.00635	-0.0538534	-0.0529438
0.00636	-0.0517462	-0.0507292
0.00637	-0.0494348	-0.0483145
0.00638	-0.0469284	-0.0457091
0.00639	-0.0442367	-0.0429233
0.0064	-0.0413704	-0.0399681
0.00641	-0.0383409	-0.0368552
0.00642	-0.03516	-0.0335968
0.00643	-0.0318404	-0.0302058
0.00644	-0.0283952	-0.0266956
0.00645	-0.0248379	-0.0230801
0.00646	-0.0211825	-0.0193735
0.00647	-0.0174436	-0.0155904
0.00648	-0.0136358	-0.0117458
0.00649	-0.00977416	-0.00785481
0.0065	-0.00587398	-0.00393285
0.00651	-0.00195062	4.63987e-06
0.00652	0.00198044	0.00394211
0.00653	0.00590368	0.00786402
0.00654	0.00980362	0.0117549
0.00655	0.0136649	0.0155994
0.00656	0.0174722	0.0193823
0.00657	0.0212106	0.0230887
0.00658	0.0248652	0.026704
0.00659	0.0284218	0.030214
0.0066	0.0318661	0.0336046
0.00661	0.0351847	0.0368627
0.00662	0.0383645	0.0399753
0.00663	0.0413928	0.0429301
0.00664	0.0442578	0.0457155
0.00665	0.0469481	0.0483204
0.00666	0.0494531	0.0507347
0.00667	0.051763	0.0529487
0.00668	0.0538685	0.0549538
0.00669	0.0557615	0.056742
0.0067	0.0574344	0.0583063
0.00671	0.0588807	0.0596405
0.00672	0.0600946	0.0607392
0.00673	0.0610713	0.0615983
0.00674	0.061807	0.0622143
0.00675	0.0622987	0.0625847
0.00676	0.0625446	0.0627082
0.00677	0.0625437	0.0625842
0.00678	0.0622959	0.0622131
0.00679	0.0618023	0.0615966
0.0068	0.0610648	0.0607369
0.00681	0.0600863	0.0596376
0.00682	0.0588706	0.0583029
0.00683	0.0574226	0.0567381
0.00684	0.055748	0.0549494
0.00685	0.0538534	0.0529438
0.00686	0.0517462	0.0507293
0.00687	0.0494349	0.0483145
0.00688	0.0469284	0.0457091
0.00689	0.0442367	0.0429233
0.0069	0.0413704	0.0399681
0.00691	0.0383409	0.0368552
0.00692	0.0351601	0.0335968
0.00693	0.0318405	0.0302059
0.00694	0.0283952	0.0266957
0.00695	0.0248379	0.0230801
0.00696	0.0211825	0.0193735
0.00697	0.0174436	0.0155904
0.00698	0.0136358	0.0117458
0.00699	0.0097742	0.00785485
0.007	0.00587402	0.00393289
0.00701	0.00195066	-4.59888e-06
0.00702	-0.00198039	-0.00394207
0.00703	-0.00590364	-0.00786398
0.00704	-0.00980358	-0.0117549
0.00705	-0.0136648	-0.0155993
0.00706	-0.0174722	-0.0193823
0.00707	-0.0212105	-0.0230887
0.00708	-0.0248652	-0.026704
0.00709	-0.0284217	-0.0302139
0.0071	-0.0318661	-0.0336046
0.00711	-0.0351847	-0.0368627
0.00712	-0.0383644	-0.0399752
0.00713	-0.0413928	-0.04293
0.00714	-0.0442577	-0.0457154
0.00715	-0.0469481	-0.0483204
0.00716	-0.0494531	-0.0507347
0.00717	-0.0517629	-0.0529487
0.00718	-0.0538685	-0.0549538
0.00719	-0.0557615	-0.056742
0.0072	-0.0574344	-0.0583063
0.00721	-0.0588807	-0.0596404
0.00722	-0.0600946	-0.0607392
0.00723	-0.0610713	-0.0615983
0.00724	-0.061807	-0.0622143
0.00725	-0.0622987	-0.0625847
0.00726	-0.0625446	-0.0627082
0.00727	-0.0625437	-0.0625842
0.00728	-0.0622959	-0.0622131
0.00729	-0.0618023	-0.0615966
0.0073	-0.0610648	-0.060737
0.00731	-0.0600863	-0.0596376
0.00732	-0.0588706	-0.0583029
0.00733	-0.0574226	-0.0567381
0.00734	-0.055748	-0.0549494
0.00735	-0.0538534	-0.0529438
0.00736	-0.0517463	-0.0507293
0.00737	-0.0494349	-0.0483146
0.00738	-0.0469284	-0.0457092
0.00739	-0.0442367	-0.0429234
0.0074	-0.0413705	-0.0399682
0.00741	-0.038341	-0.0368552
0.00742	-0.0351601	-0.0335969
0.00743	-0.0318405	-0.0302059
0.00744	-0.0283952	-0.0266957
0.00745	-0.0248379	-0.0230802
0.00746	-0.0211826	-0.0193736
0.00747	-0.0174436	-0.0155905
0.00748	-0.0136358	-0.0117459
0.00749	-0.00977424	-0.0078549
0.0075	-0.00587406	-0.00393293
0.00751	-0.0019507	4.55789e-06
0.00752	0.00198035	0.00394203
0.00753	0.0059036	0.00786394
0.00754	0.00980354	0.0117548
0.00755	0.0136648	0.0155993
0.00756	0.0174721	0.0193822
0.00757	0.0212105	0.0230887
0.00758	0.0248652	0.026704
0.00759	0.0284217	0.0302139
0.0076	0.031866	0.0336046
0.00761	0.0351846	0.0368626
0.00762	0.0383644	0.0399752
0.00763	0.0413927	0.04293
0.00764	0.0442577	0.0457154
0.00765	0.046948	0.0483204
0.00766	0.0494531	0.0507347
0.00767	0.0517629	0.0529487
0.00768	0.0538685	0.0549538
0.00769	0.0557615	0.056742
0.0077	0.0574344	0.0583063
0.00771	0.0588807	0.0596404
0.00772	0.0600945	0.0607392
0.00773	0.0610713	0.0615983
0.00774	0.0618069	0.0622143
0.00775	0.0622987	0.0625847
0.00776	0.0625446	0.0627082
0.00777	0.0625437	0.0625842
0.00778	0.0622959	0.0622131
0.00779	0.0618023	0.0615966
0.0078	0.0610648	0.060737
0.00781	0.0600863	0.0596376
0.00782	0.0588706	0.0583029
0.00783	0.0574226	0.0567381
0.00784	0.055748	0.0549494
0.00785	0.0538534	0.0529438
0.00786	0.0517463	0.0507293
0.00787	0.0494349	0.0483146
0.00788	0.0469284	0.0457092
0.00789	0.0442368	0.0429234
0.0079	0.0413705	0.0399682
0.00791	0.038341	0.0368553
0.00792	0.0351601	0.0335969
0.00793	0.0318405	0.0302059
0.00794	0.0283953	0.0266958
0.00795	0.024838	0.0230802
0.00796	0.0211826	0.0193736
0.00797	0.0174437	0.0155905
0.00798	0.0136359	0.0117459
0.00799	0.00977428	0.00785494
0.008	0.0058741	0.00393297
0.00801	0.00195074	-4.51691e-06
0.00802	-0.00198031	-0.00394199
0.00803	-0.00590356	-0.0078639
0.00804	-0.0098035	-0.0117548
0.00805	-0.0136648	-0.0155993
0.00806	-0.0174721	-0.0193822
0.00807	-0.0212104	-0.0230886
0.00808	-0.0248651	-0.0267039
0.00809	-0.0284216	-0.0302138
0.0081	-0.031866	-0.0336045
0.00811	-0.0351846	-0.0368626
0.00812	-0.0383644	-0.0399752
0.00813	-0.0413927	-0.04293
0.00814	-0.0442577	-0.0457154
0.00815	-0.046948	-0.0483204
0.00816	-0.049453	-0.0507346
0.00817	-0.0517629	-0.0529487
0.00818	-0.0538685	-0.0549538
0.00819	-0.0557615	-0.056742
0.0082	-0.0574344	-0.0583062
0.00821	-0.0588807	-0.0596404
0.00822	-0.0600945	-0.0607392
0.00823	-0.0610712	-0.0615983
0.00824	-0.0618069	-0.0622143
0.00825	-0.0622987	-0.0625847
0.00826	-0.0625446	-0.0627082
0.00827	-0.0625437	-0.0625842
0.00828	-0.0622959	-0.0622131
0.00829	-0.0618023	-0.0615966
0.0083	-0.0610648	-0.060737
0.00831	-0.0600863	-0.0596376
0.00832	-0.0588706	-0.0583029
0.00833	-0.0574227	-0.0567381
0.00834	-0.0557481	-0.0549494
0.00835	-0.0538534	-0.0529439
0.00836	-0.0517463	-0.0507293
0.00837	-0.0494349	-0.0483146
0.00838	-0.0469285	-0.0457092
0.00839	-0.0442368	-0.0429234
0.0084	-0.0413705	-0.0399682
0.00841	-0.038341	-0.0368553
0.00842	-0.0351602	-0.0335969
0.00843	-0.0318406	-0.030206
0.00844	-0.0283953	-0.0266958
0.00845	-0.024838	-0.0230803
0.00846	-0.0211827	-0.0193736
0.00847	-0.0174437	-0.0155906
0.00848	-0.0136359	-0.0117459
0.00849	-0.00977432	-0.00785498
0.0085	-0.00587414	-0.00393301
0.00851	-0.00195079	4.47592e-06
0.00852	0.00198027	0.00394195
0.00853	0.00590351	0.00786386
0.00854	0.00980346	0.0117547
0.00855	0.0136647	0.0155992
0.00856	0.017472	0.0193821
0.00857	0.0212104	0.0230886
0.00858	0.0248651	0.0267039
0.00859	0.0284216	0.0302138
0.0086	0.031866	0.0336045
0.00861	0.0351846	0.0368626
0.00862	0.0383643	0.0399751
0.00863	0.0413927	0.04293
0.00864	0.0442577	0.0457154
0.00865	0.046948	0.0483203
0.00866	0.049453	0.0507346
0.00867	0.0517629	0.0529487
0.00868	0.0538685	0.0549537
0.00869	0.0557615	0.056742
0.0087	0.0574344	0.0583062
0.00871	0.0588806	0.0596404
0.00872	0.0600945	0.0607392
0.00873	0.0610712	0.0615983
0.00874	0.0618069	0.0622143
0.00875	0.0622987	0.0625847
0.00876	0.0625446	0.0627082
0.00877	0.0625437	0.0625842
0.00878	0.0622959	0.0622131
0.00879	0.0618023	0.0615966
0.0088	0.0610648	0.060737
0.00881	0.0600863	0.0596376
0.00882	0.0588707	0.058303
0.00883	0.0574227	0.0567382
0.00884	0.0557481	0.0549495
0.00885	0.0538535	0.0529439
0.00886	0.0517463	0.0507294
0.00887	0.049435	0.0483146
0.00888	0.0469285	0.0457093
0.00889	0.0442368	0.0429235
0.0089	0.0413706	0.0399683
0.00891	0.0383411	0.0368553
0.00892	0.0351602	0.033597
0.00893	0.0318406	0.030206
0.00894	0.0283954	0.0266958
0.00895	0.024838	0.0230803
0.00896	0.0211827	0.0193737
0.00897	0.0174437	0.0155906
0.00898	0.013636	0.011746
0.00899	0.00977436	0.00785502
0.009	0.00587419	0.00393305
0.00901	0.00195083	-4.43494e-06
0.00902	-0.00198023	-0.0039419
0.00903	-0.00590347	-0.00786382
0.00904	-0.00980342	-0.0117547
0.00905	-0.0136647	-0.0155992
0.00906	-0.017472	-0.0193821
0.00907	-0.0212104	-0.0230885
0.00908	-0.024865	-0.0267039
0.00909	-0.0284216	-0.0302138
0.0091	-0.0318659	-0.0336045
0.00911	-0.0351845	-0.0368625
0.00912	-0.0383643	-0.0399751
0.00913	-0.0413926	-0.0429299
0.00914	-0.0442576	-0.0457153
0.00915	-0.0469479	-0.0483203
0.00916	-0.049453	-0.0507346
0.00917	-0.0517629	-0.0529486
0.00918	-0.0538684	-0.0549537
0.00919	-0.0557614	-0.0567419
0.0092	-0.0574344	-0.0583062
0.00921	-0.0588806	-0.0596404
0.00922	-0.0600945	-0.0607392
0.00923	-0.0610712	-0.0615983
0.00924	-0.0618069	-0.0622143
0.00925	-0.0622987	-0.0625847
0.00926	-0.0625446	-0.0627082
0.00927	-0.0625437	-0.0625842
0.00928	-0.0622959	-0.0622132
0.00929	-0.0618023	-0.0615966
0.0093	-0.0610648	-0.060737
0.00931	-0.0600863	-0.0596377
0.00932	-0.0588707	-0.058303
0.00933	-0.0574227	-0.0567382
0.00934	-0.0557481	-0.0549495
0.00935	-0.0538535	-0.0529439
0.00936	-0.0517463	-0.0507294
0.00937	-0.049435	-0.0483147
0.00938	-0.0469285	-0.0457093
0.00939	-0.0442369	-0.0429235
0.0094	-0.0413706	-0.0399683
0.00941	-0.0383411	-0.0368554
0.00942	-0.0351602	-0.033597
0.00943	-0.0318407	-0.030206
0.00944	-0.0283954	-0.0266959
0.00945	-0.0248381	-0.0230803
0.00946	-0.0211827	-0.0193737
0.00947	-0.0174438	-0.0155906
0.00948	-0.013636	-0.011746
0.00949	-0.0097744	-0.00785506
0.0095	-0.00587423	-0.00393309
0.00951	-0.00195087	4.39395e-06
0.00952	0.00198019	0.00394186
0.00953	0.00590343	0.00786378
0.00954	0.00980338	0.0117547
0.00955	0.0136646	0.0155991
0.00956	0.017472	0.0193821
0.00957	0.0212103	0.0230885
0.00958	0.024865	0.0267038
0.00959	0.0284215	0.0302137
0.0096	0.0318659	0.0336044
0.00961	0.0351845	0.0368625
0.00962	0.0383643	0.0399751
0.00963	0.0413926	0.0429299
0.00964	0.0442576	0.0457153
0.00965	0.0469479	0.0483203
0.00966	0.049453	0.0507346
0.00967	0.0517628	0.0529486
0.00968	0.0538684	0.0549537
0.00969	0.0557614	0.0567419
0.0097	0.0574343	0.0583062
0.00971	0.0588806	0.0596404
0.00972	0.0600945	0.0607392
0.00973	0.0610712	0.0615983
0.00974	0.0618069	0.0622143
0.00975	0.0622987	0.0625847
0.00976	0.0625446	0.0627082
0.00977	0.0625437	0.0625842
0.00978	0.0622959	0.0622132
0.00979	0.0618023	0.0615966
0.0098	0.0610648	0.060737
0.00981	0.0600863	0.0596377
0.00982	0.0588707	0.058303
0.00983	0.0574227	0.0567382
0.00984	0.0557481	0.0549495
0.00985	0.0538535	0.0529439
0.00986	0.0517464	0.0507294
0.00987	0.049435	0.0483147
0.00988	0.0469285	0.0457093
0.00989	0.0442369	0.0429235
0.0099	0.0413706	0.0399683
0.00991	0.0383411	0.0368554
0.00992	0.0351603	0.033597
0.00993	0.0318407	0.0302061
0.00994	0.0283954	0.0266959
0.00995	0.0248381	0.0230804
0.00996	0.0211828	0.0193737
0.00997	0.0174438	0.0155907
0.00998	0.013636	0.0117461
0.00999	0.00977444	0.0078551
